time_s,crank_angle_deg,torque_gen_nm,torque_load_kg,torque_fast_native,torque_run_native,cadence_gen_rpm,cadence_raw_rpm,cadence_control_rpm,speed_kph,battery_v,soc_pct,human_power_w,assist_basis_power_w,motor_power_w,support_pct,iq_mode_request,iq_before_profile_limit,iq_requested,iq_allowed,iq_pre_ramp,iq_ref,session,debug_flags,battery_limit,gate_steps,gate_load_ckg,pedalling,torque_cmd_mean_nm,ride_interval,crank_direction,pas_ab,pas_normal_ab,pas_transition_index,pas_last_step,pas_direction_state,pas_inhibit_reason,pas_fwd_run,pas_rev_run,pas_backpedal_confirmed,pas_sampler_forward,pas_sampler_reverse,pas_sampler_invalid,pas_sampler_glitch,pas_sampler_overflow,torque_sensor_valid,pas_sensor_valid,rider_torque_sensor_valid,rider_pas_sensor_valid,elapsed_ticks,fg_processed,fg_delay_active,reverse_bounce_active,pas_invalid_seq_active,fast_iq_slew_ticks,fg_skips_total,fg_resume_count,fg_last_resume_tick,fg_last_resume_elapsed,pas_edge_drop_active,pas_edge_jitter_active,pas_edges_dropped,pas_edges_deferred,reverse_bounce_ticks
0.000250,0.00,0.000,0.000,0,0,0.000,0,0,18.000,39.000,55.000,0,0,0,0,0,0,0,0,0,0,0,144,0,3,70,0,28.000,0,0,0,0,0,0,0,0,0,0,0,0,0,0,0,0,1,1,1,1,1,1,0,0,0,4,0,0,0,0,0,0,0,0,0
0.000500,0.00,0.000,0.000,0,0,0.000,0,0,18.000,39.000,55.000,0,0,0,0,0,0,0,0,0,0,0,144,0,3,70,0,28.000,0,0,0,0,0,0,0,0,0,0,0,0,0,0,0,0,1,1,1,1,1,1,0,0,0,8,0,0,0,0,0,0,0,0,0
0.000750,0.00,0.000,0.000,0,0,0.000,0,0,18.000,39.000,55.000,0,0,0,0,0,0,0,0,0,0,0,144,0,3,70,0,28.000,0,0,0,0,0,0,0,0,0,0,0,0,0,0,0,0,1,1,1,1,1,1,0,0,0,12,0,0,0,0,0,0,0,0,0
0.001000,0.00,0.000,0.000,0,0,0.000,0,0,18.000,39.000,55.000,0,0,0,0,0,0,0,0,0,0,0,144,0,3,70,0,28.000,0,0,0,0,0,0,0,0,0,0,0,0,0,0,0,0,1,1,1,1,1,1,0,0,0,16,0,0,0,0,0,0,0,0,0
0.001250,0.00,0.000,0.000,0,0,0.000,0,0,18.000,39.000,55.000,0,0,0,0,0,0,0,0,0,0,0,144,0,3,70,0,28.000,0,0,0,0,0,0,0,0,0,0,0,0,0,0,0,0,1,1,1,1,1,1,0,0,0,20,0,0,0,0,0,0,0,0,0
0.001500,0.00,0.000,0.000,0,0,0.000,0,0,18.000,39.000,55.000,0,0,0,0,0,0,0,0,0,0,0,144,0,3,70,0,28.000,0,0,0,0,0,0,0,0,0,0,0,0,0,0,0,0,1,1,1,1,1,1,0,0,0,24,0,0,0,0,0,0,0,0,0
0.001750,0.00,0.000,0.000,0,0,0.000,0,0,18.000,39.000,55.000,0,0,0,0,0,0,0,0,0,0,0,144,0,3,70,0,28.000,0,0,0,0,0,0,0,0,0,0,0,0,0,0,0,0,1,1,1,1,1,1,0,0,0,28,0,0,0,0,0,0,0,0,0
0.002000,0.00,0.000,0.000,0,0,0.000,0,0,18.000,39.000,55.000,0,0,0,0,0,0,0,0,0,0,0,144,0,3,70,0,28.000,0,0,0,0,0,0,0,0,0,0,0,0,0,0,0,0,1,1,1,1,1,1,0,0,0,32,0,0,0,0,0,0,0,0,0
0.002250,0.00,0.000,0.000,0,0,0.000,0,0,18.000,39.000,55.000,0,0,0,0,0,0,0,0,0,0,0,144,0,3,70,0,28.000,0,0,0,0,0,0,0,0,0,0,0,0,0,0,0,0,1,1,1,1,1,1,0,0,0,36,0,0,0,0,0,0,0,0,0
0.002500,0.00,0.000,0.000,0,0,0.000,0,0,18.000,39.000,55.000,0,0,0,0,0,0,0,0,0,0,0,144,0,3,70,0,28.000,0,0,0,0,0,0,0,0,0,0,0,0,0,0,0,0,1,1,1,1,1,1,0,0,0,40,0,0,0,0,0,0,0,0,0
0.002750,0.00,0.000,0.000,0,0,0.000,0,0,18.000,39.000,55.000,0,0,0,0,0,0,0,0,0,0,0,144,0,3,70,0,28.000,0,0,0,0,0,0,0,0,0,0,0,0,0,0,0,0,1,1,1,1,1,1,0,0,0,44,0,0,0,0,0,0,0,0,0
0.003000,0.00,0.000,0.000,0,0,0.000,0,0,18.000,39.000,55.000,0,0,0,0,0,0,0,0,0,0,0,144,0,3,70,0,28.000,0,0,0,0,0,0,0,0,0,0,0,0,0,0,0,0,1,1,1,1,1,1,0,0,0,48,0,0,0,0,0,0,0,0,0
0.003250,0.00,0.000,0.000,0,0,0.000,0,0,18.000,39.000,55.000,0,0,0,0,0,0,0,0,0,0,0,144,0,3,70,0,28.000,0,0,0,0,0,0,0,0,0,0,0,0,0,0,0,0,1,1,1,1,1,1,0,0,0,52,0,0,0,0,0,0,0,0,0
0.003500,0.00,0.000,0.000,0,0,0.000,0,0,18.000,39.000,55.000,0,0,0,0,0,0,0,0,0,0,0,144,0,3,70,0,28.000,0,0,0,0,0,0,0,0,0,0,0,0,0,0,0,0,1,1,1,1,1,1,0,0,0,56,0,0,0,0,0,0,0,0,0
0.003750,0.00,0.000,0.000,0,0,0.000,0,0,18.000,39.000,55.000,0,0,0,0,0,0,0,0,0,0,0,144,0,3,70,0,28.000,0,0,0,0,0,0,0,0,0,0,0,0,0,0,0,0,1,1,1,1,1,1,0,0,0,60,0,0,0,0,0,0,0,0,0
0.004000,0.00,0.000,0.000,0,0,0.000,0,0,18.000,39.000,55.000,0,0,0,0,0,0,0,0,0,0,0,144,0,3,70,0,28.000,0,0,0,0,0,0,0,0,0,0,0,0,0,0,0,0,1,1,1,1,1,1,0,0,0,64,0,0,0,0,0,0,0,0,0
0.004250,0.00,0.000,0.000,0,0,0.000,0,0,18.000,39.000,55.000,0,0,0,0,0,0,0,0,0,0,0,144,0,3,70,0,28.000,0,0,0,0,0,0,0,0,0,0,0,0,0,0,0,0,1,1,1,1,1,1,0,0,0,68,0,0,0,0,0,0,0,0,0
0.004500,0.00,0.000,0.000,0,0,0.000,0,0,18.000,39.000,55.000,0,0,0,0,0,0,0,0,0,0,0,144,0,3,70,0,28.000,0,0,0,0,0,0,0,0,0,0,0,0,0,0,0,0,1,1,1,1,1,1,0,0,0,72,0,0,0,0,0,0,0,0,0
0.004750,0.00,0.000,0.000,0,0,0.000,0,0,18.000,39.000,55.000,0,0,0,0,0,0,0,0,0,0,0,144,0,3,70,0,28.000,0,0,0,0,0,0,0,0,0,0,0,0,0,0,0,0,1,1,1,1,1,1,0,0,0,76,0,0,0,0,0,0,0,0,0
0.005000,0.00,0.000,0.000,0,0,0.000,0,0,18.000,39.000,55.000,0,0,0,0,0,0,0,0,0,0,0,144,0,3,70,0,28.000,0,0,0,0,0,0,0,0,0,0,0,0,0,0,0,0,1,1,1,1,1,1,0,0,0,80,0,0,0,0,0,0,0,0,0
0.005250,0.00,0.000,0.000,0,0,0.000,0,0,18.000,39.000,55.000,0,0,0,0,0,0,0,0,0,0,0,144,0,3,70,0,28.000,0,0,0,0,0,0,0,0,0,0,0,0,0,0,0,0,1,1,1,1,1,1,0,0,0,84,0,0,0,0,0,0,0,0,0
0.005500,0.00,0.000,0.000,0,0,0.000,0,0,18.000,39.000,55.000,0,0,0,0,0,0,0,0,0,0,0,144,0,3,70,0,28.000,0,0,0,0,0,0,0,0,0,0,0,0,0,0,0,0,1,1,1,1,1,1,0,0,0,88,0,0,0,0,0,0,0,0,0
0.005750,0.00,0.000,0.000,0,0,0.000,0,0,18.000,39.000,55.000,0,0,0,0,0,0,0,0,0,0,0,144,0,3,70,0,28.000,0,0,0,0,0,0,0,0,0,0,0,0,0,0,0,0,1,1,1,1,1,1,0,0,0,92,0,0,0,0,0,0,0,0,0
0.006000,0.00,0.000,0.000,0,0,0.000,0,0,18.000,39.000,55.000,0,0,0,0,0,0,0,0,0,0,0,144,0,3,70,0,28.000,0,0,0,0,0,0,0,0,0,0,0,0,0,0,0,0,1,1,1,1,1,1,0,0,0,96,0,0,0,0,0,0,0,0,0
0.006250,0.00,0.000,0.000,0,0,0.000,0,0,18.000,39.000,55.000,0,0,0,0,0,0,0,0,0,0,0,144,0,3,70,0,28.000,0,0,0,0,0,0,0,0,0,0,0,0,0,0,0,0,1,1,1,1,1,1,0,0,0,100,0,0,0,0,0,0,0,0,0
0.006500,0.00,0.000,0.000,0,0,0.000,0,0,18.000,39.000,55.000,0,0,0,0,0,0,0,0,0,0,0,144,0,3,70,0,28.000,0,0,0,0,0,0,0,0,0,0,0,0,0,0,0,0,1,1,1,1,1,1,0,0,0,104,0,0,0,0,0,0,0,0,0
0.006750,0.00,0.000,0.000,0,0,0.000,0,0,18.000,39.000,55.000,0,0,0,0,0,0,0,0,0,0,0,144,0,3,70,0,28.000,0,0,0,0,0,0,0,0,0,0,0,0,0,0,0,0,1,1,1,1,1,1,0,0,0,108,0,0,0,0,0,0,0,0,0
0.007000,0.00,0.000,0.000,0,0,0.000,0,0,18.000,39.000,55.000,0,0,0,0,0,0,0,0,0,0,0,144,0,3,70,0,28.000,0,0,0,0,0,0,0,0,0,0,0,0,0,0,0,0,1,1,1,1,1,1,0,0,0,112,0,0,0,0,0,0,0,0,0
0.007250,0.00,0.000,0.000,0,0,0.000,0,0,18.000,39.000,55.000,0,0,0,0,0,0,0,0,0,0,0,144,0,3,70,0,28.000,0,0,0,0,0,0,0,0,0,0,0,0,0,0,0,0,1,1,1,1,1,1,0,0,0,116,0,0,0,0,0,0,0,0,0
0.007500,0.00,0.000,0.000,0,0,0.000,0,0,18.000,39.000,55.000,0,0,0,0,0,0,0,0,0,0,0,144,0,3,70,0,28.000,0,0,0,0,0,0,0,0,0,0,0,0,0,0,0,0,1,1,1,1,1,1,0,0,0,120,0,0,0,0,0,0,0,0,0
0.007750,0.00,0.000,0.000,0,0,0.000,0,0,18.000,39.000,55.000,0,0,0,0,0,0,0,0,0,0,0,144,0,3,70,0,28.000,0,0,0,0,0,0,0,0,0,0,0,0,0,0,0,0,1,1,1,1,1,1,0,0,0,124,0,0,0,0,0,0,0,0,0
0.008000,0.00,0.000,0.000,0,0,0.000,0,0,18.000,39.000,55.000,0,0,0,0,0,0,0,0,0,0,0,144,0,3,70,0,28.000,0,0,0,0,0,0,0,0,0,0,0,0,0,0,0,0,1,1,1,1,1,1,0,0,0,128,0,0,0,0,0,0,0,0,0
0.008250,0.00,0.000,0.000,0,0,0.000,0,0,18.000,39.000,55.000,0,0,0,0,0,0,0,0,0,0,0,144,0,3,70,0,28.000,0,0,0,0,0,0,0,0,0,0,0,0,0,0,0,0,1,1,1,1,1,1,0,0,0,132,0,0,0,0,0,0,0,0,0
0.008500,0.00,0.000,0.000,0,0,0.000,0,0,18.000,39.000,55.000,0,0,0,0,0,0,0,0,0,0,0,144,0,3,70,0,28.000,0,0,0,0,0,0,0,0,0,0,0,0,0,0,0,0,1,1,1,1,1,1,0,0,0,136,0,0,0,0,0,0,0,0,0
0.008750,0.00,0.000,0.000,0,0,0.000,0,0,18.000,39.000,55.000,0,0,0,0,0,0,0,0,0,0,0,144,0,3,70,0,28.000,0,0,0,0,0,0,0,0,0,0,0,0,0,0,0,0,1,1,1,1,1,1,0,0,0,140,0,0,0,0,0,0,0,0,0
0.009000,0.00,0.000,0.000,0,0,0.000,0,0,18.000,39.000,55.000,0,0,0,0,0,0,0,0,0,0,0,144,0,3,70,0,28.000,0,0,0,0,0,0,0,0,0,0,0,0,0,0,0,0,1,1,1,1,1,1,0,0,0,144,0,0,0,0,0,0,0,0,0
0.009250,0.00,0.000,0.000,0,0,0.000,0,0,18.000,39.000,55.000,0,0,0,0,0,0,0,0,0,0,0,144,0,3,70,0,28.000,0,0,0,0,0,0,0,0,0,0,0,0,0,0,0,0,1,1,1,1,1,1,0,0,0,148,0,0,0,0,0,0,0,0,0
0.009500,0.00,0.000,0.000,0,0,0.000,0,0,18.000,39.000,55.000,0,0,0,0,0,0,0,0,0,0,0,144,0,3,70,0,28.000,0,0,0,0,0,0,0,0,0,0,0,0,0,0,0,0,1,1,1,1,1,1,0,0,0,152,0,0,0,0,0,0,0,0,0
0.009750,0.00,0.000,0.000,0,0,0.000,0,0,18.000,39.000,55.000,0,0,0,0,0,0,0,0,0,0,0,144,0,3,70,0,28.000,0,0,0,0,0,0,0,0,0,0,0,0,0,0,0,0,1,1,1,1,1,1,0,0,0,156,0,0,0,0,0,0,0,0,0
0.010000,0.00,0.000,0.000,0,0,0.000,0,0,18.000,39.000,55.000,0,0,0,0,0,0,0,0,0,0,0,144,0,3,70,0,28.000,0,0,0,0,0,0,0,0,0,0,0,0,0,0,0,0,1,1,1,1,1,1,0,0,0,160,0,0,0,0,0,0,0,0,0
0.010250,0.00,0.000,0.000,0,0,0.000,0,0,18.000,39.000,55.000,0,0,0,0,0,0,0,0,0,0,0,144,0,3,70,0,28.000,0,0,0,0,0,0,0,0,0,0,0,0,0,0,0,0,1,1,1,1,1,1,0,0,0,164,0,0,0,0,0,0,0,0,0
0.010500,0.00,0.000,0.000,0,0,0.000,0,0,18.000,39.000,55.000,0,0,0,0,0,0,0,0,0,0,0,144,0,3,70,0,28.000,0,0,0,0,0,0,0,0,0,0,0,0,0,0,0,0,1,1,1,1,1,1,0,0,0,168,0,0,0,0,0,0,0,0,0
0.010750,0.00,0.000,0.000,0,0,0.000,0,0,18.000,39.000,55.000,0,0,0,0,0,0,0,0,0,0,0,144,0,3,70,0,28.000,0,0,0,0,0,0,0,0,0,0,0,0,0,0,0,0,1,1,1,1,1,1,0,0,0,172,0,0,0,0,0,0,0,0,0
0.011000,0.00,0.000,0.000,0,0,0.000,0,0,18.000,39.000,55.000,0,0,0,0,0,0,0,0,0,0,0,144,0,3,70,0,28.000,0,0,0,0,0,0,0,0,0,0,0,0,0,0,0,0,1,1,1,1,1,1,0,0,0,176,0,0,0,0,0,0,0,0,0
0.011250,0.00,0.000,0.000,0,0,0.000,0,0,18.000,39.000,55.000,0,0,0,0,0,0,0,0,0,0,0,144,0,3,70,0,28.000,0,0,0,0,0,0,0,0,0,0,0,0,0,0,0,0,1,1,1,1,1,1,0,0,0,180,0,0,0,0,0,0,0,0,0
0.011500,0.00,0.000,0.000,0,0,0.000,0,0,18.000,39.000,55.000,0,0,0,0,0,0,0,0,0,0,0,144,0,3,70,0,28.000,0,0,0,0,0,0,0,0,0,0,0,0,0,0,0,0,1,1,1,1,1,1,0,0,0,184,0,0,0,0,0,0,0,0,0
0.011750,0.00,0.000,0.000,0,0,0.000,0,0,18.000,39.000,55.000,0,0,0,0,0,0,0,0,0,0,0,144,0,3,70,0,28.000,0,0,0,0,0,0,0,0,0,0,0,0,0,0,0,0,1,1,1,1,1,1,0,0,0,188,0,0,0,0,0,0,0,0,0
0.012000,0.00,0.000,0.000,0,0,0.000,0,0,18.000,39.000,55.000,0,0,0,0,0,0,0,0,0,0,0,144,0,3,70,0,28.000,0,0,0,0,0,0,0,0,0,0,0,0,0,0,0,0,1,1,1,1,1,1,0,0,0,192,0,0,0,0,0,0,0,0,0
0.012250,0.00,0.000,0.000,0,0,0.000,0,0,18.000,39.000,55.000,0,0,0,0,0,0,0,0,0,0,0,144,0,3,70,0,28.000,0,0,0,0,0,0,0,0,0,0,0,0,0,0,0,0,1,1,1,1,1,1,0,0,0,196,0,0,0,0,0,0,0,0,0
0.012500,0.00,0.000,0.000,0,0,0.000,0,0,18.000,39.000,55.000,0,0,0,0,0,0,0,0,0,0,0,144,0,3,70,0,28.000,0,0,0,0,0,0,0,0,0,0,0,0,0,0,0,0,1,1,1,1,1,1,0,0,0,200,0,0,0,0,0,0,0,0,0
0.012750,0.00,0.000,0.000,0,0,0.000,0,0,18.000,39.000,55.000,0,0,0,0,0,0,0,0,0,0,0,144,0,3,70,0,28.000,0,0,0,0,0,0,0,0,0,0,0,0,0,0,0,0,1,1,1,1,1,1,0,0,0,204,0,0,0,0,0,0,0,0,0
0.013000,0.00,0.000,0.000,0,0,0.000,0,0,18.000,39.000,55.000,0,0,0,0,0,0,0,0,0,0,0,144,0,3,70,0,28.000,0,0,0,0,0,0,0,0,0,0,0,0,0,0,0,0,1,1,1,1,1,1,0,0,0,208,0,0,0,0,0,0,0,0,0
0.013250,0.00,0.000,0.000,0,0,0.000,0,0,18.000,39.000,55.000,0,0,0,0,0,0,0,0,0,0,0,144,0,3,70,0,28.000,0,0,0,0,0,0,0,0,0,0,0,0,0,0,0,0,1,1,1,1,1,1,0,0,0,212,0,0,0,0,0,0,0,0,0
0.013500,0.00,0.000,0.000,0,0,0.000,0,0,18.000,39.000,55.000,0,0,0,0,0,0,0,0,0,0,0,144,0,3,70,0,28.000,0,0,0,0,0,0,0,0,0,0,0,0,0,0,0,0,1,1,1,1,1,1,0,0,0,216,0,0,0,0,0,0,0,0,0
0.013750,0.00,0.000,0.000,0,0,0.000,0,0,18.000,39.000,55.000,0,0,0,0,0,0,0,0,0,0,0,144,0,3,70,0,28.000,0,0,0,0,0,0,0,0,0,0,0,0,0,0,0,0,1,1,1,1,1,1,0,0,0,220,0,0,0,0,0,0,0,0,0
0.014000,0.00,0.000,0.000,0,0,0.000,0,0,18.000,39.000,55.000,0,0,0,0,0,0,0,0,0,0,0,144,0,3,70,0,28.000,0,0,0,0,0,0,0,0,0,0,0,0,0,0,0,0,1,1,1,1,1,1,0,0,0,224,0,0,0,0,0,0,0,0,0
0.014250,0.00,0.000,0.000,0,0,0.000,0,0,18.000,39.000,55.000,0,0,0,0,0,0,0,0,0,0,0,144,0,3,70,0,28.000,0,0,0,0,0,0,0,0,0,0,0,0,0,0,0,0,1,1,1,1,1,1,0,0,0,228,0,0,0,0,0,0,0,0,0
0.014500,0.00,0.000,0.000,0,0,0.000,0,0,18.000,39.000,55.000,0,0,0,0,0,0,0,0,0,0,0,144,0,3,70,0,28.000,0,0,0,0,0,0,0,0,0,0,0,0,0,0,0,0,1,1,1,1,1,1,0,0,0,232,0,0,0,0,0,0,0,0,0
0.014750,0.00,0.000,0.000,0,0,0.000,0,0,18.000,39.000,55.000,0,0,0,0,0,0,0,0,0,0,0,144,0,3,70,0,28.000,0,0,0,0,0,0,0,0,0,0,0,0,0,0,0,0,1,1,1,1,1,1,0,0,0,236,0,0,0,0,0,0,0,0,0
0.015000,0.00,0.000,0.000,0,0,0.000,0,0,18.000,39.000,55.000,0,0,0,0,0,0,0,0,0,0,0,144,0,3,70,0,28.000,0,0,0,0,0,0,0,0,0,0,0,0,0,0,0,0,1,1,1,1,1,1,0,0,0,240,0,0,0,0,0,0,0,0,0
0.015250,0.00,0.000,0.000,0,0,0.000,0,0,18.000,39.000,55.000,0,0,0,0,0,0,0,0,0,0,0,144,0,3,70,0,28.000,0,0,0,0,0,0,0,0,0,0,0,0,0,0,0,0,1,1,1,1,1,1,0,0,0,244,0,0,0,0,0,0,0,0,0
0.015500,0.00,0.000,0.000,0,0,0.000,0,0,18.000,39.000,55.000,0,0,0,0,0,0,0,0,0,0,0,144,0,3,70,0,28.000,0,0,0,0,0,0,0,0,0,0,0,0,0,0,0,0,1,1,1,1,1,1,0,0,0,248,0,0,0,0,0,0,0,0,0
0.015750,0.00,0.000,0.000,0,0,0.000,0,0,18.000,39.000,55.000,0,0,0,0,0,0,0,0,0,0,0,144,0,3,70,0,28.000,0,0,0,0,0,0,0,0,0,0,0,0,0,0,0,0,1,1,1,1,1,1,0,0,0,252,0,0,0,0,0,0,0,0,0
0.016000,0.00,0.000,0.000,0,0,0.000,0,0,18.000,39.000,55.000,0,0,0,0,0,0,0,0,0,0,0,144,0,3,70,0,28.000,0,0,0,0,0,0,0,0,0,0,0,0,0,0,0,0,1,1,1,1,1,1,0,0,0,256,0,0,0,0,0,0,0,0,0
0.016250,0.00,0.000,0.000,0,0,0.000,0,0,18.000,39.000,55.000,0,0,0,0,0,0,0,0,0,0,0,144,0,3,70,0,28.000,0,0,0,0,0,0,0,0,0,0,0,0,0,0,0,0,1,1,1,1,1,1,0,0,0,260,0,0,0,0,0,0,0,0,0
0.016500,0.00,0.000,0.000,0,0,0.000,0,0,18.000,39.000,55.000,0,0,0,0,0,0,0,0,0,0,0,144,0,3,70,0,28.000,0,0,0,0,0,0,0,0,0,0,0,0,0,0,0,0,1,1,1,1,1,1,0,0,0,264,0,0,0,0,0,0,0,0,0
0.016750,0.00,0.000,0.000,0,0,0.000,0,0,18.000,39.000,55.000,0,0,0,0,0,0,0,0,0,0,0,144,0,3,70,0,28.000,0,0,0,0,0,0,0,0,0,0,0,0,0,0,0,0,1,1,1,1,1,1,0,0,0,268,0,0,0,0,0,0,0,0,0
0.017000,0.00,0.000,0.000,0,0,0.000,0,0,18.000,39.000,55.000,0,0,0,0,0,0,0,0,0,0,0,144,0,3,70,0,28.000,0,0,0,0,0,0,0,0,0,0,0,0,0,0,0,0,1,1,1,1,1,1,0,0,0,272,0,0,0,0,0,0,0,0,0
0.017250,0.00,0.000,0.000,0,0,0.000,0,0,18.000,39.000,55.000,0,0,0,0,0,0,0,0,0,0,0,144,0,3,70,0,28.000,0,0,0,0,0,0,0,0,0,0,0,0,0,0,0,0,1,1,1,1,1,1,0,0,0,276,0,0,0,0,0,0,0,0,0
0.017500,0.00,0.000,0.000,0,0,0.000,0,0,18.000,39.000,55.000,0,0,0,0,0,0,0,0,0,0,0,144,0,3,70,0,28.000,0,0,0,0,0,0,0,0,0,0,0,0,0,0,0,0,1,1,1,1,1,1,0,0,0,280,0,0,0,0,0,0,0,0,0
0.017750,0.00,0.000,0.000,0,0,0.000,0,0,18.000,39.000,55.000,0,0,0,0,0,0,0,0,0,0,0,144,0,3,70,0,28.000,0,0,0,0,0,0,0,0,0,0,0,0,0,0,0,0,1,1,1,1,1,1,0,0,0,284,0,0,0,0,0,0,0,0,0
0.018000,0.00,0.000,0.000,0,0,0.000,0,0,18.000,39.000,55.000,0,0,0,0,0,0,0,0,0,0,0,144,0,3,70,0,28.000,0,0,0,0,0,0,0,0,0,0,0,0,0,0,0,0,1,1,1,1,1,1,0,0,0,288,0,0,0,0,0,0,0,0,0
0.018250,0.00,0.000,0.000,0,0,0.000,0,0,18.000,39.000,55.000,0,0,0,0,0,0,0,0,0,0,0,144,0,3,70,0,28.000,0,0,0,0,0,0,0,0,0,0,0,0,0,0,0,0,1,1,1,1,1,1,0,0,0,292,0,0,0,0,0,0,0,0,0
0.018500,0.00,0.000,0.000,0,0,0.000,0,0,18.000,39.000,55.000,0,0,0,0,0,0,0,0,0,0,0,144,0,3,70,0,28.000,0,0,0,0,0,0,0,0,0,0,0,0,0,0,0,0,1,1,1,1,1,1,0,0,0,296,0,0,0,0,0,0,0,0,0
0.018750,0.00,0.000,0.000,0,0,0.000,0,0,18.000,39.000,55.000,0,0,0,0,0,0,0,0,0,0,0,144,0,3,70,0,28.000,0,0,0,0,0,0,0,0,0,0,0,0,0,0,0,0,1,1,1,1,1,1,0,0,0,300,0,0,0,0,0,0,0,0,0
0.019000,0.00,0.000,0.000,0,0,0.000,0,0,18.000,39.000,55.000,0,0,0,0,0,0,0,0,0,0,0,144,0,3,70,0,28.000,0,0,0,0,0,0,0,0,0,0,0,0,0,0,0,0,1,1,1,1,1,1,0,0,0,304,0,0,0,0,0,0,0,0,0
0.019250,0.00,0.000,0.000,0,0,0.000,0,0,18.000,39.000,55.000,0,0,0,0,0,0,0,0,0,0,0,144,0,3,70,0,28.000,0,0,0,0,0,0,0,0,0,0,0,0,0,0,0,0,1,1,1,1,1,1,0,0,0,308,0,0,0,0,0,0,0,0,0
0.019500,0.00,0.000,0.000,0,0,0.000,0,0,18.000,39.000,55.000,0,0,0,0,0,0,0,0,0,0,0,144,0,3,70,0,28.000,0,0,0,0,0,0,0,0,0,0,0,0,0,0,0,0,1,1,1,1,1,1,0,0,0,312,0,0,0,0,0,0,0,0,0
0.019750,0.00,0.000,0.000,0,0,0.000,0,0,18.000,39.000,55.000,0,0,0,0,0,0,0,0,0,0,0,144,0,3,70,0,28.000,0,0,0,0,0,0,0,0,0,0,0,0,0,0,0,0,1,1,1,1,1,1,0,0,0,316,0,0,0,0,0,0,0,0,0
0.020000,0.00,0.000,0.000,0,0,0.000,0,0,18.000,39.000,55.000,0,0,0,0,0,0,0,0,0,0,0,144,0,3,70,0,28.000,0,0,0,0,0,0,0,0,0,0,0,0,0,0,0,0,1,1,1,1,1,1,0,0,0,320,0,0,0,0,0,0,0,0,0
0.020250,0.00,0.000,0.000,0,0,0.000,0,0,18.000,39.000,55.000,0,0,0,0,0,0,0,0,0,0,0,144,0,3,70,0,28.000,0,0,0,0,0,0,0,0,0,0,0,0,0,0,0,0,1,1,1,1,1,1,0,0,0,324,0,0,0,0,0,0,0,0,0
0.020500,0.00,0.000,0.000,0,0,0.000,0,0,18.000,39.000,55.000,0,0,0,0,0,0,0,0,0,0,0,144,0,3,70,0,28.000,0,0,0,0,0,0,0,0,0,0,0,0,0,0,0,0,1,1,1,1,1,1,0,0,0,328,0,0,0,0,0,0,0,0,0
0.020750,0.00,0.000,0.000,0,0,0.000,0,0,18.000,39.000,55.000,0,0,0,0,0,0,0,0,0,0,0,144,0,3,70,0,28.000,0,0,0,0,0,0,0,0,0,0,0,0,0,0,0,0,1,1,1,1,1,1,0,0,0,332,0,0,0,0,0,0,0,0,0
0.021000,0.00,0.000,0.000,0,0,0.000,0,0,18.000,39.000,55.000,0,0,0,0,0,0,0,0,0,0,0,144,0,3,70,0,28.000,0,0,0,0,0,0,0,0,0,0,0,0,0,0,0,0,1,1,1,1,1,1,0,0,0,336,0,0,0,0,0,0,0,0,0
0.021250,0.00,0.000,0.000,0,0,0.000,0,0,18.000,39.000,55.000,0,0,0,0,0,0,0,0,0,0,0,144,0,3,70,0,28.000,0,0,0,0,0,0,0,0,0,0,0,0,0,0,0,0,1,1,1,1,1,1,0,0,0,340,0,0,0,0,0,0,0,0,0
0.021500,0.00,0.000,0.000,0,0,0.000,0,0,18.000,39.000,55.000,0,0,0,0,0,0,0,0,0,0,0,144,0,3,70,0,28.000,0,0,0,0,0,0,0,0,0,0,0,0,0,0,0,0,1,1,1,1,1,1,0,0,0,344,0,0,0,0,0,0,0,0,0
0.021750,0.00,0.000,0.000,0,0,0.000,0,0,18.000,39.000,55.000,0,0,0,0,0,0,0,0,0,0,0,144,0,3,70,0,28.000,0,0,0,0,0,0,0,0,0,0,0,0,0,0,0,0,1,1,1,1,1,1,0,0,0,348,0,0,0,0,0,0,0,0,0
0.022000,0.00,0.000,0.000,0,0,0.000,0,0,18.000,39.000,55.000,0,0,0,0,0,0,0,0,0,0,0,144,0,3,70,0,28.000,0,0,0,0,0,0,0,0,0,0,0,0,0,0,0,0,1,1,1,1,1,1,0,0,0,352,0,0,0,0,0,0,0,0,0
0.022250,0.00,0.000,0.000,0,0,0.000,0,0,18.000,39.000,55.000,0,0,0,0,0,0,0,0,0,0,0,144,0,3,70,0,28.000,0,0,0,0,0,0,0,0,0,0,0,0,0,0,0,0,1,1,1,1,1,1,0,0,0,356,0,0,0,0,0,0,0,0,0
0.022500,0.00,0.000,0.000,0,0,0.000,0,0,18.000,39.000,55.000,0,0,0,0,0,0,0,0,0,0,0,144,0,3,70,0,28.000,0,0,0,0,0,0,0,0,0,0,0,0,0,0,0,0,1,1,1,1,1,1,0,0,0,360,0,0,0,0,0,0,0,0,0
0.022750,0.00,0.000,0.000,0,0,0.000,0,0,18.000,39.000,55.000,0,0,0,0,0,0,0,0,0,0,0,144,0,3,70,0,28.000,0,0,0,0,0,0,0,0,0,0,0,0,0,0,0,0,1,1,1,1,1,1,0,0,0,364,0,0,0,0,0,0,0,0,0
0.023000,0.00,0.000,0.000,0,0,0.000,0,0,18.000,39.000,55.000,0,0,0,0,0,0,0,0,0,0,0,144,0,3,70,0,28.000,0,0,0,0,0,0,0,0,0,0,0,0,0,0,0,0,1,1,1,1,1,1,0,0,0,368,0,0,0,0,0,0,0,0,0
0.023250,0.00,0.000,0.000,0,0,0.000,0,0,18.000,39.000,55.000,0,0,0,0,0,0,0,0,0,0,0,144,0,3,70,0,28.000,0,0,0,0,0,0,0,0,0,0,0,0,0,0,0,0,1,1,1,1,1,1,0,0,0,372,0,0,0,0,0,0,0,0,0
0.023500,0.00,0.000,0.000,0,0,0.000,0,0,18.000,39.000,55.000,0,0,0,0,0,0,0,0,0,0,0,144,0,3,70,0,28.000,0,0,0,0,0,0,0,0,0,0,0,0,0,0,0,0,1,1,1,1,1,1,0,0,0,376,0,0,0,0,0,0,0,0,0
0.023750,0.00,0.000,0.000,0,0,0.000,0,0,18.000,39.000,55.000,0,0,0,0,0,0,0,0,0,0,0,144,0,3,70,0,28.000,0,0,0,0,0,0,0,0,0,0,0,0,0,0,0,0,1,1,1,1,1,1,0,0,0,380,0,0,0,0,0,0,0,0,0
0.024000,0.00,0.000,0.000,0,0,0.000,0,0,18.000,39.000,55.000,0,0,0,0,0,0,0,0,0,0,0,144,0,3,70,0,28.000,0,0,0,0,0,0,0,0,0,0,0,0,0,0,0,0,1,1,1,1,1,1,0,0,0,384,0,0,0,0,0,0,0,0,0
0.024250,0.00,0.000,0.000,0,0,0.000,0,0,18.000,39.000,55.000,0,0,0,0,0,0,0,0,0,0,0,144,0,3,70,0,28.000,0,0,0,0,0,0,0,0,0,0,0,0,0,0,0,0,1,1,1,1,1,1,0,0,0,388,0,0,0,0,0,0,0,0,0
0.024500,0.00,0.000,0.000,0,0,0.000,0,0,18.000,39.000,55.000,0,0,0,0,0,0,0,0,0,0,0,144,0,3,70,0,28.000,0,0,0,0,0,0,0,0,0,0,0,0,0,0,0,0,1,1,1,1,1,1,0,0,0,392,0,0,0,0,0,0,0,0,0
0.024750,0.00,0.000,0.000,0,0,0.000,0,0,18.000,39.000,55.000,0,0,0,0,0,0,0,0,0,0,0,144,0,3,70,0,28.000,0,0,0,0,0,0,0,0,0,0,0,0,0,0,0,0,1,1,1,1,1,1,0,0,0,396,0,0,0,0,0,0,0,0,0
0.025000,0.00,0.000,0.000,0,0,0.000,0,0,18.000,39.000,55.000,0,0,0,0,0,0,0,0,0,0,0,144,0,3,70,0,28.000,0,0,0,0,0,0,0,0,0,0,0,0,0,0,0,0,1,1,1,1,1,1,0,0,0,400,0,0,0,0,0,0,0,0,0
0.025250,0.00,0.000,0.000,0,0,0.000,0,0,18.000,39.000,55.000,0,0,0,0,0,0,0,0,0,0,0,144,0,3,70,0,28.000,0,0,0,0,0,0,0,0,0,0,0,0,0,0,0,0,1,1,1,1,1,1,0,0,0,404,0,0,0,0,0,0,0,0,0
0.025500,0.00,0.000,0.000,0,0,0.000,0,0,18.000,39.000,55.000,0,0,0,0,0,0,0,0,0,0,0,144,0,3,70,0,28.000,0,0,0,0,0,0,0,0,0,0,0,0,0,0,0,0,1,1,1,1,1,1,0,0,0,408,0,0,0,0,0,0,0,0,0
0.025750,0.00,0.000,0.000,0,0,0.000,0,0,18.000,39.000,55.000,0,0,0,0,0,0,0,0,0,0,0,144,0,3,70,0,28.000,0,0,0,0,0,0,0,0,0,0,0,0,0,0,0,0,1,1,1,1,1,1,0,0,0,412,0,0,0,0,0,0,0,0,0
0.026000,0.00,0.000,0.000,0,0,0.000,0,0,18.000,39.000,55.000,0,0,0,0,0,0,0,0,0,0,0,144,0,3,70,0,28.000,0,0,0,0,0,0,0,0,0,0,0,0,0,0,0,0,1,1,1,1,1,1,0,0,0,416,0,0,0,0,0,0,0,0,0
0.026250,0.00,0.000,0.000,0,0,0.000,0,0,18.000,39.000,55.000,0,0,0,0,0,0,0,0,0,0,0,144,0,3,70,0,28.000,0,0,0,0,0,0,0,0,0,0,0,0,0,0,0,0,1,1,1,1,1,1,0,0,0,420,0,0,0,0,0,0,0,0,0
0.026500,0.00,0.000,0.000,0,0,0.000,0,0,18.000,39.000,55.000,0,0,0,0,0,0,0,0,0,0,0,144,0,3,70,0,28.000,0,0,0,0,0,0,0,0,0,0,0,0,0,0,0,0,1,1,1,1,1,1,0,0,0,424,0,0,0,0,0,0,0,0,0
0.026750,0.00,0.000,0.000,0,0,0.000,0,0,18.000,39.000,55.000,0,0,0,0,0,0,0,0,0,0,0,144,0,3,70,0,28.000,0,0,0,0,0,0,0,0,0,0,0,0,0,0,0,0,1,1,1,1,1,1,0,0,0,428,0,0,0,0,0,0,0,0,0
0.027000,0.00,0.000,0.000,0,0,0.000,0,0,18.000,39.000,55.000,0,0,0,0,0,0,0,0,0,0,0,144,0,3,70,0,28.000,0,0,0,0,0,0,0,0,0,0,0,0,0,0,0,0,1,1,1,1,1,1,0,0,0,432,0,0,0,0,0,0,0,0,0
0.027250,0.00,0.000,0.000,0,0,0.000,0,0,18.000,39.000,55.000,0,0,0,0,0,0,0,0,0,0,0,144,0,3,70,0,28.000,0,0,0,0,0,0,0,0,0,0,0,0,0,0,0,0,1,1,1,1,1,1,0,0,0,436,0,0,0,0,0,0,0,0,0
0.027500,0.00,0.000,0.000,0,0,0.000,0,0,18.000,39.000,55.000,0,0,0,0,0,0,0,0,0,0,0,144,0,3,70,0,28.000,0,0,0,0,0,0,0,0,0,0,0,0,0,0,0,0,1,1,1,1,1,1,0,0,0,440,0,0,0,0,0,0,0,0,0
0.027750,0.00,0.000,0.000,0,0,0.000,0,0,18.000,39.000,55.000,0,0,0,0,0,0,0,0,0,0,0,144,0,3,70,0,28.000,0,0,0,0,0,0,0,0,0,0,0,0,0,0,0,0,1,1,1,1,1,1,0,0,0,444,0,0,0,0,0,0,0,0,0
0.028000,0.00,0.000,0.000,0,0,0.000,0,0,18.000,39.000,55.000,0,0,0,0,0,0,0,0,0,0,0,144,0,3,70,0,28.000,0,0,0,0,0,0,0,0,0,0,0,0,0,0,0,0,1,1,1,1,1,1,0,0,0,448,0,0,0,0,0,0,0,0,0
0.028250,0.00,0.000,0.000,0,0,0.000,0,0,18.000,39.000,55.000,0,0,0,0,0,0,0,0,0,0,0,144,0,3,70,0,28.000,0,0,0,0,0,0,0,0,0,0,0,0,0,0,0,0,1,1,1,1,1,1,0,0,0,452,0,0,0,0,0,0,0,0,0
0.028500,0.00,0.000,0.000,0,0,0.000,0,0,18.000,39.000,55.000,0,0,0,0,0,0,0,0,0,0,0,144,0,3,70,0,28.000,0,0,0,0,0,0,0,0,0,0,0,0,0,0,0,0,1,1,1,1,1,1,0,0,0,456,0,0,0,0,0,0,0,0,0
0.028750,0.00,0.000,0.000,0,0,0.000,0,0,18.000,39.000,55.000,0,0,0,0,0,0,0,0,0,0,0,144,0,3,70,0,28.000,0,0,0,0,0,0,0,0,0,0,0,0,0,0,0,0,1,1,1,1,1,1,0,0,0,460,0,0,0,0,0,0,0,0,0
0.029000,0.00,0.000,0.000,0,0,0.000,0,0,18.000,39.000,55.000,0,0,0,0,0,0,0,0,0,0,0,144,0,3,70,0,28.000,0,0,0,0,0,0,0,0,0,0,0,0,0,0,0,0,1,1,1,1,1,1,0,0,0,464,0,0,0,0,0,0,0,0,0
0.029250,0.00,0.000,0.000,0,0,0.000,0,0,18.000,39.000,55.000,0,0,0,0,0,0,0,0,0,0,0,144,0,3,70,0,28.000,0,0,0,0,0,0,0,0,0,0,0,0,0,0,0,0,1,1,1,1,1,1,0,0,0,468,0,0,0,0,0,0,0,0,0
0.029500,0.00,0.000,0.000,0,0,0.000,0,0,18.000,39.000,55.000,0,0,0,0,0,0,0,0,0,0,0,144,0,3,70,0,28.000,0,0,0,0,0,0,0,0,0,0,0,0,0,0,0,0,1,1,1,1,1,1,0,0,0,472,0,0,0,0,0,0,0,0,0
0.029750,0.00,0.000,0.000,0,0,0.000,0,0,18.000,39.000,55.000,0,0,0,0,0,0,0,0,0,0,0,144,0,3,70,0,28.000,0,0,0,0,0,0,0,0,0,0,0,0,0,0,0,0,1,1,1,1,1,1,0,0,0,476,0,0,0,0,0,0,0,0,0
0.030000,0.00,0.000,0.000,0,0,0.000,0,0,18.000,39.000,55.000,0,0,0,0,0,0,0,0,0,0,0,144,0,3,70,0,28.000,0,0,0,0,0,0,0,0,0,0,0,0,0,0,0,0,1,1,1,1,1,1,0,0,0,480,0,0,0,0,0,0,0,0,0
0.030250,0.00,0.000,0.000,0,0,0.000,0,0,18.000,39.000,55.000,0,0,0,0,0,0,0,0,0,0,0,144,0,3,70,0,28.000,0,0,0,0,0,0,0,0,0,0,0,0,0,0,0,0,1,1,1,1,1,1,0,0,0,484,0,0,0,0,0,0,0,0,0
0.030500,0.00,0.000,0.000,0,0,0.000,0,0,18.000,39.000,55.000,0,0,0,0,0,0,0,0,0,0,0,144,0,3,70,0,28.000,0,0,0,0,0,0,0,0,0,0,0,0,0,0,0,0,1,1,1,1,1,1,0,0,0,488,0,0,0,0,0,0,0,0,0
0.030750,0.00,0.000,0.000,0,0,0.000,0,0,18.000,39.000,55.000,0,0,0,0,0,0,0,0,0,0,0,144,0,3,70,0,28.000,0,0,0,0,0,0,0,0,0,0,0,0,0,0,0,0,1,1,1,1,1,1,0,0,0,492,0,0,0,0,0,0,0,0,0
0.031000,0.00,0.000,0.000,0,0,0.000,0,0,18.000,39.000,55.000,0,0,0,0,0,0,0,0,0,0,0,144,0,3,70,0,28.000,0,0,0,0,0,0,0,0,0,0,0,0,0,0,0,0,1,1,1,1,1,1,0,0,0,496,0,0,0,0,0,0,0,0,0
0.031250,0.00,0.000,0.000,0,0,0.000,0,0,18.000,39.000,55.000,0,0,0,0,0,0,0,0,0,0,0,144,0,3,70,0,28.000,0,0,0,0,0,0,0,0,0,0,0,0,0,0,0,0,1,1,1,1,1,1,0,0,0,500,0,0,0,0,0,0,0,0,0
0.031500,0.00,0.000,0.000,0,0,0.000,0,0,18.000,39.000,55.000,0,0,0,0,0,0,0,0,0,0,0,144,0,3,70,0,28.000,0,0,0,0,0,0,0,0,0,0,0,0,0,0,0,0,1,1,1,1,1,1,0,0,0,504,0,0,0,0,0,0,0,0,0
0.031750,0.00,0.000,0.000,0,0,0.000,0,0,18.000,39.000,55.000,0,0,0,0,0,0,0,0,0,0,0,144,0,3,70,0,28.000,0,0,0,0,0,0,0,0,0,0,0,0,0,0,0,0,1,1,1,1,1,1,0,0,0,508,0,0,0,0,0,0,0,0,0
0.032000,0.00,0.000,0.000,0,0,0.000,0,0,18.000,39.000,55.000,0,0,0,0,0,0,0,0,0,0,0,144,0,3,70,0,28.000,0,0,0,0,0,0,0,0,0,0,0,0,0,0,0,0,1,1,1,1,1,1,0,0,0,512,0,0,0,0,0,0,0,0,0
0.032250,0.00,0.000,0.000,0,0,0.000,0,0,18.000,39.000,55.000,0,0,0,0,0,0,0,0,0,0,0,144,0,3,70,0,28.000,0,0,0,0,0,0,0,0,0,0,0,0,0,0,0,0,1,1,1,1,1,1,0,0,0,516,0,0,0,0,0,0,0,0,0
0.032500,0.00,0.000,0.000,0,0,0.000,0,0,18.000,39.000,55.000,0,0,0,0,0,0,0,0,0,0,0,144,0,3,70,0,28.000,0,0,0,0,0,0,0,0,0,0,0,0,0,0,0,0,1,1,1,1,1,1,0,0,0,520,0,0,0,0,0,0,0,0,0
0.032750,0.00,0.000,0.000,0,0,0.000,0,0,18.000,39.000,55.000,0,0,0,0,0,0,0,0,0,0,0,144,0,3,70,0,28.000,0,0,0,0,0,0,0,0,0,0,0,0,0,0,0,0,1,1,1,1,1,1,0,0,0,524,0,0,0,0,0,0,0,0,0
0.033000,0.00,0.000,0.000,0,0,0.000,0,0,18.000,39.000,55.000,0,0,0,0,0,0,0,0,0,0,0,144,0,3,70,0,28.000,0,0,0,0,0,0,0,0,0,0,0,0,0,0,0,0,1,1,1,1,1,1,0,0,0,528,0,0,0,0,0,0,0,0,0
0.033250,0.00,0.000,0.000,0,0,0.000,0,0,18.000,39.000,55.000,0,0,0,0,0,0,0,0,0,0,0,144,0,3,70,0,28.000,0,0,0,0,0,0,0,0,0,0,0,0,0,0,0,0,1,1,1,1,1,1,0,0,0,532,0,0,0,0,0,0,0,0,0
0.033500,0.00,0.000,0.000,0,0,0.000,0,0,18.000,39.000,55.000,0,0,0,0,0,0,0,0,0,0,0,144,0,3,70,0,28.000,0,0,0,0,0,0,0,0,0,0,0,0,0,0,0,0,1,1,1,1,1,1,0,0,0,536,0,0,0,0,0,0,0,0,0
0.033750,0.00,0.000,0.000,0,0,0.000,0,0,18.000,39.000,55.000,0,0,0,0,0,0,0,0,0,0,0,144,0,3,70,0,28.000,0,0,0,0,0,0,0,0,0,0,0,0,0,0,0,0,1,1,1,1,1,1,0,0,0,540,0,0,0,0,0,0,0,0,0
0.034000,0.00,0.000,0.000,0,0,0.000,0,0,18.000,39.000,55.000,0,0,0,0,0,0,0,0,0,0,0,144,0,3,70,0,28.000,0,0,0,0,0,0,0,0,0,0,0,0,0,0,0,0,1,1,1,1,1,1,0,0,0,544,0,0,0,0,0,0,0,0,0
0.034250,0.00,0.000,0.000,0,0,0.000,0,0,18.000,39.000,55.000,0,0,0,0,0,0,0,0,0,0,0,144,0,3,70,0,28.000,0,0,0,0,0,0,0,0,0,0,0,0,0,0,0,0,1,1,1,1,1,1,0,0,0,548,0,0,0,0,0,0,0,0,0
0.034500,0.00,0.000,0.000,0,0,0.000,0,0,18.000,39.000,55.000,0,0,0,0,0,0,0,0,0,0,0,144,0,3,70,0,28.000,0,0,0,0,0,0,0,0,0,0,0,0,0,0,0,0,1,1,1,1,1,1,0,0,0,552,0,0,0,0,0,0,0,0,0
0.034750,0.00,0.000,0.000,0,0,0.000,0,0,18.000,39.000,55.000,0,0,0,0,0,0,0,0,0,0,0,144,0,3,70,0,28.000,0,0,0,0,0,0,0,0,0,0,0,0,0,0,0,0,1,1,1,1,1,1,0,0,0,556,0,0,0,0,0,0,0,0,0
0.035000,0.00,0.000,0.000,0,0,0.000,0,0,18.000,39.000,55.000,0,0,0,0,0,0,0,0,0,0,0,144,0,3,70,0,28.000,0,0,0,0,0,0,0,0,0,0,0,0,0,0,0,0,1,1,1,1,1,1,0,0,0,560,0,0,0,0,0,0,0,0,0
0.035250,0.00,0.000,0.000,0,0,0.000,0,0,18.000,39.000,55.000,0,0,0,0,0,0,0,0,0,0,0,144,0,3,70,0,28.000,0,0,0,0,0,0,0,0,0,0,0,0,0,0,0,0,1,1,1,1,1,1,0,0,0,564,0,0,0,0,0,0,0,0,0
0.035500,0.00,0.000,0.000,0,0,0.000,0,0,18.000,39.000,55.000,0,0,0,0,0,0,0,0,0,0,0,144,0,3,70,0,28.000,0,0,0,0,0,0,0,0,0,0,0,0,0,0,0,0,1,1,1,1,1,1,0,0,0,568,0,0,0,0,0,0,0,0,0
0.035750,0.00,0.000,0.000,0,0,0.000,0,0,18.000,39.000,55.000,0,0,0,0,0,0,0,0,0,0,0,144,0,3,70,0,28.000,0,0,0,0,0,0,0,0,0,0,0,0,0,0,0,0,1,1,1,1,1,1,0,0,0,572,0,0,0,0,0,0,0,0,0
0.036000,0.00,0.000,0.000,0,0,0.000,0,0,18.000,39.000,55.000,0,0,0,0,0,0,0,0,0,0,0,144,0,3,70,0,28.000,0,0,0,0,0,0,0,0,0,0,0,0,0,0,0,0,1,1,1,1,1,1,0,0,0,576,0,0,0,0,0,0,0,0,0
0.036250,0.00,0.000,0.000,0,0,0.000,0,0,18.000,39.000,55.000,0,0,0,0,0,0,0,0,0,0,0,144,0,3,70,0,28.000,0,0,0,0,0,0,0,0,0,0,0,0,0,0,0,0,1,1,1,1,1,1,0,0,0,580,0,0,0,0,0,0,0,0,0
0.036500,0.00,0.000,0.000,0,0,0.000,0,0,18.000,39.000,55.000,0,0,0,0,0,0,0,0,0,0,0,144,0,3,70,0,28.000,0,0,0,0,0,0,0,0,0,0,0,0,0,0,0,0,1,1,1,1,1,1,0,0,0,584,0,0,0,0,0,0,0,0,0
0.036750,0.00,0.000,0.000,0,0,0.000,0,0,18.000,39.000,55.000,0,0,0,0,0,0,0,0,0,0,0,144,0,3,70,0,28.000,0,0,0,0,0,0,0,0,0,0,0,0,0,0,0,0,1,1,1,1,1,1,0,0,0,588,0,0,0,0,0,0,0,0,0
0.037000,0.00,0.000,0.000,0,0,0.000,0,0,18.000,39.000,55.000,0,0,0,0,0,0,0,0,0,0,0,144,0,3,70,0,28.000,0,0,0,0,0,0,0,0,0,0,0,0,0,0,0,0,1,1,1,1,1,1,0,0,0,592,0,0,0,0,0,0,0,0,0
0.037250,0.00,0.000,0.000,0,0,0.000,0,0,18.000,39.000,55.000,0,0,0,0,0,0,0,0,0,0,0,144,0,3,70,0,28.000,0,0,0,0,0,0,0,0,0,0,0,0,0,0,0,0,1,1,1,1,1,1,0,0,0,596,0,0,0,0,0,0,0,0,0
0.037500,0.00,0.000,0.000,0,0,0.000,0,0,18.000,39.000,55.000,0,0,0,0,0,0,0,0,0,0,0,144,0,3,70,0,28.000,0,0,0,0,0,0,0,0,0,0,0,0,0,0,0,0,1,1,1,1,1,1,0,0,0,600,0,0,0,0,0,0,0,0,0
0.037750,0.00,0.000,0.000,0,0,0.000,0,0,18.000,39.000,55.000,0,0,0,0,0,0,0,0,0,0,0,144,0,3,70,0,28.000,0,0,0,0,0,0,0,0,0,0,0,0,0,0,0,0,1,1,1,1,1,1,0,0,0,604,0,0,0,0,0,0,0,0,0
0.038000,0.00,0.000,0.000,0,0,0.000,0,0,18.000,39.000,55.000,0,0,0,0,0,0,0,0,0,0,0,144,0,3,70,0,28.000,0,0,0,0,0,0,0,0,0,0,0,0,0,0,0,0,1,1,1,1,1,1,0,0,0,608,0,0,0,0,0,0,0,0,0
0.038250,0.00,0.000,0.000,0,0,0.000,0,0,18.000,39.000,55.000,0,0,0,0,0,0,0,0,0,0,0,144,0,3,70,0,28.000,0,0,0,0,0,0,0,0,0,0,0,0,0,0,0,0,1,1,1,1,1,1,0,0,0,612,0,0,0,0,0,0,0,0,0
0.038500,0.00,0.000,0.000,0,0,0.000,0,0,18.000,39.000,55.000,0,0,0,0,0,0,0,0,0,0,0,144,0,3,70,0,28.000,0,0,0,0,0,0,0,0,0,0,0,0,0,0,0,0,1,1,1,1,1,1,0,0,0,616,0,0,0,0,0,0,0,0,0
0.038750,0.00,0.000,0.000,0,0,0.000,0,0,18.000,39.000,55.000,0,0,0,0,0,0,0,0,0,0,0,144,0,3,70,0,28.000,0,0,0,0,0,0,0,0,0,0,0,0,0,0,0,0,1,1,1,1,1,1,0,0,0,620,0,0,0,0,0,0,0,0,0
0.039000,0.00,0.000,0.000,0,0,0.000,0,0,18.000,39.000,55.000,0,0,0,0,0,0,0,0,0,0,0,144,0,3,70,0,28.000,0,0,0,0,0,0,0,0,0,0,0,0,0,0,0,0,1,1,1,1,1,1,0,0,0,624,0,0,0,0,0,0,0,0,0
0.039250,0.00,0.000,0.000,0,0,0.000,0,0,18.000,39.000,55.000,0,0,0,0,0,0,0,0,0,0,0,144,0,3,70,0,28.000,0,0,0,0,0,0,0,0,0,0,0,0,0,0,0,0,1,1,1,1,1,1,0,0,0,628,0,0,0,0,0,0,0,0,0
0.039500,0.00,0.000,0.000,0,0,0.000,0,0,18.000,39.000,55.000,0,0,0,0,0,0,0,0,0,0,0,144,0,3,70,0,28.000,0,0,0,0,0,0,0,0,0,0,0,0,0,0,0,0,1,1,1,1,1,1,0,0,0,632,0,0,0,0,0,0,0,0,0
0.039750,0.00,0.000,0.000,0,0,0.000,0,0,18.000,39.000,55.000,0,0,0,0,0,0,0,0,0,0,0,144,0,3,70,0,28.000,0,0,0,0,0,0,0,0,0,0,0,0,0,0,0,0,1,1,1,1,1,1,0,0,0,636,0,0,0,0,0,0,0,0,0
0.040000,0.00,0.000,0.000,0,0,0.000,0,0,18.000,39.000,55.000,0,0,0,0,0,0,0,0,0,0,0,144,0,3,70,0,28.000,0,0,0,0,0,0,0,0,0,0,0,0,0,0,0,0,1,1,1,1,1,1,0,0,0,640,0,0,0,0,0,0,0,0,0
0.040250,0.00,0.000,0.000,0,0,0.000,0,0,18.000,39.000,55.000,0,0,0,0,0,0,0,0,0,0,0,144,0,3,70,0,28.000,0,0,0,0,0,0,0,0,0,0,0,0,0,0,0,0,1,1,1,1,1,1,0,0,0,644,0,0,0,0,0,0,0,0,0
0.040500,0.00,0.000,0.000,0,0,0.000,0,0,18.000,39.000,55.000,0,0,0,0,0,0,0,0,0,0,0,144,0,3,70,0,28.000,0,0,0,0,0,0,0,0,0,0,0,0,0,0,0,0,1,1,1,1,1,1,0,0,0,648,0,0,0,0,0,0,0,0,0
0.040750,0.00,0.000,0.000,0,0,0.000,0,0,18.000,39.000,55.000,0,0,0,0,0,0,0,0,0,0,0,144,0,3,70,0,28.000,0,0,0,0,0,0,0,0,0,0,0,0,0,0,0,0,1,1,1,1,1,1,0,0,0,652,0,0,0,0,0,0,0,0,0
0.041000,0.00,0.000,0.000,0,0,0.000,0,0,18.000,39.000,55.000,0,0,0,0,0,0,0,0,0,0,0,144,0,3,70,0,28.000,0,0,0,0,0,0,0,0,0,0,0,0,0,0,0,0,1,1,1,1,1,1,0,0,0,656,0,0,0,0,0,0,0,0,0
0.041250,0.00,0.000,0.000,0,0,0.000,0,0,18.000,39.000,55.000,0,0,0,0,0,0,0,0,0,0,0,144,0,3,70,0,28.000,0,0,0,0,0,0,0,0,0,0,0,0,0,0,0,0,1,1,1,1,1,1,0,0,0,660,0,0,0,0,0,0,0,0,0
0.041500,0.00,0.000,0.000,0,0,0.000,0,0,18.000,39.000,55.000,0,0,0,0,0,0,0,0,0,0,0,144,0,3,70,0,28.000,0,0,0,0,0,0,0,0,0,0,0,0,0,0,0,0,1,1,1,1,1,1,0,0,0,664,0,0,0,0,0,0,0,0,0
0.041750,0.00,0.000,0.000,0,0,0.000,0,0,18.000,39.000,55.000,0,0,0,0,0,0,0,0,0,0,0,144,0,3,70,0,28.000,0,0,0,0,0,0,0,0,0,0,0,0,0,0,0,0,1,1,1,1,1,1,0,0,0,668,0,0,0,0,0,0,0,0,0
0.042000,0.00,0.000,0.000,0,0,0.000,0,0,18.000,39.000,55.000,0,0,0,0,0,0,0,0,0,0,0,144,0,3,70,0,28.000,0,0,0,0,0,0,0,0,0,0,0,0,0,0,0,0,1,1,1,1,1,1,0,0,0,672,0,0,0,0,0,0,0,0,0
0.042250,0.00,0.000,0.000,0,0,0.000,0,0,18.000,39.000,55.000,0,0,0,0,0,0,0,0,0,0,0,144,0,3,70,0,28.000,0,0,0,0,0,0,0,0,0,0,0,0,0,0,0,0,1,1,1,1,1,1,0,0,0,676,0,0,0,0,0,0,0,0,0
0.042500,0.00,0.000,0.000,0,0,0.000,0,0,18.000,39.000,55.000,0,0,0,0,0,0,0,0,0,0,0,144,0,3,70,0,28.000,0,0,0,0,0,0,0,0,0,0,0,0,0,0,0,0,1,1,1,1,1,1,0,0,0,680,0,0,0,0,0,0,0,0,0
0.042750,0.00,0.000,0.000,0,0,0.000,0,0,18.000,39.000,55.000,0,0,0,0,0,0,0,0,0,0,0,144,0,3,70,0,28.000,0,0,0,0,0,0,0,0,0,0,0,0,0,0,0,0,1,1,1,1,1,1,0,0,0,684,0,0,0,0,0,0,0,0,0
0.043000,0.00,0.000,0.000,0,0,0.000,0,0,18.000,39.000,55.000,0,0,0,0,0,0,0,0,0,0,0,144,0,3,70,0,28.000,0,0,0,0,0,0,0,0,0,0,0,0,0,0,0,0,1,1,1,1,1,1,0,0,0,688,0,0,0,0,0,0,0,0,0
0.043250,0.00,0.000,0.000,0,0,0.000,0,0,18.000,39.000,55.000,0,0,0,0,0,0,0,0,0,0,0,144,0,3,70,0,28.000,0,0,0,0,0,0,0,0,0,0,0,0,0,0,0,0,1,1,1,1,1,1,0,0,0,692,0,0,0,0,0,0,0,0,0
0.043500,0.00,0.000,0.000,0,0,0.000,0,0,18.000,39.000,55.000,0,0,0,0,0,0,0,0,0,0,0,144,0,3,70,0,28.000,0,0,0,0,0,0,0,0,0,0,0,0,0,0,0,0,1,1,1,1,1,1,0,0,0,696,0,0,0,0,0,0,0,0,0
0.043750,0.00,0.000,0.000,0,0,0.000,0,0,18.000,39.000,55.000,0,0,0,0,0,0,0,0,0,0,0,144,0,3,70,0,28.000,0,0,0,0,0,0,0,0,0,0,0,0,0,0,0,0,1,1,1,1,1,1,0,0,0,700,0,0,0,0,0,0,0,0,0
0.044000,0.00,0.000,0.000,0,0,0.000,0,0,18.000,39.000,55.000,0,0,0,0,0,0,0,0,0,0,0,144,0,3,70,0,28.000,0,0,0,0,0,0,0,0,0,0,0,0,0,0,0,0,1,1,1,1,1,1,0,0,0,704,0,0,0,0,0,0,0,0,0
0.044250,0.00,0.000,0.000,0,0,0.000,0,0,18.000,39.000,55.000,0,0,0,0,0,0,0,0,0,0,0,144,0,3,70,0,28.000,0,0,0,0,0,0,0,0,0,0,0,0,0,0,0,0,1,1,1,1,1,1,0,0,0,708,0,0,0,0,0,0,0,0,0
0.044500,0.00,0.000,0.000,0,0,0.000,0,0,18.000,39.000,55.000,0,0,0,0,0,0,0,0,0,0,0,144,0,3,70,0,28.000,0,0,0,0,0,0,0,0,0,0,0,0,0,0,0,0,1,1,1,1,1,1,0,0,0,712,0,0,0,0,0,0,0,0,0
0.044750,0.00,0.000,0.000,0,0,0.000,0,0,18.000,39.000,55.000,0,0,0,0,0,0,0,0,0,0,0,144,0,3,70,0,28.000,0,0,0,0,0,0,0,0,0,0,0,0,0,0,0,0,1,1,1,1,1,1,0,0,0,716,0,0,0,0,0,0,0,0,0
0.045000,0.00,0.000,0.000,0,0,0.000,0,0,18.000,39.000,55.000,0,0,0,0,0,0,0,0,0,0,0,144,0,3,70,0,28.000,0,0,0,0,0,0,0,0,0,0,0,0,0,0,0,0,1,1,1,1,1,1,0,0,0,720,0,0,0,0,0,0,0,0,0
0.045250,0.00,0.000,0.000,0,0,0.000,0,0,18.000,39.000,55.000,0,0,0,0,0,0,0,0,0,0,0,144,0,3,70,0,28.000,0,0,0,0,0,0,0,0,0,0,0,0,0,0,0,0,1,1,1,1,1,1,0,0,0,724,0,0,0,0,0,0,0,0,0
0.045500,0.00,0.000,0.000,0,0,0.000,0,0,18.000,39.000,55.000,0,0,0,0,0,0,0,0,0,0,0,144,0,3,70,0,28.000,0,0,0,0,0,0,0,0,0,0,0,0,0,0,0,0,1,1,1,1,1,1,0,0,0,728,0,0,0,0,0,0,0,0,0
0.045750,0.00,0.000,0.000,0,0,0.000,0,0,18.000,39.000,55.000,0,0,0,0,0,0,0,0,0,0,0,144,0,3,70,0,28.000,0,0,0,0,0,0,0,0,0,0,0,0,0,0,0,0,1,1,1,1,1,1,0,0,0,732,0,0,0,0,0,0,0,0,0
0.046000,0.00,0.000,0.000,0,0,0.000,0,0,18.000,39.000,55.000,0,0,0,0,0,0,0,0,0,0,0,144,0,3,70,0,28.000,0,0,0,0,0,0,0,0,0,0,0,0,0,0,0,0,1,1,1,1,1,1,0,0,0,736,0,0,0,0,0,0,0,0,0
0.046250,0.00,0.000,0.000,0,0,0.000,0,0,18.000,39.000,55.000,0,0,0,0,0,0,0,0,0,0,0,144,0,3,70,0,28.000,0,0,0,0,0,0,0,0,0,0,0,0,0,0,0,0,1,1,1,1,1,1,0,0,0,740,0,0,0,0,0,0,0,0,0
0.046500,0.00,0.000,0.000,0,0,0.000,0,0,18.000,39.000,55.000,0,0,0,0,0,0,0,0,0,0,0,144,0,3,70,0,28.000,0,0,0,0,0,0,0,0,0,0,0,0,0,0,0,0,1,1,1,1,1,1,0,0,0,744,0,0,0,0,0,0,0,0,0
0.046750,0.00,0.000,0.000,0,0,0.000,0,0,18.000,39.000,55.000,0,0,0,0,0,0,0,0,0,0,0,144,0,3,70,0,28.000,0,0,0,0,0,0,0,0,0,0,0,0,0,0,0,0,1,1,1,1,1,1,0,0,0,748,0,0,0,0,0,0,0,0,0
0.047000,0.00,0.000,0.000,0,0,0.000,0,0,18.000,39.000,55.000,0,0,0,0,0,0,0,0,0,0,0,144,0,3,70,0,28.000,0,0,0,0,0,0,0,0,0,0,0,0,0,0,0,0,1,1,1,1,1,1,0,0,0,752,0,0,0,0,0,0,0,0,0
0.047250,0.00,0.000,0.000,0,0,0.000,0,0,18.000,39.000,55.000,0,0,0,0,0,0,0,0,0,0,0,144,0,3,70,0,28.000,0,0,0,0,0,0,0,0,0,0,0,0,0,0,0,0,1,1,1,1,1,1,0,0,0,756,0,0,0,0,0,0,0,0,0
0.047500,0.00,0.000,0.000,0,0,0.000,0,0,18.000,39.000,55.000,0,0,0,0,0,0,0,0,0,0,0,144,0,3,70,0,28.000,0,0,0,0,0,0,0,0,0,0,0,0,0,0,0,0,1,1,1,1,1,1,0,0,0,760,0,0,0,0,0,0,0,0,0
0.047750,0.00,0.000,0.000,0,0,0.000,0,0,18.000,39.000,55.000,0,0,0,0,0,0,0,0,0,0,0,144,0,3,70,0,28.000,0,0,0,0,0,0,0,0,0,0,0,0,0,0,0,0,1,1,1,1,1,1,0,0,0,764,0,0,0,0,0,0,0,0,0
0.048000,0.00,0.000,0.000,0,0,0.000,0,0,18.000,39.000,55.000,0,0,0,0,0,0,0,0,0,0,0,144,0,3,70,0,28.000,0,0,0,0,0,0,0,0,0,0,0,0,0,0,0,0,1,1,1,1,1,1,0,0,0,768,0,0,0,0,0,0,0,0,0
0.048250,0.00,0.000,0.000,0,0,0.000,0,0,18.000,39.000,55.000,0,0,0,0,0,0,0,0,0,0,0,144,0,3,70,0,28.000,0,0,0,0,0,0,0,0,0,0,0,0,0,0,0,0,1,1,1,1,1,1,0,0,0,772,0,0,0,0,0,0,0,0,0
0.048500,0.00,0.000,0.000,0,0,0.000,0,0,18.000,39.000,55.000,0,0,0,0,0,0,0,0,0,0,0,144,0,3,70,0,28.000,0,0,0,0,0,0,0,0,0,0,0,0,0,0,0,0,1,1,1,1,1,1,0,0,0,776,0,0,0,0,0,0,0,0,0
0.048750,0.00,0.000,0.000,0,0,0.000,0,0,18.000,39.000,55.000,0,0,0,0,0,0,0,0,0,0,0,144,0,3,70,0,28.000,0,0,0,0,0,0,0,0,0,0,0,0,0,0,0,0,1,1,1,1,1,1,0,0,0,780,0,0,0,0,0,0,0,0,0
0.049000,0.00,0.000,0.000,0,0,0.000,0,0,18.000,39.000,55.000,0,0,0,0,0,0,0,0,0,0,0,144,0,3,70,0,28.000,0,0,0,0,0,0,0,0,0,0,0,0,0,0,0,0,1,1,1,1,1,1,0,0,0,784,0,0,0,0,0,0,0,0,0
0.049250,0.00,0.000,0.000,0,0,0.000,0,0,18.000,39.000,55.000,0,0,0,0,0,0,0,0,0,0,0,144,0,3,70,0,28.000,0,0,0,0,0,0,0,0,0,0,0,0,0,0,0,0,1,1,1,1,1,1,0,0,0,788,0,0,0,0,0,0,0,0,0
0.049500,0.00,0.000,0.000,0,0,0.000,0,0,18.000,39.000,55.000,0,0,0,0,0,0,0,0,0,0,0,144,0,3,70,0,28.000,0,0,0,0,0,0,0,0,0,0,0,0,0,0,0,0,1,1,1,1,1,1,0,0,0,792,0,0,0,0,0,0,0,0,0
0.049750,0.00,0.000,0.000,0,0,0.000,0,0,18.000,39.000,55.000,0,0,0,0,0,0,0,0,0,0,0,144,0,3,70,0,28.000,0,0,0,0,0,0,0,0,0,0,0,0,0,0,0,0,1,1,1,1,1,1,0,0,0,796,0,0,0,0,0,0,0,0,0
0.050000,0.00,0.000,0.000,0,0,0.000,0,0,18.000,39.000,55.000,0,0,0,0,0,0,0,0,0,0,0,144,0,3,70,0,28.000,0,0,0,0,0,0,0,0,0,0,0,0,0,0,0,0,1,1,1,1,1,1,0,0,0,800,0,0,0,0,0,0,0,0,0
0.050250,0.00,0.000,0.000,0,0,0.000,0,0,18.000,39.000,55.000,0,0,0,0,0,0,0,0,0,0,0,144,0,3,70,0,28.000,0,0,0,0,0,0,0,0,0,0,0,0,0,0,0,0,1,1,1,1,1,1,0,0,0,804,0,0,0,0,0,0,0,0,0
0.050500,0.00,0.000,0.000,0,0,0.000,0,0,18.000,39.000,55.000,0,0,0,0,0,0,0,0,0,0,0,144,0,3,70,0,28.000,0,0,0,0,0,0,0,0,0,0,0,0,0,0,0,0,1,1,1,1,1,1,0,0,0,808,0,0,0,0,0,0,0,0,0
0.050750,0.00,0.000,0.000,0,0,0.000,0,0,18.000,39.000,55.000,0,0,0,0,0,0,0,0,0,0,0,144,0,3,70,0,28.000,0,0,0,0,0,0,0,0,0,0,0,0,0,0,0,0,1,1,1,1,1,1,0,0,0,812,0,0,0,0,0,0,0,0,0
0.051000,0.00,0.000,0.000,0,0,0.000,0,0,18.000,39.000,55.000,0,0,0,0,0,0,0,0,0,0,0,144,0,3,70,0,28.000,0,0,0,0,0,0,0,0,0,0,0,0,0,0,0,0,1,1,1,1,1,1,0,0,0,816,0,0,0,0,0,0,0,0,0
0.051250,0.00,0.000,0.000,0,0,0.000,0,0,18.000,39.000,55.000,0,0,0,0,0,0,0,0,0,0,0,144,0,3,70,0,28.000,0,0,0,0,0,0,0,0,0,0,0,0,0,0,0,0,1,1,1,1,1,1,0,0,0,820,0,0,0,0,0,0,0,0,0
0.051500,0.00,0.000,0.000,0,0,0.000,0,0,18.000,39.000,55.000,0,0,0,0,0,0,0,0,0,0,0,144,0,3,70,0,28.000,0,0,0,0,0,0,0,0,0,0,0,0,0,0,0,0,1,1,1,1,1,1,0,0,0,824,0,0,0,0,0,0,0,0,0
0.051750,0.00,0.000,0.000,0,0,0.000,0,0,18.000,39.000,55.000,0,0,0,0,0,0,0,0,0,0,0,144,0,3,70,0,28.000,0,0,0,0,0,0,0,0,0,0,0,0,0,0,0,0,1,1,1,1,1,1,0,0,0,828,0,0,0,0,0,0,0,0,0
0.052000,0.00,0.000,0.000,0,0,0.000,0,0,18.000,39.000,55.000,0,0,0,0,0,0,0,0,0,0,0,144,0,3,70,0,28.000,0,0,0,0,0,0,0,0,0,0,0,0,0,0,0,0,1,1,1,1,1,1,0,0,0,832,0,0,0,0,0,0,0,0,0
0.052250,0.00,0.000,0.000,0,0,0.000,0,0,18.000,39.000,55.000,0,0,0,0,0,0,0,0,0,0,0,144,0,3,70,0,28.000,0,0,0,0,0,0,0,0,0,0,0,0,0,0,0,0,1,1,1,1,1,1,0,0,0,836,0,0,0,0,0,0,0,0,0
0.052500,0.00,0.000,0.000,0,0,0.000,0,0,18.000,39.000,55.000,0,0,0,0,0,0,0,0,0,0,0,144,0,3,70,0,28.000,0,0,0,0,0,0,0,0,0,0,0,0,0,0,0,0,1,1,1,1,1,1,0,0,0,840,0,0,0,0,0,0,0,0,0
0.052750,0.00,0.000,0.000,0,0,0.000,0,0,18.000,39.000,55.000,0,0,0,0,0,0,0,0,0,0,0,144,0,3,70,0,28.000,0,0,0,0,0,0,0,0,0,0,0,0,0,0,0,0,1,1,1,1,1,1,0,0,0,844,0,0,0,0,0,0,0,0,0
0.053000,0.00,0.000,0.000,0,0,0.000,0,0,18.000,39.000,55.000,0,0,0,0,0,0,0,0,0,0,0,144,0,3,70,0,28.000,0,0,0,0,0,0,0,0,0,0,0,0,0,0,0,0,1,1,1,1,1,1,0,0,0,848,0,0,0,0,0,0,0,0,0
0.053250,0.00,0.000,0.000,0,0,0.000,0,0,18.000,39.000,55.000,0,0,0,0,0,0,0,0,0,0,0,144,0,3,70,0,28.000,0,0,0,0,0,0,0,0,0,0,0,0,0,0,0,0,1,1,1,1,1,1,0,0,0,852,0,0,0,0,0,0,0,0,0
0.053500,0.00,0.000,0.000,0,0,0.000,0,0,18.000,39.000,55.000,0,0,0,0,0,0,0,0,0,0,0,144,0,3,70,0,28.000,0,0,0,0,0,0,0,0,0,0,0,0,0,0,0,0,1,1,1,1,1,1,0,0,0,856,0,0,0,0,0,0,0,0,0
0.053750,0.00,0.000,0.000,0,0,0.000,0,0,18.000,39.000,55.000,0,0,0,0,0,0,0,0,0,0,0,144,0,3,70,0,28.000,0,0,0,0,0,0,0,0,0,0,0,0,0,0,0,0,1,1,1,1,1,1,0,0,0,860,0,0,0,0,0,0,0,0,0
0.054000,0.00,0.000,0.000,0,0,0.000,0,0,18.000,39.000,55.000,0,0,0,0,0,0,0,0,0,0,0,144,0,3,70,0,28.000,0,0,0,0,0,0,0,0,0,0,0,0,0,0,0,0,1,1,1,1,1,1,0,0,0,864,0,0,0,0,0,0,0,0,0
0.054250,0.00,0.000,0.000,0,0,0.000,0,0,18.000,39.000,55.000,0,0,0,0,0,0,0,0,0,0,0,144,0,3,70,0,28.000,0,0,0,0,0,0,0,0,0,0,0,0,0,0,0,0,1,1,1,1,1,1,0,0,0,868,0,0,0,0,0,0,0,0,0
0.054500,0.00,0.000,0.000,0,0,0.000,0,0,18.000,39.000,55.000,0,0,0,0,0,0,0,0,0,0,0,144,0,3,70,0,28.000,0,0,0,0,0,0,0,0,0,0,0,0,0,0,0,0,1,1,1,1,1,1,0,0,0,872,0,0,0,0,0,0,0,0,0
0.054750,0.00,0.000,0.000,0,0,0.000,0,0,18.000,39.000,55.000,0,0,0,0,0,0,0,0,0,0,0,144,0,3,70,0,28.000,0,0,0,0,0,0,0,0,0,0,0,0,0,0,0,0,1,1,1,1,1,1,0,0,0,876,0,0,0,0,0,0,0,0,0
0.055000,0.00,0.000,0.000,0,0,0.000,0,0,18.000,39.000,55.000,0,0,0,0,0,0,0,0,0,0,0,144,0,3,70,0,28.000,0,0,0,0,0,0,0,0,0,0,0,0,0,0,0,0,1,1,1,1,1,1,0,0,0,880,0,0,0,0,0,0,0,0,0
0.055250,0.00,0.000,0.000,0,0,0.000,0,0,18.000,39.000,55.000,0,0,0,0,0,0,0,0,0,0,0,144,0,3,70,0,28.000,0,0,0,0,0,0,0,0,0,0,0,0,0,0,0,0,1,1,1,1,1,1,0,0,0,884,0,0,0,0,0,0,0,0,0
0.055500,0.00,0.000,0.000,0,0,0.000,0,0,18.000,39.000,55.000,0,0,0,0,0,0,0,0,0,0,0,144,0,3,70,0,28.000,0,0,0,0,0,0,0,0,0,0,0,0,0,0,0,0,1,1,1,1,1,1,0,0,0,888,0,0,0,0,0,0,0,0,0
0.055750,0.00,0.000,0.000,0,0,0.000,0,0,18.000,39.000,55.000,0,0,0,0,0,0,0,0,0,0,0,144,0,3,70,0,28.000,0,0,0,0,0,0,0,0,0,0,0,0,0,0,0,0,1,1,1,1,1,1,0,0,0,892,0,0,0,0,0,0,0,0,0
0.056000,0.00,0.000,0.000,0,0,0.000,0,0,18.000,39.000,55.000,0,0,0,0,0,0,0,0,0,0,0,144,0,3,70,0,28.000,0,0,0,0,0,0,0,0,0,0,0,0,0,0,0,0,1,1,1,1,1,1,0,0,0,896,0,0,0,0,0,0,0,0,0
0.056250,0.00,0.000,0.000,0,0,0.000,0,0,18.000,39.000,55.000,0,0,0,0,0,0,0,0,0,0,0,144,0,3,70,0,28.000,0,0,0,0,0,0,0,0,0,0,0,0,0,0,0,0,1,1,1,1,1,1,0,0,0,900,0,0,0,0,0,0,0,0,0
0.056500,0.00,0.000,0.000,0,0,0.000,0,0,18.000,39.000,55.000,0,0,0,0,0,0,0,0,0,0,0,144,0,3,70,0,28.000,0,0,0,0,0,0,0,0,0,0,0,0,0,0,0,0,1,1,1,1,1,1,0,0,0,904,0,0,0,0,0,0,0,0,0
0.056750,0.00,0.000,0.000,0,0,0.000,0,0,18.000,39.000,55.000,0,0,0,0,0,0,0,0,0,0,0,144,0,3,70,0,28.000,0,0,0,0,0,0,0,0,0,0,0,0,0,0,0,0,1,1,1,1,1,1,0,0,0,908,0,0,0,0,0,0,0,0,0
0.057000,0.00,0.000,0.000,0,0,0.000,0,0,18.000,39.000,55.000,0,0,0,0,0,0,0,0,0,0,0,144,0,3,70,0,28.000,0,0,0,0,0,0,0,0,0,0,0,0,0,0,0,0,1,1,1,1,1,1,0,0,0,912,0,0,0,0,0,0,0,0,0
0.057250,0.00,0.000,0.000,0,0,0.000,0,0,18.000,39.000,55.000,0,0,0,0,0,0,0,0,0,0,0,144,0,3,70,0,28.000,0,0,0,0,0,0,0,0,0,0,0,0,0,0,0,0,1,1,1,1,1,1,0,0,0,916,0,0,0,0,0,0,0,0,0
0.057500,0.00,0.000,0.000,0,0,0.000,0,0,18.000,39.000,55.000,0,0,0,0,0,0,0,0,0,0,0,144,0,3,70,0,28.000,0,0,0,0,0,0,0,0,0,0,0,0,0,0,0,0,1,1,1,1,1,1,0,0,0,920,0,0,0,0,0,0,0,0,0
0.057750,0.00,0.000,0.000,0,0,0.000,0,0,18.000,39.000,55.000,0,0,0,0,0,0,0,0,0,0,0,144,0,3,70,0,28.000,0,0,0,0,0,0,0,0,0,0,0,0,0,0,0,0,1,1,1,1,1,1,0,0,0,924,0,0,0,0,0,0,0,0,0
0.058000,0.00,0.000,0.000,0,0,0.000,0,0,18.000,39.000,55.000,0,0,0,0,0,0,0,0,0,0,0,144,0,3,70,0,28.000,0,0,0,0,0,0,0,0,0,0,0,0,0,0,0,0,1,1,1,1,1,1,0,0,0,928,0,0,0,0,0,0,0,0,0
0.058250,0.00,0.000,0.000,0,0,0.000,0,0,18.000,39.000,55.000,0,0,0,0,0,0,0,0,0,0,0,144,0,3,70,0,28.000,0,0,0,0,0,0,0,0,0,0,0,0,0,0,0,0,1,1,1,1,1,1,0,0,0,932,0,0,0,0,0,0,0,0,0
0.058500,0.00,0.000,0.000,0,0,0.000,0,0,18.000,39.000,55.000,0,0,0,0,0,0,0,0,0,0,0,144,0,3,70,0,28.000,0,0,0,0,0,0,0,0,0,0,0,0,0,0,0,0,1,1,1,1,1,1,0,0,0,936,0,0,0,0,0,0,0,0,0
0.058750,0.00,0.000,0.000,0,0,0.000,0,0,18.000,39.000,55.000,0,0,0,0,0,0,0,0,0,0,0,144,0,3,70,0,28.000,0,0,0,0,0,0,0,0,0,0,0,0,0,0,0,0,1,1,1,1,1,1,0,0,0,940,0,0,0,0,0,0,0,0,0
0.059000,0.00,0.000,0.000,0,0,0.000,0,0,18.000,39.000,55.000,0,0,0,0,0,0,0,0,0,0,0,144,0,3,70,0,28.000,0,0,0,0,0,0,0,0,0,0,0,0,0,0,0,0,1,1,1,1,1,1,0,0,0,944,0,0,0,0,0,0,0,0,0
0.059250,0.00,0.000,0.000,0,0,0.000,0,0,18.000,39.000,55.000,0,0,0,0,0,0,0,0,0,0,0,144,0,3,70,0,28.000,0,0,0,0,0,0,0,0,0,0,0,0,0,0,0,0,1,1,1,1,1,1,0,0,0,948,0,0,0,0,0,0,0,0,0
0.059500,0.00,0.000,0.000,0,0,0.000,0,0,18.000,39.000,55.000,0,0,0,0,0,0,0,0,0,0,0,144,0,3,70,0,28.000,0,0,0,0,0,0,0,0,0,0,0,0,0,0,0,0,1,1,1,1,1,1,0,0,0,952,0,0,0,0,0,0,0,0,0
0.059750,0.00,0.000,0.000,0,0,0.000,0,0,18.000,39.000,55.000,0,0,0,0,0,0,0,0,0,0,0,144,0,3,70,0,28.000,0,0,0,0,0,0,0,0,0,0,0,0,0,0,0,0,1,1,1,1,1,1,0,0,0,956,0,0,0,0,0,0,0,0,0
0.060000,0.00,0.000,0.000,0,0,0.000,0,0,18.000,39.000,55.000,0,0,0,0,0,0,0,0,0,0,0,144,0,3,70,0,28.000,0,0,0,0,0,0,0,0,0,0,0,0,0,0,0,0,1,1,1,1,1,1,0,0,0,960,0,0,0,0,0,0,0,0,0
0.060250,0.00,0.000,0.000,0,0,0.000,0,0,18.000,39.000,55.000,0,0,0,0,0,0,0,0,0,0,0,144,0,3,70,0,28.000,0,0,0,0,0,0,0,0,0,0,0,0,0,0,0,0,1,1,1,1,1,1,0,0,0,964,0,0,0,0,0,0,0,0,0
0.060500,0.00,0.000,0.000,0,0,0.000,0,0,18.000,39.000,55.000,0,0,0,0,0,0,0,0,0,0,0,144,0,3,70,0,28.000,0,0,0,0,0,0,0,0,0,0,0,0,0,0,0,0,1,1,1,1,1,1,0,0,0,968,0,0,0,0,0,0,0,0,0
0.060750,0.00,0.000,0.000,0,0,0.000,0,0,18.000,39.000,55.000,0,0,0,0,0,0,0,0,0,0,0,144,0,3,70,0,28.000,0,0,0,0,0,0,0,0,0,0,0,0,0,0,0,0,1,1,1,1,1,1,0,0,0,972,0,0,0,0,0,0,0,0,0
0.061000,0.00,0.000,0.000,0,0,0.000,0,0,18.000,39.000,55.000,0,0,0,0,0,0,0,0,0,0,0,144,0,3,70,0,28.000,0,0,0,0,0,0,0,0,0,0,0,0,0,0,0,0,1,1,1,1,1,1,0,0,0,976,0,0,0,0,0,0,0,0,0
0.061250,0.00,0.000,0.000,0,0,0.000,0,0,18.000,39.000,55.000,0,0,0,0,0,0,0,0,0,0,0,144,0,3,70,0,28.000,0,0,0,0,0,0,0,0,0,0,0,0,0,0,0,0,1,1,1,1,1,1,0,0,0,980,0,0,0,0,0,0,0,0,0
0.061500,0.00,0.000,0.000,0,0,0.000,0,0,18.000,39.000,55.000,0,0,0,0,0,0,0,0,0,0,0,144,0,3,70,0,28.000,0,0,0,0,0,0,0,0,0,0,0,0,0,0,0,0,1,1,1,1,1,1,0,0,0,984,0,0,0,0,0,0,0,0,0
0.061750,0.00,0.000,0.000,0,0,0.000,0,0,18.000,39.000,55.000,0,0,0,0,0,0,0,0,0,0,0,144,0,3,70,0,28.000,0,0,0,0,0,0,0,0,0,0,0,0,0,0,0,0,1,1,1,1,1,1,0,0,0,988,0,0,0,0,0,0,0,0,0
0.062000,0.00,0.000,0.000,0,0,0.000,0,0,18.000,39.000,55.000,0,0,0,0,0,0,0,0,0,0,0,144,0,3,70,0,28.000,0,0,0,0,0,0,0,0,0,0,0,0,0,0,0,0,1,1,1,1,1,1,0,0,0,992,0,0,0,0,0,0,0,0,0
0.062250,0.00,0.000,0.000,0,0,0.000,0,0,18.000,39.000,55.000,0,0,0,0,0,0,0,0,0,0,0,144,0,3,70,0,28.000,0,0,0,0,0,0,0,0,0,0,0,0,0,0,0,0,1,1,1,1,1,1,0,0,0,996,0,0,0,0,0,0,0,0,0
0.062500,0.00,0.000,0.000,0,0,0.000,0,0,18.000,39.000,55.000,0,0,0,0,0,0,0,0,0,0,0,144,0,3,70,0,28.000,0,0,0,0,0,0,0,0,0,0,0,0,0,0,0,0,1,1,1,1,1,1,0,0,0,1000,0,0,0,0,0,0,0,0,0
0.062750,0.00,0.000,0.000,0,0,0.000,0,0,18.000,39.000,55.000,0,0,0,0,0,0,0,0,0,0,0,144,0,3,70,0,28.000,0,0,0,0,0,0,0,0,0,0,0,0,0,0,0,0,1,1,1,1,1,1,0,0,0,1004,0,0,0,0,0,0,0,0,0
0.063000,0.00,0.000,0.000,0,0,0.000,0,0,18.000,39.000,55.000,0,0,0,0,0,0,0,0,0,0,0,144,0,3,70,0,28.000,0,0,0,0,0,0,0,0,0,0,0,0,0,0,0,0,1,1,1,1,1,1,0,0,0,1008,0,0,0,0,0,0,0,0,0
0.063250,0.00,0.000,0.000,0,0,0.000,0,0,18.000,39.000,55.000,0,0,0,0,0,0,0,0,0,0,0,144,0,3,70,0,28.000,0,0,0,0,0,0,0,0,0,0,0,0,0,0,0,0,1,1,1,1,1,1,0,0,0,1012,0,0,0,0,0,0,0,0,0
0.063500,0.00,0.000,0.000,0,0,0.000,0,0,18.000,39.000,55.000,0,0,0,0,0,0,0,0,0,0,0,144,0,3,70,0,28.000,0,0,0,0,0,0,0,0,0,0,0,0,0,0,0,0,1,1,1,1,1,1,0,0,0,1016,0,0,0,0,0,0,0,0,0
0.063750,0.00,0.000,0.000,0,0,0.000,0,0,18.000,39.000,55.000,0,0,0,0,0,0,0,0,0,0,0,144,0,3,70,0,28.000,0,0,0,0,0,0,0,0,0,0,0,0,0,0,0,0,1,1,1,1,1,1,0,0,0,1020,0,0,0,0,0,0,0,0,0
0.064000,0.00,0.000,0.000,0,0,0.000,0,0,18.000,39.000,55.000,0,0,0,0,0,0,0,0,0,0,0,144,0,3,70,0,28.000,0,0,0,0,0,0,0,0,0,0,0,0,0,0,0,0,1,1,1,1,1,1,0,0,0,1024,0,0,0,0,0,0,0,0,0
0.064250,0.00,0.000,0.000,0,0,0.000,0,0,18.000,39.000,55.000,0,0,0,0,0,0,0,0,0,0,0,144,0,3,70,0,28.000,0,0,0,0,0,0,0,0,0,0,0,0,0,0,0,0,1,1,1,1,1,1,0,0,0,1028,0,0,0,0,0,0,0,0,0
0.064500,0.00,0.000,0.000,0,0,0.000,0,0,18.000,39.000,55.000,0,0,0,0,0,0,0,0,0,0,0,144,0,3,70,0,28.000,0,0,0,0,0,0,0,0,0,0,0,0,0,0,0,0,1,1,1,1,1,1,0,0,0,1032,0,0,0,0,0,0,0,0,0
0.064750,0.00,0.000,0.000,0,0,0.000,0,0,18.000,39.000,55.000,0,0,0,0,0,0,0,0,0,0,0,144,0,3,70,0,28.000,0,0,0,0,0,0,0,0,0,0,0,0,0,0,0,0,1,1,1,1,1,1,0,0,0,1036,0,0,0,0,0,0,0,0,0
0.065000,0.00,0.000,0.000,0,0,0.000,0,0,18.000,39.000,55.000,0,0,0,0,0,0,0,0,0,0,0,144,0,3,70,0,28.000,0,0,0,0,0,0,0,0,0,0,0,0,0,0,0,0,1,1,1,1,1,1,0,0,0,1040,0,0,0,0,0,0,0,0,0
0.065250,0.00,0.000,0.000,0,0,0.000,0,0,18.000,39.000,55.000,0,0,0,0,0,0,0,0,0,0,0,144,0,3,70,0,28.000,0,0,0,0,0,0,0,0,0,0,0,0,0,0,0,0,1,1,1,1,1,1,0,0,0,1044,0,0,0,0,0,0,0,0,0
0.065500,0.00,0.000,0.000,0,0,0.000,0,0,18.000,39.000,55.000,0,0,0,0,0,0,0,0,0,0,0,144,0,3,70,0,28.000,0,0,0,0,0,0,0,0,0,0,0,0,0,0,0,0,1,1,1,1,1,1,0,0,0,1048,0,0,0,0,0,0,0,0,0
0.065750,0.00,0.000,0.000,0,0,0.000,0,0,18.000,39.000,55.000,0,0,0,0,0,0,0,0,0,0,0,144,0,3,70,0,28.000,0,0,0,0,0,0,0,0,0,0,0,0,0,0,0,0,1,1,1,1,1,1,0,0,0,1052,0,0,0,0,0,0,0,0,0
0.066000,0.00,0.000,0.000,0,0,0.000,0,0,18.000,39.000,55.000,0,0,0,0,0,0,0,0,0,0,0,144,0,3,70,0,28.000,0,0,0,0,0,0,0,0,0,0,0,0,0,0,0,0,1,1,1,1,1,1,0,0,0,1056,0,0,0,0,0,0,0,0,0
0.066250,0.00,0.000,0.000,0,0,0.000,0,0,18.000,39.000,55.000,0,0,0,0,0,0,0,0,0,0,0,144,0,3,70,0,28.000,0,0,0,0,0,0,0,0,0,0,0,0,0,0,0,0,1,1,1,1,1,1,0,0,0,1060,0,0,0,0,0,0,0,0,0
0.066500,0.00,0.000,0.000,0,0,0.000,0,0,18.000,39.000,55.000,0,0,0,0,0,0,0,0,0,0,0,144,0,3,70,0,28.000,0,0,0,0,0,0,0,0,0,0,0,0,0,0,0,0,1,1,1,1,1,1,0,0,0,1064,0,0,0,0,0,0,0,0,0
0.066750,0.00,0.000,0.000,0,0,0.000,0,0,18.000,39.000,55.000,0,0,0,0,0,0,0,0,0,0,0,144,0,3,70,0,28.000,0,0,0,0,0,0,0,0,0,0,0,0,0,0,0,0,1,1,1,1,1,1,0,0,0,1068,0,0,0,0,0,0,0,0,0
0.067000,0.00,0.000,0.000,0,0,0.000,0,0,18.000,39.000,55.000,0,0,0,0,0,0,0,0,0,0,0,144,0,3,70,0,28.000,0,0,0,0,0,0,0,0,0,0,0,0,0,0,0,0,1,1,1,1,1,1,0,0,0,1072,0,0,0,0,0,0,0,0,0
0.067250,0.00,0.000,0.000,0,0,0.000,0,0,18.000,39.000,55.000,0,0,0,0,0,0,0,0,0,0,0,144,0,3,70,0,28.000,0,0,0,0,0,0,0,0,0,0,0,0,0,0,0,0,1,1,1,1,1,1,0,0,0,1076,0,0,0,0,0,0,0,0,0
0.067500,0.00,0.000,0.000,0,0,0.000,0,0,18.000,39.000,55.000,0,0,0,0,0,0,0,0,0,0,0,144,0,3,70,0,28.000,0,0,0,0,0,0,0,0,0,0,0,0,0,0,0,0,1,1,1,1,1,1,0,0,0,1080,0,0,0,0,0,0,0,0,0
0.067750,0.00,0.000,0.000,0,0,0.000,0,0,18.000,39.000,55.000,0,0,0,0,0,0,0,0,0,0,0,144,0,3,70,0,28.000,0,0,0,0,0,0,0,0,0,0,0,0,0,0,0,0,1,1,1,1,1,1,0,0,0,1084,0,0,0,0,0,0,0,0,0
0.068000,0.00,0.000,0.000,0,0,0.000,0,0,18.000,39.000,55.000,0,0,0,0,0,0,0,0,0,0,0,144,0,3,70,0,28.000,0,0,0,0,0,0,0,0,0,0,0,0,0,0,0,0,1,1,1,1,1,1,0,0,0,1088,0,0,0,0,0,0,0,0,0
0.068250,0.00,0.000,0.000,0,0,0.000,0,0,18.000,39.000,55.000,0,0,0,0,0,0,0,0,0,0,0,144,0,3,70,0,28.000,0,0,0,0,0,0,0,0,0,0,0,0,0,0,0,0,1,1,1,1,1,1,0,0,0,1092,0,0,0,0,0,0,0,0,0
0.068500,0.00,0.000,0.000,0,0,0.000,0,0,18.000,39.000,55.000,0,0,0,0,0,0,0,0,0,0,0,144,0,3,70,0,28.000,0,0,0,0,0,0,0,0,0,0,0,0,0,0,0,0,1,1,1,1,1,1,0,0,0,1096,0,0,0,0,0,0,0,0,0
0.068750,0.00,0.000,0.000,0,0,0.000,0,0,18.000,39.000,55.000,0,0,0,0,0,0,0,0,0,0,0,144,0,3,70,0,28.000,0,0,0,0,0,0,0,0,0,0,0,0,0,0,0,0,1,1,1,1,1,1,0,0,0,1100,0,0,0,0,0,0,0,0,0
0.069000,0.00,0.000,0.000,0,0,0.000,0,0,18.000,39.000,55.000,0,0,0,0,0,0,0,0,0,0,0,144,0,3,70,0,28.000,0,0,0,0,0,0,0,0,0,0,0,0,0,0,0,0,1,1,1,1,1,1,0,0,0,1104,0,0,0,0,0,0,0,0,0
0.069250,0.00,0.000,0.000,0,0,0.000,0,0,18.000,39.000,55.000,0,0,0,0,0,0,0,0,0,0,0,144,0,3,70,0,28.000,0,0,0,0,0,0,0,0,0,0,0,0,0,0,0,0,1,1,1,1,1,1,0,0,0,1108,0,0,0,0,0,0,0,0,0
0.069500,0.00,0.000,0.000,0,0,0.000,0,0,18.000,39.000,55.000,0,0,0,0,0,0,0,0,0,0,0,144,0,3,70,0,28.000,0,0,0,0,0,0,0,0,0,0,0,0,0,0,0,0,1,1,1,1,1,1,0,0,0,1112,0,0,0,0,0,0,0,0,0
0.069750,0.00,0.000,0.000,0,0,0.000,0,0,18.000,39.000,55.000,0,0,0,0,0,0,0,0,0,0,0,144,0,3,70,0,28.000,0,0,0,0,0,0,0,0,0,0,0,0,0,0,0,0,1,1,1,1,1,1,0,0,0,1116,0,0,0,0,0,0,0,0,0
0.070000,0.00,0.000,0.000,0,0,0.000,0,0,18.000,39.000,55.000,0,0,0,0,0,0,0,0,0,0,0,144,0,3,70,0,28.000,0,0,0,0,0,0,0,0,0,0,0,0,0,0,0,0,1,1,1,1,1,1,0,0,0,1120,0,0,0,0,0,0,0,0,0
0.070250,0.00,0.000,0.000,0,0,0.000,0,0,18.000,39.000,55.000,0,0,0,0,0,0,0,0,0,0,0,144,0,3,70,0,28.000,0,0,0,0,0,0,0,0,0,0,0,0,0,0,0,0,1,1,1,1,1,1,0,0,0,1124,0,0,0,0,0,0,0,0,0
0.070500,0.00,0.000,0.000,0,0,0.000,0,0,18.000,39.000,55.000,0,0,0,0,0,0,0,0,0,0,0,144,0,3,70,0,28.000,0,0,0,0,0,0,0,0,0,0,0,0,0,0,0,0,1,1,1,1,1,1,0,0,0,1128,0,0,0,0,0,0,0,0,0
0.070750,0.00,0.000,0.000,0,0,0.000,0,0,18.000,39.000,55.000,0,0,0,0,0,0,0,0,0,0,0,144,0,3,70,0,28.000,0,0,0,0,0,0,0,0,0,0,0,0,0,0,0,0,1,1,1,1,1,1,0,0,0,1132,0,0,0,0,0,0,0,0,0
0.071000,0.00,0.000,0.000,0,0,0.000,0,0,18.000,39.000,55.000,0,0,0,0,0,0,0,0,0,0,0,144,0,3,70,0,28.000,0,0,0,0,0,0,0,0,0,0,0,0,0,0,0,0,1,1,1,1,1,1,0,0,0,1136,0,0,0,0,0,0,0,0,0
0.071250,0.00,0.000,0.000,0,0,0.000,0,0,18.000,39.000,55.000,0,0,0,0,0,0,0,0,0,0,0,144,0,3,70,0,28.000,0,0,0,0,0,0,0,0,0,0,0,0,0,0,0,0,1,1,1,1,1,1,0,0,0,1140,0,0,0,0,0,0,0,0,0
0.071500,0.00,0.000,0.000,0,0,0.000,0,0,18.000,39.000,55.000,0,0,0,0,0,0,0,0,0,0,0,144,0,3,70,0,28.000,0,0,0,0,0,0,0,0,0,0,0,0,0,0,0,0,1,1,1,1,1,1,0,0,0,1144,0,0,0,0,0,0,0,0,0
0.071750,0.00,0.000,0.000,0,0,0.000,0,0,18.000,39.000,55.000,0,0,0,0,0,0,0,0,0,0,0,144,0,3,70,0,28.000,0,0,0,0,0,0,0,0,0,0,0,0,0,0,0,0,1,1,1,1,1,1,0,0,0,1148,0,0,0,0,0,0,0,0,0
0.072000,0.00,0.000,0.000,0,0,0.000,0,0,18.000,39.000,55.000,0,0,0,0,0,0,0,0,0,0,0,144,0,3,70,0,28.000,0,0,0,0,0,0,0,0,0,0,0,0,0,0,0,0,1,1,1,1,1,1,0,0,0,1152,0,0,0,0,0,0,0,0,0
0.072250,0.00,0.000,0.000,0,0,0.000,0,0,18.000,39.000,55.000,0,0,0,0,0,0,0,0,0,0,0,144,0,3,70,0,28.000,0,0,0,0,0,0,0,0,0,0,0,0,0,0,0,0,1,1,1,1,1,1,0,0,0,1156,0,0,0,0,0,0,0,0,0
0.072500,0.00,0.000,0.000,0,0,0.000,0,0,18.000,39.000,55.000,0,0,0,0,0,0,0,0,0,0,0,144,0,3,70,0,28.000,0,0,0,0,0,0,0,0,0,0,0,0,0,0,0,0,1,1,1,1,1,1,0,0,0,1160,0,0,0,0,0,0,0,0,0
0.072750,0.00,0.000,0.000,0,0,0.000,0,0,18.000,39.000,55.000,0,0,0,0,0,0,0,0,0,0,0,144,0,3,70,0,28.000,0,0,0,0,0,0,0,0,0,0,0,0,0,0,0,0,1,1,1,1,1,1,0,0,0,1164,0,0,0,0,0,0,0,0,0
0.073000,0.00,0.000,0.000,0,0,0.000,0,0,18.000,39.000,55.000,0,0,0,0,0,0,0,0,0,0,0,144,0,3,70,0,28.000,0,0,0,0,0,0,0,0,0,0,0,0,0,0,0,0,1,1,1,1,1,1,0,0,0,1168,0,0,0,0,0,0,0,0,0
0.073250,0.00,0.000,0.000,0,0,0.000,0,0,18.000,39.000,55.000,0,0,0,0,0,0,0,0,0,0,0,144,0,3,70,0,28.000,0,0,0,0,0,0,0,0,0,0,0,0,0,0,0,0,1,1,1,1,1,1,0,0,0,1172,0,0,0,0,0,0,0,0,0
0.073500,0.00,0.000,0.000,0,0,0.000,0,0,18.000,39.000,55.000,0,0,0,0,0,0,0,0,0,0,0,144,0,3,70,0,28.000,0,0,0,0,0,0,0,0,0,0,0,0,0,0,0,0,1,1,1,1,1,1,0,0,0,1176,0,0,0,0,0,0,0,0,0
0.073750,0.00,0.000,0.000,0,0,0.000,0,0,18.000,39.000,55.000,0,0,0,0,0,0,0,0,0,0,0,144,0,3,70,0,28.000,0,0,0,0,0,0,0,0,0,0,0,0,0,0,0,0,1,1,1,1,1,1,0,0,0,1180,0,0,0,0,0,0,0,0,0
0.074000,0.00,0.000,0.000,0,0,0.000,0,0,18.000,39.000,55.000,0,0,0,0,0,0,0,0,0,0,0,144,0,3,70,0,28.000,0,0,0,0,0,0,0,0,0,0,0,0,0,0,0,0,1,1,1,1,1,1,0,0,0,1184,0,0,0,0,0,0,0,0,0
0.074250,0.00,0.000,0.000,0,0,0.000,0,0,18.000,39.000,55.000,0,0,0,0,0,0,0,0,0,0,0,144,0,3,70,0,28.000,0,0,0,0,0,0,0,0,0,0,0,0,0,0,0,0,1,1,1,1,1,1,0,0,0,1188,0,0,0,0,0,0,0,0,0
0.074500,0.00,0.000,0.000,0,0,0.000,0,0,18.000,39.000,55.000,0,0,0,0,0,0,0,0,0,0,0,144,0,3,70,0,28.000,0,0,0,0,0,0,0,0,0,0,0,0,0,0,0,0,1,1,1,1,1,1,0,0,0,1192,0,0,0,0,0,0,0,0,0
0.074750,0.00,0.000,0.000,0,0,0.000,0,0,18.000,39.000,55.000,0,0,0,0,0,0,0,0,0,0,0,144,0,3,70,0,28.000,0,0,0,0,0,0,0,0,0,0,0,0,0,0,0,0,1,1,1,1,1,1,0,0,0,1196,0,0,0,0,0,0,0,0,0
0.075000,0.00,0.000,0.000,0,0,0.000,0,0,18.000,39.000,55.000,0,0,0,0,0,0,0,0,0,0,0,144,0,3,70,0,28.000,0,0,0,0,0,0,0,0,0,0,0,0,0,0,0,0,1,1,1,1,1,1,0,0,0,1200,0,0,0,0,0,0,0,0,0
0.075250,0.00,0.000,0.000,0,0,0.000,0,0,18.000,39.000,55.000,0,0,0,0,0,0,0,0,0,0,0,144,0,3,70,0,28.000,0,0,0,0,0,0,0,0,0,0,0,0,0,0,0,0,1,1,1,1,1,1,0,0,0,1204,0,0,0,0,0,0,0,0,0
0.075500,0.00,0.000,0.000,0,0,0.000,0,0,18.000,39.000,55.000,0,0,0,0,0,0,0,0,0,0,0,144,0,3,70,0,28.000,0,0,0,0,0,0,0,0,0,0,0,0,0,0,0,0,1,1,1,1,1,1,0,0,0,1208,0,0,0,0,0,0,0,0,0
0.075750,0.00,0.000,0.000,0,0,0.000,0,0,18.000,39.000,55.000,0,0,0,0,0,0,0,0,0,0,0,144,0,3,70,0,28.000,0,0,0,0,0,0,0,0,0,0,0,0,0,0,0,0,1,1,1,1,1,1,0,0,0,1212,0,0,0,0,0,0,0,0,0
0.076000,0.00,0.000,0.000,0,0,0.000,0,0,18.000,39.000,55.000,0,0,0,0,0,0,0,0,0,0,0,144,0,3,70,0,28.000,0,0,0,0,0,0,0,0,0,0,0,0,0,0,0,0,1,1,1,1,1,1,0,0,0,1216,0,0,0,0,0,0,0,0,0
0.076250,0.00,0.000,0.000,0,0,0.000,0,0,18.000,39.000,55.000,0,0,0,0,0,0,0,0,0,0,0,144,0,3,70,0,28.000,0,0,0,0,0,0,0,0,0,0,0,0,0,0,0,0,1,1,1,1,1,1,0,0,0,1220,0,0,0,0,0,0,0,0,0
0.076500,0.00,0.000,0.000,0,0,0.000,0,0,18.000,39.000,55.000,0,0,0,0,0,0,0,0,0,0,0,144,0,3,70,0,28.000,0,0,0,0,0,0,0,0,0,0,0,0,0,0,0,0,1,1,1,1,1,1,0,0,0,1224,0,0,0,0,0,0,0,0,0
0.076750,0.00,0.000,0.000,0,0,0.000,0,0,18.000,39.000,55.000,0,0,0,0,0,0,0,0,0,0,0,144,0,3,70,0,28.000,0,0,0,0,0,0,0,0,0,0,0,0,0,0,0,0,1,1,1,1,1,1,0,0,0,1228,0,0,0,0,0,0,0,0,0
0.077000,0.00,0.000,0.000,0,0,0.000,0,0,18.000,39.000,55.000,0,0,0,0,0,0,0,0,0,0,0,144,0,3,70,0,28.000,0,0,0,0,0,0,0,0,0,0,0,0,0,0,0,0,1,1,1,1,1,1,0,0,0,1232,0,0,0,0,0,0,0,0,0
0.077250,0.00,0.000,0.000,0,0,0.000,0,0,18.000,39.000,55.000,0,0,0,0,0,0,0,0,0,0,0,144,0,3,70,0,28.000,0,0,0,0,0,0,0,0,0,0,0,0,0,0,0,0,1,1,1,1,1,1,0,0,0,1236,0,0,0,0,0,0,0,0,0
0.077500,0.00,0.000,0.000,0,0,0.000,0,0,18.000,39.000,55.000,0,0,0,0,0,0,0,0,0,0,0,144,0,3,70,0,28.000,0,0,0,0,0,0,0,0,0,0,0,0,0,0,0,0,1,1,1,1,1,1,0,0,0,1240,0,0,0,0,0,0,0,0,0
0.077750,0.00,0.000,0.000,0,0,0.000,0,0,18.000,39.000,55.000,0,0,0,0,0,0,0,0,0,0,0,144,0,3,70,0,28.000,0,0,0,0,0,0,0,0,0,0,0,0,0,0,0,0,1,1,1,1,1,1,0,0,0,1244,0,0,0,0,0,0,0,0,0
0.078000,0.00,0.000,0.000,0,0,0.000,0,0,18.000,39.000,55.000,0,0,0,0,0,0,0,0,0,0,0,144,0,3,70,0,28.000,0,0,0,0,0,0,0,0,0,0,0,0,0,0,0,0,1,1,1,1,1,1,0,0,0,1248,0,0,0,0,0,0,0,0,0
0.078250,0.00,0.000,0.000,0,0,0.000,0,0,18.000,39.000,55.000,0,0,0,0,0,0,0,0,0,0,0,144,0,3,70,0,28.000,0,0,0,0,0,0,0,0,0,0,0,0,0,0,0,0,1,1,1,1,1,1,0,0,0,1252,0,0,0,0,0,0,0,0,0
0.078500,0.00,0.000,0.000,0,0,0.000,0,0,18.000,39.000,55.000,0,0,0,0,0,0,0,0,0,0,0,144,0,3,70,0,28.000,0,0,0,0,0,0,0,0,0,0,0,0,0,0,0,0,1,1,1,1,1,1,0,0,0,1256,0,0,0,0,0,0,0,0,0
0.078750,0.00,0.000,0.000,0,0,0.000,0,0,18.000,39.000,55.000,0,0,0,0,0,0,0,0,0,0,0,144,0,3,70,0,28.000,0,0,0,0,0,0,0,0,0,0,0,0,0,0,0,0,1,1,1,1,1,1,0,0,0,1260,0,0,0,0,0,0,0,0,0
0.079000,0.00,0.000,0.000,0,0,0.000,0,0,18.000,39.000,55.000,0,0,0,0,0,0,0,0,0,0,0,144,0,3,70,0,28.000,0,0,0,0,0,0,0,0,0,0,0,0,0,0,0,0,1,1,1,1,1,1,0,0,0,1264,0,0,0,0,0,0,0,0,0
0.079250,0.00,0.000,0.000,0,0,0.000,0,0,18.000,39.000,55.000,0,0,0,0,0,0,0,0,0,0,0,144,0,3,70,0,28.000,0,0,0,0,0,0,0,0,0,0,0,0,0,0,0,0,1,1,1,1,1,1,0,0,0,1268,0,0,0,0,0,0,0,0,0
0.079500,0.00,0.000,0.000,0,0,0.000,0,0,18.000,39.000,55.000,0,0,0,0,0,0,0,0,0,0,0,144,0,3,70,0,28.000,0,0,0,0,0,0,0,0,0,0,0,0,0,0,0,0,1,1,1,1,1,1,0,0,0,1272,0,0,0,0,0,0,0,0,0
0.079750,0.00,0.000,0.000,0,0,0.000,0,0,18.000,39.000,55.000,0,0,0,0,0,0,0,0,0,0,0,144,0,3,70,0,28.000,0,0,0,0,0,0,0,0,0,0,0,0,0,0,0,0,1,1,1,1,1,1,0,0,0,1276,0,0,0,0,0,0,0,0,0
0.080000,0.00,0.000,0.000,0,0,0.000,0,0,18.000,39.000,55.000,0,0,0,0,0,0,0,0,0,0,0,144,0,3,70,0,28.000,0,0,0,0,0,0,0,0,0,0,0,0,0,0,0,0,1,1,1,1,1,1,0,0,0,1280,0,0,0,0,0,0,0,0,0
0.080250,0.00,0.000,0.000,0,0,0.000,0,0,18.000,39.000,55.000,0,0,0,0,0,0,0,0,0,0,0,144,0,3,70,0,28.000,0,0,0,0,0,0,0,0,0,0,0,0,0,0,0,0,1,1,1,1,1,1,0,0,0,1284,0,0,0,0,0,0,0,0,0
0.080500,0.00,0.000,0.000,0,0,0.000,0,0,18.000,39.000,55.000,0,0,0,0,0,0,0,0,0,0,0,144,0,3,70,0,28.000,0,0,0,0,0,0,0,0,0,0,0,0,0,0,0,0,1,1,1,1,1,1,0,0,0,1288,0,0,0,0,0,0,0,0,0
0.080750,0.00,0.000,0.000,0,0,0.000,0,0,18.000,39.000,55.000,0,0,0,0,0,0,0,0,0,0,0,144,0,3,70,0,28.000,0,0,0,0,0,0,0,0,0,0,0,0,0,0,0,0,1,1,1,1,1,1,0,0,0,1292,0,0,0,0,0,0,0,0,0
0.081000,0.00,0.000,0.000,0,0,0.000,0,0,18.000,39.000,55.000,0,0,0,0,0,0,0,0,0,0,0,144,0,3,70,0,28.000,0,0,0,0,0,0,0,0,0,0,0,0,0,0,0,0,1,1,1,1,1,1,0,0,0,1296,0,0,0,0,0,0,0,0,0
0.081250,0.00,0.000,0.000,0,0,0.000,0,0,18.000,39.000,55.000,0,0,0,0,0,0,0,0,0,0,0,144,0,3,70,0,28.000,0,0,0,0,0,0,0,0,0,0,0,0,0,0,0,0,1,1,1,1,1,1,0,0,0,1300,0,0,0,0,0,0,0,0,0
0.081500,0.00,0.000,0.000,0,0,0.000,0,0,18.000,39.000,55.000,0,0,0,0,0,0,0,0,0,0,0,144,0,3,70,0,28.000,0,0,0,0,0,0,0,0,0,0,0,0,0,0,0,0,1,1,1,1,1,1,0,0,0,1304,0,0,0,0,0,0,0,0,0
0.081750,0.00,0.000,0.000,0,0,0.000,0,0,18.000,39.000,55.000,0,0,0,0,0,0,0,0,0,0,0,144,0,3,70,0,28.000,0,0,0,0,0,0,0,0,0,0,0,0,0,0,0,0,1,1,1,1,1,1,0,0,0,1308,0,0,0,0,0,0,0,0,0
0.082000,0.00,0.000,0.000,0,0,0.000,0,0,18.000,39.000,55.000,0,0,0,0,0,0,0,0,0,0,0,144,0,3,70,0,28.000,0,0,0,0,0,0,0,0,0,0,0,0,0,0,0,0,1,1,1,1,1,1,0,0,0,1312,0,0,0,0,0,0,0,0,0
0.082250,0.00,0.000,0.000,0,0,0.000,0,0,18.000,39.000,55.000,0,0,0,0,0,0,0,0,0,0,0,144,0,3,70,0,28.000,0,0,0,0,0,0,0,0,0,0,0,0,0,0,0,0,1,1,1,1,1,1,0,0,0,1316,0,0,0,0,0,0,0,0,0
0.082500,0.00,0.000,0.000,0,0,0.000,0,0,18.000,39.000,55.000,0,0,0,0,0,0,0,0,0,0,0,144,0,3,70,0,28.000,0,0,0,0,0,0,0,0,0,0,0,0,0,0,0,0,1,1,1,1,1,1,0,0,0,1320,0,0,0,0,0,0,0,0,0
0.082750,0.00,0.000,0.000,0,0,0.000,0,0,18.000,39.000,55.000,0,0,0,0,0,0,0,0,0,0,0,144,0,3,70,0,28.000,0,0,0,0,0,0,0,0,0,0,0,0,0,0,0,0,1,1,1,1,1,1,0,0,0,1324,0,0,0,0,0,0,0,0,0
0.083000,0.00,0.000,0.000,0,0,0.000,0,0,18.000,39.000,55.000,0,0,0,0,0,0,0,0,0,0,0,144,0,3,70,0,28.000,0,0,0,0,0,0,0,0,0,0,0,0,0,0,0,0,1,1,1,1,1,1,0,0,0,1328,0,0,0,0,0,0,0,0,0
0.083250,0.00,0.000,0.000,0,0,0.000,0,0,18.000,39.000,55.000,0,0,0,0,0,0,0,0,0,0,0,144,0,3,70,0,28.000,0,0,0,0,0,0,0,0,0,0,0,0,0,0,0,0,1,1,1,1,1,1,0,0,0,1332,0,0,0,0,0,0,0,0,0
0.083500,0.00,0.000,0.000,0,0,0.000,0,0,18.000,39.000,55.000,0,0,0,0,0,0,0,0,0,0,0,144,0,3,70,0,28.000,0,0,0,0,0,0,0,0,0,0,0,0,0,0,0,0,1,1,1,1,1,1,0,0,0,1336,0,0,0,0,0,0,0,0,0
0.083750,0.00,0.000,0.000,0,0,0.000,0,0,18.000,39.000,55.000,0,0,0,0,0,0,0,0,0,0,0,144,0,3,70,0,28.000,0,0,0,0,0,0,0,0,0,0,0,0,0,0,0,0,1,1,1,1,1,1,0,0,0,1340,0,0,0,0,0,0,0,0,0
0.084000,0.00,0.000,0.000,0,0,0.000,0,0,18.000,39.000,55.000,0,0,0,0,0,0,0,0,0,0,0,144,0,3,70,0,28.000,0,0,0,0,0,0,0,0,0,0,0,0,0,0,0,0,1,1,1,1,1,1,0,0,0,1344,0,0,0,0,0,0,0,0,0
0.084250,0.00,0.000,0.000,0,0,0.000,0,0,18.000,39.000,55.000,0,0,0,0,0,0,0,0,0,0,0,144,0,3,70,0,28.000,0,0,0,0,0,0,0,0,0,0,0,0,0,0,0,0,1,1,1,1,1,1,0,0,0,1348,0,0,0,0,0,0,0,0,0
0.084500,0.00,0.000,0.000,0,0,0.000,0,0,18.000,39.000,55.000,0,0,0,0,0,0,0,0,0,0,0,144,0,3,70,0,28.000,0,0,0,0,0,0,0,0,0,0,0,0,0,0,0,0,1,1,1,1,1,1,0,0,0,1352,0,0,0,0,0,0,0,0,0
0.084750,0.00,0.000,0.000,0,0,0.000,0,0,18.000,39.000,55.000,0,0,0,0,0,0,0,0,0,0,0,144,0,3,70,0,28.000,0,0,0,0,0,0,0,0,0,0,0,0,0,0,0,0,1,1,1,1,1,1,0,0,0,1356,0,0,0,0,0,0,0,0,0
0.085000,0.00,0.000,0.000,0,0,0.000,0,0,18.000,39.000,55.000,0,0,0,0,0,0,0,0,0,0,0,144,0,3,70,0,28.000,0,0,0,0,0,0,0,0,0,0,0,0,0,0,0,0,1,1,1,1,1,1,0,0,0,1360,0,0,0,0,0,0,0,0,0
0.085250,0.00,0.000,0.000,0,0,0.000,0,0,18.000,39.000,55.000,0,0,0,0,0,0,0,0,0,0,0,144,0,3,70,0,28.000,0,0,0,0,0,0,0,0,0,0,0,0,0,0,0,0,1,1,1,1,1,1,0,0,0,1364,0,0,0,0,0,0,0,0,0
0.085500,0.00,0.000,0.000,0,0,0.000,0,0,18.000,39.000,55.000,0,0,0,0,0,0,0,0,0,0,0,144,0,3,70,0,28.000,0,0,0,0,0,0,0,0,0,0,0,0,0,0,0,0,1,1,1,1,1,1,0,0,0,1368,0,0,0,0,0,0,0,0,0
0.085750,0.00,0.000,0.000,0,0,0.000,0,0,18.000,39.000,55.000,0,0,0,0,0,0,0,0,0,0,0,144,0,3,70,0,28.000,0,0,0,0,0,0,0,0,0,0,0,0,0,0,0,0,1,1,1,1,1,1,0,0,0,1372,0,0,0,0,0,0,0,0,0
0.086000,0.00,0.000,0.000,0,0,0.000,0,0,18.000,39.000,55.000,0,0,0,0,0,0,0,0,0,0,0,144,0,3,70,0,28.000,0,0,0,0,0,0,0,0,0,0,0,0,0,0,0,0,1,1,1,1,1,1,0,0,0,1376,0,0,0,0,0,0,0,0,0
0.086250,0.00,0.000,0.000,0,0,0.000,0,0,18.000,39.000,55.000,0,0,0,0,0,0,0,0,0,0,0,144,0,3,70,0,28.000,0,0,0,0,0,0,0,0,0,0,0,0,0,0,0,0,1,1,1,1,1,1,0,0,0,1380,0,0,0,0,0,0,0,0,0
0.086500,0.00,0.000,0.000,0,0,0.000,0,0,18.000,39.000,55.000,0,0,0,0,0,0,0,0,0,0,0,144,0,3,70,0,28.000,0,0,0,0,0,0,0,0,0,0,0,0,0,0,0,0,1,1,1,1,1,1,0,0,0,1384,0,0,0,0,0,0,0,0,0
0.086750,0.00,0.000,0.000,0,0,0.000,0,0,18.000,39.000,55.000,0,0,0,0,0,0,0,0,0,0,0,144,0,3,70,0,28.000,0,0,0,0,0,0,0,0,0,0,0,0,0,0,0,0,1,1,1,1,1,1,0,0,0,1388,0,0,0,0,0,0,0,0,0
0.087000,0.00,0.000,0.000,0,0,0.000,0,0,18.000,39.000,55.000,0,0,0,0,0,0,0,0,0,0,0,144,0,3,70,0,28.000,0,0,0,0,0,0,0,0,0,0,0,0,0,0,0,0,1,1,1,1,1,1,0,0,0,1392,0,0,0,0,0,0,0,0,0
0.087250,0.00,0.000,0.000,0,0,0.000,0,0,18.000,39.000,55.000,0,0,0,0,0,0,0,0,0,0,0,144,0,3,70,0,28.000,0,0,0,0,0,0,0,0,0,0,0,0,0,0,0,0,1,1,1,1,1,1,0,0,0,1396,0,0,0,0,0,0,0,0,0
0.087500,0.00,0.000,0.000,0,0,0.000,0,0,18.000,39.000,55.000,0,0,0,0,0,0,0,0,0,0,0,144,0,3,70,0,28.000,0,0,0,0,0,0,0,0,0,0,0,0,0,0,0,0,1,1,1,1,1,1,0,0,0,1400,0,0,0,0,0,0,0,0,0
0.087750,0.00,0.000,0.000,0,0,0.000,0,0,18.000,39.000,55.000,0,0,0,0,0,0,0,0,0,0,0,144,0,3,70,0,28.000,0,0,0,0,0,0,0,0,0,0,0,0,0,0,0,0,1,1,1,1,1,1,0,0,0,1404,0,0,0,0,0,0,0,0,0
0.088000,0.00,0.000,0.000,0,0,0.000,0,0,18.000,39.000,55.000,0,0,0,0,0,0,0,0,0,0,0,144,0,3,70,0,28.000,0,0,0,0,0,0,0,0,0,0,0,0,0,0,0,0,1,1,1,1,1,1,0,0,0,1408,0,0,0,0,0,0,0,0,0
0.088250,0.00,0.000,0.000,0,0,0.000,0,0,18.000,39.000,55.000,0,0,0,0,0,0,0,0,0,0,0,144,0,3,70,0,28.000,0,0,0,0,0,0,0,0,0,0,0,0,0,0,0,0,1,1,1,1,1,1,0,0,0,1412,0,0,0,0,0,0,0,0,0
0.088500,0.00,0.000,0.000,0,0,0.000,0,0,18.000,39.000,55.000,0,0,0,0,0,0,0,0,0,0,0,144,0,3,70,0,28.000,0,0,0,0,0,0,0,0,0,0,0,0,0,0,0,0,1,1,1,1,1,1,0,0,0,1416,0,0,0,0,0,0,0,0,0
0.088750,0.00,0.000,0.000,0,0,0.000,0,0,18.000,39.000,55.000,0,0,0,0,0,0,0,0,0,0,0,144,0,3,70,0,28.000,0,0,0,0,0,0,0,0,0,0,0,0,0,0,0,0,1,1,1,1,1,1,0,0,0,1420,0,0,0,0,0,0,0,0,0
0.089000,0.00,0.000,0.000,0,0,0.000,0,0,18.000,39.000,55.000,0,0,0,0,0,0,0,0,0,0,0,144,0,3,70,0,28.000,0,0,0,0,0,0,0,0,0,0,0,0,0,0,0,0,1,1,1,1,1,1,0,0,0,1424,0,0,0,0,0,0,0,0,0
0.089250,0.00,0.000,0.000,0,0,0.000,0,0,18.000,39.000,55.000,0,0,0,0,0,0,0,0,0,0,0,144,0,3,70,0,28.000,0,0,0,0,0,0,0,0,0,0,0,0,0,0,0,0,1,1,1,1,1,1,0,0,0,1428,0,0,0,0,0,0,0,0,0
0.089500,0.00,0.000,0.000,0,0,0.000,0,0,18.000,39.000,55.000,0,0,0,0,0,0,0,0,0,0,0,144,0,3,70,0,28.000,0,0,0,0,0,0,0,0,0,0,0,0,0,0,0,0,1,1,1,1,1,1,0,0,0,1432,0,0,0,0,0,0,0,0,0
0.089750,0.00,0.000,0.000,0,0,0.000,0,0,18.000,39.000,55.000,0,0,0,0,0,0,0,0,0,0,0,144,0,3,70,0,28.000,0,0,0,0,0,0,0,0,0,0,0,0,0,0,0,0,1,1,1,1,1,1,0,0,0,1436,0,0,0,0,0,0,0,0,0
0.090000,0.00,0.000,0.000,0,0,0.000,0,0,18.000,39.000,55.000,0,0,0,0,0,0,0,0,0,0,0,144,0,3,70,0,28.000,0,0,0,0,0,0,0,0,0,0,0,0,0,0,0,0,1,1,1,1,1,1,0,0,0,1440,0,0,0,0,0,0,0,0,0
0.090250,0.00,0.000,0.000,0,0,0.000,0,0,18.000,39.000,55.000,0,0,0,0,0,0,0,0,0,0,0,144,0,3,70,0,28.000,0,0,0,0,0,0,0,0,0,0,0,0,0,0,0,0,1,1,1,1,1,1,0,0,0,1444,0,0,0,0,0,0,0,0,0
0.090500,0.00,0.000,0.000,0,0,0.000,0,0,18.000,39.000,55.000,0,0,0,0,0,0,0,0,0,0,0,144,0,3,70,0,28.000,0,0,0,0,0,0,0,0,0,0,0,0,0,0,0,0,1,1,1,1,1,1,0,0,0,1448,0,0,0,0,0,0,0,0,0
0.090750,0.00,0.000,0.000,0,0,0.000,0,0,18.000,39.000,55.000,0,0,0,0,0,0,0,0,0,0,0,144,0,3,70,0,28.000,0,0,0,0,0,0,0,0,0,0,0,0,0,0,0,0,1,1,1,1,1,1,0,0,0,1452,0,0,0,0,0,0,0,0,0
0.091000,0.00,0.000,0.000,0,0,0.000,0,0,18.000,39.000,55.000,0,0,0,0,0,0,0,0,0,0,0,144,0,3,70,0,28.000,0,0,0,0,0,0,0,0,0,0,0,0,0,0,0,0,1,1,1,1,1,1,0,0,0,1456,0,0,0,0,0,0,0,0,0
0.091250,0.00,0.000,0.000,0,0,0.000,0,0,18.000,39.000,55.000,0,0,0,0,0,0,0,0,0,0,0,144,0,3,70,0,28.000,0,0,0,0,0,0,0,0,0,0,0,0,0,0,0,0,1,1,1,1,1,1,0,0,0,1460,0,0,0,0,0,0,0,0,0
0.091500,0.00,0.000,0.000,0,0,0.000,0,0,18.000,39.000,55.000,0,0,0,0,0,0,0,0,0,0,0,144,0,3,70,0,28.000,0,0,0,0,0,0,0,0,0,0,0,0,0,0,0,0,1,1,1,1,1,1,0,0,0,1464,0,0,0,0,0,0,0,0,0
0.091750,0.00,0.000,0.000,0,0,0.000,0,0,18.000,39.000,55.000,0,0,0,0,0,0,0,0,0,0,0,144,0,3,70,0,28.000,0,0,0,0,0,0,0,0,0,0,0,0,0,0,0,0,1,1,1,1,1,1,0,0,0,1468,0,0,0,0,0,0,0,0,0
0.092000,0.00,0.000,0.000,0,0,0.000,0,0,18.000,39.000,55.000,0,0,0,0,0,0,0,0,0,0,0,144,0,3,70,0,28.000,0,0,0,0,0,0,0,0,0,0,0,0,0,0,0,0,1,1,1,1,1,1,0,0,0,1472,0,0,0,0,0,0,0,0,0
0.092250,0.00,0.000,0.000,0,0,0.000,0,0,18.000,39.000,55.000,0,0,0,0,0,0,0,0,0,0,0,144,0,3,70,0,28.000,0,0,0,0,0,0,0,0,0,0,0,0,0,0,0,0,1,1,1,1,1,1,0,0,0,1476,0,0,0,0,0,0,0,0,0
0.092500,0.00,0.000,0.000,0,0,0.000,0,0,18.000,39.000,55.000,0,0,0,0,0,0,0,0,0,0,0,144,0,3,70,0,28.000,0,0,0,0,0,0,0,0,0,0,0,0,0,0,0,0,1,1,1,1,1,1,0,0,0,1480,0,0,0,0,0,0,0,0,0
0.092750,0.00,0.000,0.000,0,0,0.000,0,0,18.000,39.000,55.000,0,0,0,0,0,0,0,0,0,0,0,144,0,3,70,0,28.000,0,0,0,0,0,0,0,0,0,0,0,0,0,0,0,0,1,1,1,1,1,1,0,0,0,1484,0,0,0,0,0,0,0,0,0
0.093000,0.00,0.000,0.000,0,0,0.000,0,0,18.000,39.000,55.000,0,0,0,0,0,0,0,0,0,0,0,144,0,3,70,0,28.000,0,0,0,0,0,0,0,0,0,0,0,0,0,0,0,0,1,1,1,1,1,1,0,0,0,1488,0,0,0,0,0,0,0,0,0
0.093250,0.00,0.000,0.000,0,0,0.000,0,0,18.000,39.000,55.000,0,0,0,0,0,0,0,0,0,0,0,144,0,3,70,0,28.000,0,0,0,0,0,0,0,0,0,0,0,0,0,0,0,0,1,1,1,1,1,1,0,0,0,1492,0,0,0,0,0,0,0,0,0
0.093500,0.00,0.000,0.000,0,0,0.000,0,0,18.000,39.000,55.000,0,0,0,0,0,0,0,0,0,0,0,144,0,3,70,0,28.000,0,0,0,0,0,0,0,0,0,0,0,0,0,0,0,0,1,1,1,1,1,1,0,0,0,1496,0,0,0,0,0,0,0,0,0
0.093750,0.00,0.000,0.000,0,0,0.000,0,0,18.000,39.000,55.000,0,0,0,0,0,0,0,0,0,0,0,144,0,3,70,0,28.000,0,0,0,0,0,0,0,0,0,0,0,0,0,0,0,0,1,1,1,1,1,1,0,0,0,1500,0,0,0,0,0,0,0,0,0
0.094000,0.00,0.000,0.000,0,0,0.000,0,0,18.000,39.000,55.000,0,0,0,0,0,0,0,0,0,0,0,144,0,3,70,0,28.000,0,0,0,0,0,0,0,0,0,0,0,0,0,0,0,0,1,1,1,1,1,1,0,0,0,1504,0,0,0,0,0,0,0,0,0
0.094250,0.00,0.000,0.000,0,0,0.000,0,0,18.000,39.000,55.000,0,0,0,0,0,0,0,0,0,0,0,144,0,3,70,0,28.000,0,0,0,0,0,0,0,0,0,0,0,0,0,0,0,0,1,1,1,1,1,1,0,0,0,1508,0,0,0,0,0,0,0,0,0
0.094500,0.00,0.000,0.000,0,0,0.000,0,0,18.000,39.000,55.000,0,0,0,0,0,0,0,0,0,0,0,144,0,3,70,0,28.000,0,0,0,0,0,0,0,0,0,0,0,0,0,0,0,0,1,1,1,1,1,1,0,0,0,1512,0,0,0,0,0,0,0,0,0
0.094750,0.00,0.000,0.000,0,0,0.000,0,0,18.000,39.000,55.000,0,0,0,0,0,0,0,0,0,0,0,144,0,3,70,0,28.000,0,0,0,0,0,0,0,0,0,0,0,0,0,0,0,0,1,1,1,1,1,1,0,0,0,1516,0,0,0,0,0,0,0,0,0
0.095000,0.00,0.000,0.000,0,0,0.000,0,0,18.000,39.000,55.000,0,0,0,0,0,0,0,0,0,0,0,144,0,3,70,0,28.000,0,0,0,0,0,0,0,0,0,0,0,0,0,0,0,0,1,1,1,1,1,1,0,0,0,1520,0,0,0,0,0,0,0,0,0
0.095250,0.00,0.000,0.000,0,0,0.000,0,0,18.000,39.000,55.000,0,0,0,0,0,0,0,0,0,0,0,144,0,3,70,0,28.000,0,0,0,0,0,0,0,0,0,0,0,0,0,0,0,0,1,1,1,1,1,1,0,0,0,1524,0,0,0,0,0,0,0,0,0
0.095500,0.00,0.000,0.000,0,0,0.000,0,0,18.000,39.000,55.000,0,0,0,0,0,0,0,0,0,0,0,144,0,3,70,0,28.000,0,0,0,0,0,0,0,0,0,0,0,0,0,0,0,0,1,1,1,1,1,1,0,0,0,1528,0,0,0,0,0,0,0,0,0
0.095750,0.00,0.000,0.000,0,0,0.000,0,0,18.000,39.000,55.000,0,0,0,0,0,0,0,0,0,0,0,144,0,3,70,0,28.000,0,0,0,0,0,0,0,0,0,0,0,0,0,0,0,0,1,1,1,1,1,1,0,0,0,1532,0,0,0,0,0,0,0,0,0
0.096000,0.00,0.000,0.000,0,0,0.000,0,0,18.000,39.000,55.000,0,0,0,0,0,0,0,0,0,0,0,144,0,3,70,0,28.000,0,0,0,0,0,0,0,0,0,0,0,0,0,0,0,0,1,1,1,1,1,1,0,0,0,1536,0,0,0,0,0,0,0,0,0
0.096250,0.00,0.000,0.000,0,0,0.000,0,0,18.000,39.000,55.000,0,0,0,0,0,0,0,0,0,0,0,144,0,3,70,0,28.000,0,0,0,0,0,0,0,0,0,0,0,0,0,0,0,0,1,1,1,1,1,1,0,0,0,1540,0,0,0,0,0,0,0,0,0
0.096500,0.00,0.000,0.000,0,0,0.000,0,0,18.000,39.000,55.000,0,0,0,0,0,0,0,0,0,0,0,144,0,3,70,0,28.000,0,0,0,0,0,0,0,0,0,0,0,0,0,0,0,0,1,1,1,1,1,1,0,0,0,1544,0,0,0,0,0,0,0,0,0
0.096750,0.00,0.000,0.000,0,0,0.000,0,0,18.000,39.000,55.000,0,0,0,0,0,0,0,0,0,0,0,144,0,3,70,0,28.000,0,0,0,0,0,0,0,0,0,0,0,0,0,0,0,0,1,1,1,1,1,1,0,0,0,1548,0,0,0,0,0,0,0,0,0
0.097000,0.00,0.000,0.000,0,0,0.000,0,0,18.000,39.000,55.000,0,0,0,0,0,0,0,0,0,0,0,144,0,3,70,0,28.000,0,0,0,0,0,0,0,0,0,0,0,0,0,0,0,0,1,1,1,1,1,1,0,0,0,1552,0,0,0,0,0,0,0,0,0
0.097250,0.00,0.000,0.000,0,0,0.000,0,0,18.000,39.000,55.000,0,0,0,0,0,0,0,0,0,0,0,144,0,3,70,0,28.000,0,0,0,0,0,0,0,0,0,0,0,0,0,0,0,0,1,1,1,1,1,1,0,0,0,1556,0,0,0,0,0,0,0,0,0
0.097500,0.00,0.000,0.000,0,0,0.000,0,0,18.000,39.000,55.000,0,0,0,0,0,0,0,0,0,0,0,144,0,3,70,0,28.000,0,0,0,0,0,0,0,0,0,0,0,0,0,0,0,0,1,1,1,1,1,1,0,0,0,1560,0,0,0,0,0,0,0,0,0
0.097750,0.00,0.000,0.000,0,0,0.000,0,0,18.000,39.000,55.000,0,0,0,0,0,0,0,0,0,0,0,144,0,3,70,0,28.000,0,0,0,0,0,0,0,0,0,0,0,0,0,0,0,0,1,1,1,1,1,1,0,0,0,1564,0,0,0,0,0,0,0,0,0
0.098000,0.00,0.000,0.000,0,0,0.000,0,0,18.000,39.000,55.000,0,0,0,0,0,0,0,0,0,0,0,144,0,3,70,0,28.000,0,0,0,0,0,0,0,0,0,0,0,0,0,0,0,0,1,1,1,1,1,1,0,0,0,1568,0,0,0,0,0,0,0,0,0
0.098250,0.00,0.000,0.000,0,0,0.000,0,0,18.000,39.000,55.000,0,0,0,0,0,0,0,0,0,0,0,144,0,3,70,0,28.000,0,0,0,0,0,0,0,0,0,0,0,0,0,0,0,0,1,1,1,1,1,1,0,0,0,1572,0,0,0,0,0,0,0,0,0
0.098500,0.00,0.000,0.000,0,0,0.000,0,0,18.000,39.000,55.000,0,0,0,0,0,0,0,0,0,0,0,144,0,3,70,0,28.000,0,0,0,0,0,0,0,0,0,0,0,0,0,0,0,0,1,1,1,1,1,1,0,0,0,1576,0,0,0,0,0,0,0,0,0
0.098750,0.00,0.000,0.000,0,0,0.000,0,0,18.000,39.000,55.000,0,0,0,0,0,0,0,0,0,0,0,144,0,3,70,0,28.000,0,0,0,0,0,0,0,0,0,0,0,0,0,0,0,0,1,1,1,1,1,1,0,0,0,1580,0,0,0,0,0,0,0,0,0
0.099000,0.00,0.000,0.000,0,0,0.000,0,0,18.000,39.000,55.000,0,0,0,0,0,0,0,0,0,0,0,144,0,3,70,0,28.000,0,0,0,0,0,0,0,0,0,0,0,0,0,0,0,0,1,1,1,1,1,1,0,0,0,1584,0,0,0,0,0,0,0,0,0
0.099250,0.00,0.000,0.000,0,0,0.000,0,0,18.000,39.000,55.000,0,0,0,0,0,0,0,0,0,0,0,144,0,3,70,0,28.000,0,0,0,0,0,0,0,0,0,0,0,0,0,0,0,0,1,1,1,1,1,1,0,0,0,1588,0,0,0,0,0,0,0,0,0
0.099500,0.00,0.000,0.000,0,0,0.000,0,0,18.000,39.000,55.000,0,0,0,0,0,0,0,0,0,0,0,144,0,3,70,0,28.000,0,0,0,0,0,0,0,0,0,0,0,0,0,0,0,0,1,1,1,1,1,1,0,0,0,1592,0,0,0,0,0,0,0,0,0
0.099750,0.00,0.000,0.000,0,0,0.000,0,0,18.000,39.000,55.000,0,0,0,0,0,0,0,0,0,0,0,144,0,3,70,0,28.000,0,0,0,0,0,0,0,0,0,0,0,0,0,0,0,0,1,1,1,1,1,1,0,0,0,1596,0,0,0,0,0,0,0,0,0
0.100000,0.00,0.000,0.000,0,0,0.000,0,0,18.000,39.000,55.000,0,0,0,0,0,0,0,0,0,0,0,144,0,3,70,0,28.000,0,0,0,0,0,0,0,0,0,0,0,0,0,0,0,0,1,1,1,1,1,1,0,0,0,1600,0,0,0,0,0,0,0,0,0
0.100250,0.00,0.000,0.000,0,0,0.000,0,0,18.000,39.000,55.000,0,0,0,0,0,0,0,0,0,0,0,144,0,3,70,0,28.000,0,0,0,0,0,0,0,0,0,0,0,0,0,0,0,0,1,1,1,1,1,1,0,0,0,1604,0,0,0,0,0,0,0,0,0
0.100500,0.00,0.000,0.000,0,0,0.000,0,0,18.000,39.000,55.000,0,0,0,0,0,0,0,0,0,0,0,144,0,3,70,0,28.000,0,0,0,0,0,0,0,0,0,0,0,0,0,0,0,0,1,1,1,1,1,1,0,0,0,1608,0,0,0,0,0,0,0,0,0
0.100750,0.00,0.000,0.000,0,0,0.000,0,0,18.000,39.000,55.000,0,0,0,0,0,0,0,0,0,0,0,144,0,3,70,0,28.000,0,0,0,0,0,0,0,0,0,0,0,0,0,0,0,0,1,1,1,1,1,1,0,0,0,1612,0,0,0,0,0,0,0,0,0
0.101000,0.00,0.000,0.000,0,0,0.000,0,0,18.000,39.000,55.000,0,0,0,0,0,0,0,0,0,0,0,144,0,3,70,0,28.000,0,0,0,0,0,0,0,0,0,0,0,0,0,0,0,0,1,1,1,1,1,1,0,0,0,1616,0,0,0,0,0,0,0,0,0
0.101250,0.00,0.000,0.000,0,0,0.000,0,0,18.000,39.000,55.000,0,0,0,0,0,0,0,0,0,0,0,144,0,3,70,0,28.000,0,0,0,0,0,0,0,0,0,0,0,0,0,0,0,0,1,1,1,1,1,1,0,0,0,1620,0,0,0,0,0,0,0,0,0
0.101500,0.00,0.000,0.000,0,0,0.000,0,0,18.000,39.000,55.000,0,0,0,0,0,0,0,0,0,0,0,144,0,3,70,0,28.000,0,0,0,0,0,0,0,0,0,0,0,0,0,0,0,0,1,1,1,1,1,1,0,0,0,1624,0,0,0,0,0,0,0,0,0
0.101750,0.00,0.000,0.000,0,0,0.000,0,0,18.000,39.000,55.000,0,0,0,0,0,0,0,0,0,0,0,144,0,3,70,0,28.000,0,0,0,0,0,0,0,0,0,0,0,0,0,0,0,0,1,1,1,1,1,1,0,0,0,1628,0,0,0,0,0,0,0,0,0
0.102000,0.00,0.000,0.000,0,0,0.000,0,0,18.000,39.000,55.000,0,0,0,0,0,0,0,0,0,0,0,144,0,3,70,0,28.000,0,0,0,0,0,0,0,0,0,0,0,0,0,0,0,0,1,1,1,1,1,1,0,0,0,1632,0,0,0,0,0,0,0,0,0
0.102250,0.00,0.000,0.000,0,0,0.000,0,0,18.000,39.000,55.000,0,0,0,0,0,0,0,0,0,0,0,144,0,3,70,0,28.000,0,0,0,0,0,0,0,0,0,0,0,0,0,0,0,0,1,1,1,1,1,1,0,0,0,1636,0,0,0,0,0,0,0,0,0
0.102500,0.00,0.000,0.000,0,0,0.000,0,0,18.000,39.000,55.000,0,0,0,0,0,0,0,0,0,0,0,144,0,3,70,0,28.000,0,0,0,0,0,0,0,0,0,0,0,0,0,0,0,0,1,1,1,1,1,1,0,0,0,1640,0,0,0,0,0,0,0,0,0
0.102750,0.00,0.000,0.000,0,0,0.000,0,0,18.000,39.000,55.000,0,0,0,0,0,0,0,0,0,0,0,144,0,3,70,0,28.000,0,0,0,0,0,0,0,0,0,0,0,0,0,0,0,0,1,1,1,1,1,1,0,0,0,1644,0,0,0,0,0,0,0,0,0
0.103000,0.00,0.000,0.000,0,0,0.000,0,0,18.000,39.000,55.000,0,0,0,0,0,0,0,0,0,0,0,144,0,3,70,0,28.000,0,0,0,0,0,0,0,0,0,0,0,0,0,0,0,0,1,1,1,1,1,1,0,0,0,1648,0,0,0,0,0,0,0,0,0
0.103250,0.00,0.000,0.000,0,0,0.000,0,0,18.000,39.000,55.000,0,0,0,0,0,0,0,0,0,0,0,144,0,3,70,0,28.000,0,0,0,0,0,0,0,0,0,0,0,0,0,0,0,0,1,1,1,1,1,1,0,0,0,1652,0,0,0,0,0,0,0,0,0
0.103500,0.00,0.000,0.000,0,0,0.000,0,0,18.000,39.000,55.000,0,0,0,0,0,0,0,0,0,0,0,144,0,3,70,0,28.000,0,0,0,0,0,0,0,0,0,0,0,0,0,0,0,0,1,1,1,1,1,1,0,0,0,1656,0,0,0,0,0,0,0,0,0
0.103750,0.00,0.000,0.000,0,0,0.000,0,0,18.000,39.000,55.000,0,0,0,0,0,0,0,0,0,0,0,144,0,3,70,0,28.000,0,0,0,0,0,0,0,0,0,0,0,0,0,0,0,0,1,1,1,1,1,1,0,0,0,1660,0,0,0,0,0,0,0,0,0
0.104000,0.00,0.000,0.000,0,0,0.000,0,0,18.000,39.000,55.000,0,0,0,0,0,0,0,0,0,0,0,144,0,3,70,0,28.000,0,0,0,0,0,0,0,0,0,0,0,0,0,0,0,0,1,1,1,1,1,1,0,0,0,1664,0,0,0,0,0,0,0,0,0
0.104250,0.00,0.000,0.000,0,0,0.000,0,0,18.000,39.000,55.000,0,0,0,0,0,0,0,0,0,0,0,144,0,3,70,0,28.000,0,0,0,0,0,0,0,0,0,0,0,0,0,0,0,0,1,1,1,1,1,1,0,0,0,1668,0,0,0,0,0,0,0,0,0
0.104500,0.00,0.000,0.000,0,0,0.000,0,0,18.000,39.000,55.000,0,0,0,0,0,0,0,0,0,0,0,144,0,3,70,0,28.000,0,0,0,0,0,0,0,0,0,0,0,0,0,0,0,0,1,1,1,1,1,1,0,0,0,1672,0,0,0,0,0,0,0,0,0
0.104750,0.00,0.000,0.000,0,0,0.000,0,0,18.000,39.000,55.000,0,0,0,0,0,0,0,0,0,0,0,144,0,3,70,0,28.000,0,0,0,0,0,0,0,0,0,0,0,0,0,0,0,0,1,1,1,1,1,1,0,0,0,1676,0,0,0,0,0,0,0,0,0
0.105000,0.00,0.000,0.000,0,0,0.000,0,0,18.000,39.000,55.000,0,0,0,0,0,0,0,0,0,0,0,144,0,3,70,0,28.000,0,0,0,0,0,0,0,0,0,0,0,0,0,0,0,0,1,1,1,1,1,1,0,0,0,1680,0,0,0,0,0,0,0,0,0
0.105250,0.00,0.000,0.000,0,0,0.000,0,0,18.000,39.000,55.000,0,0,0,0,0,0,0,0,0,0,0,144,0,3,70,0,28.000,0,0,0,0,0,0,0,0,0,0,0,0,0,0,0,0,1,1,1,1,1,1,0,0,0,1684,0,0,0,0,0,0,0,0,0
0.105500,0.00,0.000,0.000,0,0,0.000,0,0,18.000,39.000,55.000,0,0,0,0,0,0,0,0,0,0,0,144,0,3,70,0,28.000,0,0,0,0,0,0,0,0,0,0,0,0,0,0,0,0,1,1,1,1,1,1,0,0,0,1688,0,0,0,0,0,0,0,0,0
0.105750,0.00,0.000,0.000,0,0,0.000,0,0,18.000,39.000,55.000,0,0,0,0,0,0,0,0,0,0,0,144,0,3,70,0,28.000,0,0,0,0,0,0,0,0,0,0,0,0,0,0,0,0,1,1,1,1,1,1,0,0,0,1692,0,0,0,0,0,0,0,0,0
0.106000,0.00,0.000,0.000,0,0,0.000,0,0,18.000,39.000,55.000,0,0,0,0,0,0,0,0,0,0,0,144,0,3,70,0,28.000,0,0,0,0,0,0,0,0,0,0,0,0,0,0,0,0,1,1,1,1,1,1,0,0,0,1696,0,0,0,0,0,0,0,0,0
0.106250,0.00,0.000,0.000,0,0,0.000,0,0,18.000,39.000,55.000,0,0,0,0,0,0,0,0,0,0,0,144,0,3,70,0,28.000,0,0,0,0,0,0,0,0,0,0,0,0,0,0,0,0,1,1,1,1,1,1,0,0,0,1700,0,0,0,0,0,0,0,0,0
0.106500,0.00,0.000,0.000,0,0,0.000,0,0,18.000,39.000,55.000,0,0,0,0,0,0,0,0,0,0,0,144,0,3,70,0,28.000,0,0,0,0,0,0,0,0,0,0,0,0,0,0,0,0,1,1,1,1,1,1,0,0,0,1704,0,0,0,0,0,0,0,0,0
0.106750,0.00,0.000,0.000,0,0,0.000,0,0,18.000,39.000,55.000,0,0,0,0,0,0,0,0,0,0,0,144,0,3,70,0,28.000,0,0,0,0,0,0,0,0,0,0,0,0,0,0,0,0,1,1,1,1,1,1,0,0,0,1708,0,0,0,0,0,0,0,0,0
0.107000,0.00,0.000,0.000,0,0,0.000,0,0,18.000,39.000,55.000,0,0,0,0,0,0,0,0,0,0,0,144,0,3,70,0,28.000,0,0,0,0,0,0,0,0,0,0,0,0,0,0,0,0,1,1,1,1,1,1,0,0,0,1712,0,0,0,0,0,0,0,0,0
0.107250,0.00,0.000,0.000,0,0,0.000,0,0,18.000,39.000,55.000,0,0,0,0,0,0,0,0,0,0,0,144,0,3,70,0,28.000,0,0,0,0,0,0,0,0,0,0,0,0,0,0,0,0,1,1,1,1,1,1,0,0,0,1716,0,0,0,0,0,0,0,0,0
0.107500,0.00,0.000,0.000,0,0,0.000,0,0,18.000,39.000,55.000,0,0,0,0,0,0,0,0,0,0,0,144,0,3,70,0,28.000,0,0,0,0,0,0,0,0,0,0,0,0,0,0,0,0,1,1,1,1,1,1,0,0,0,1720,0,0,0,0,0,0,0,0,0
0.107750,0.00,0.000,0.000,0,0,0.000,0,0,18.000,39.000,55.000,0,0,0,0,0,0,0,0,0,0,0,144,0,3,70,0,28.000,0,0,0,0,0,0,0,0,0,0,0,0,0,0,0,0,1,1,1,1,1,1,0,0,0,1724,0,0,0,0,0,0,0,0,0
0.108000,0.00,0.000,0.000,0,0,0.000,0,0,18.000,39.000,55.000,0,0,0,0,0,0,0,0,0,0,0,144,0,3,70,0,28.000,0,0,0,0,0,0,0,0,0,0,0,0,0,0,0,0,1,1,1,1,1,1,0,0,0,1728,0,0,0,0,0,0,0,0,0
0.108250,0.00,0.000,0.000,0,0,0.000,0,0,18.000,39.000,55.000,0,0,0,0,0,0,0,0,0,0,0,144,0,3,70,0,28.000,0,0,0,0,0,0,0,0,0,0,0,0,0,0,0,0,1,1,1,1,1,1,0,0,0,1732,0,0,0,0,0,0,0,0,0
0.108500,0.00,0.000,0.000,0,0,0.000,0,0,18.000,39.000,55.000,0,0,0,0,0,0,0,0,0,0,0,144,0,3,70,0,28.000,0,0,0,0,0,0,0,0,0,0,0,0,0,0,0,0,1,1,1,1,1,1,0,0,0,1736,0,0,0,0,0,0,0,0,0
0.108750,0.00,0.000,0.000,0,0,0.000,0,0,18.000,39.000,55.000,0,0,0,0,0,0,0,0,0,0,0,144,0,3,70,0,28.000,0,0,0,0,0,0,0,0,0,0,0,0,0,0,0,0,1,1,1,1,1,1,0,0,0,1740,0,0,0,0,0,0,0,0,0
0.109000,0.00,0.000,0.000,0,0,0.000,0,0,18.000,39.000,55.000,0,0,0,0,0,0,0,0,0,0,0,144,0,3,70,0,28.000,0,0,0,0,0,0,0,0,0,0,0,0,0,0,0,0,1,1,1,1,1,1,0,0,0,1744,0,0,0,0,0,0,0,0,0
0.109250,0.00,0.000,0.000,0,0,0.000,0,0,18.000,39.000,55.000,0,0,0,0,0,0,0,0,0,0,0,144,0,3,70,0,28.000,0,0,0,0,0,0,0,0,0,0,0,0,0,0,0,0,1,1,1,1,1,1,0,0,0,1748,0,0,0,0,0,0,0,0,0
0.109500,0.00,0.000,0.000,0,0,0.000,0,0,18.000,39.000,55.000,0,0,0,0,0,0,0,0,0,0,0,144,0,3,70,0,28.000,0,0,0,0,0,0,0,0,0,0,0,0,0,0,0,0,1,1,1,1,1,1,0,0,0,1752,0,0,0,0,0,0,0,0,0
0.109750,0.00,0.000,0.000,0,0,0.000,0,0,18.000,39.000,55.000,0,0,0,0,0,0,0,0,0,0,0,144,0,3,70,0,28.000,0,0,0,0,0,0,0,0,0,0,0,0,0,0,0,0,1,1,1,1,1,1,0,0,0,1756,0,0,0,0,0,0,0,0,0
0.110000,0.00,0.000,0.000,0,0,0.000,0,0,18.000,39.000,55.000,0,0,0,0,0,0,0,0,0,0,0,144,0,3,70,0,28.000,0,0,0,0,0,0,0,0,0,0,0,0,0,0,0,0,1,1,1,1,1,1,0,0,0,1760,0,0,0,0,0,0,0,0,0
0.110250,0.00,0.000,0.000,0,0,0.000,0,0,18.000,39.000,55.000,0,0,0,0,0,0,0,0,0,0,0,144,0,3,70,0,28.000,0,0,0,0,0,0,0,0,0,0,0,0,0,0,0,0,1,1,1,1,1,1,0,0,0,1764,0,0,0,0,0,0,0,0,0
0.110500,0.00,0.000,0.000,0,0,0.000,0,0,18.000,39.000,55.000,0,0,0,0,0,0,0,0,0,0,0,144,0,3,70,0,28.000,0,0,0,0,0,0,0,0,0,0,0,0,0,0,0,0,1,1,1,1,1,1,0,0,0,1768,0,0,0,0,0,0,0,0,0
0.110750,0.00,0.000,0.000,0,0,0.000,0,0,18.000,39.000,55.000,0,0,0,0,0,0,0,0,0,0,0,144,0,3,70,0,28.000,0,0,0,0,0,0,0,0,0,0,0,0,0,0,0,0,1,1,1,1,1,1,0,0,0,1772,0,0,0,0,0,0,0,0,0
0.111000,0.00,0.000,0.000,0,0,0.000,0,0,18.000,39.000,55.000,0,0,0,0,0,0,0,0,0,0,0,144,0,3,70,0,28.000,0,0,0,0,0,0,0,0,0,0,0,0,0,0,0,0,1,1,1,1,1,1,0,0,0,1776,0,0,0,0,0,0,0,0,0
0.111250,0.00,0.000,0.000,0,0,0.000,0,0,18.000,39.000,55.000,0,0,0,0,0,0,0,0,0,0,0,144,0,3,70,0,28.000,0,0,0,0,0,0,0,0,0,0,0,0,0,0,0,0,1,1,1,1,1,1,0,0,0,1780,0,0,0,0,0,0,0,0,0
0.111500,0.00,0.000,0.000,0,0,0.000,0,0,18.000,39.000,55.000,0,0,0,0,0,0,0,0,0,0,0,144,0,3,70,0,28.000,0,0,0,0,0,0,0,0,0,0,0,0,0,0,0,0,1,1,1,1,1,1,0,0,0,1784,0,0,0,0,0,0,0,0,0
0.111750,0.00,0.000,0.000,0,0,0.000,0,0,18.000,39.000,55.000,0,0,0,0,0,0,0,0,0,0,0,144,0,3,70,0,28.000,0,0,0,0,0,0,0,0,0,0,0,0,0,0,0,0,1,1,1,1,1,1,0,0,0,1788,0,0,0,0,0,0,0,0,0
0.112000,0.00,0.000,0.000,0,0,0.000,0,0,18.000,39.000,55.000,0,0,0,0,0,0,0,0,0,0,0,144,0,3,70,0,28.000,0,0,0,0,0,0,0,0,0,0,0,0,0,0,0,0,1,1,1,1,1,1,0,0,0,1792,0,0,0,0,0,0,0,0,0
0.112250,0.00,0.000,0.000,0,0,0.000,0,0,18.000,39.000,55.000,0,0,0,0,0,0,0,0,0,0,0,144,0,3,70,0,28.000,0,0,0,0,0,0,0,0,0,0,0,0,0,0,0,0,1,1,1,1,1,1,0,0,0,1796,0,0,0,0,0,0,0,0,0
0.112500,0.00,0.000,0.000,0,0,0.000,0,0,18.000,39.000,55.000,0,0,0,0,0,0,0,0,0,0,0,144,0,3,70,0,28.000,0,0,0,0,0,0,0,0,0,0,0,0,0,0,0,0,1,1,1,1,1,1,0,0,0,1800,0,0,0,0,0,0,0,0,0
0.112750,0.00,0.000,0.000,0,0,0.000,0,0,18.000,39.000,55.000,0,0,0,0,0,0,0,0,0,0,0,144,0,3,70,0,28.000,0,0,0,0,0,0,0,0,0,0,0,0,0,0,0,0,1,1,1,1,1,1,0,0,0,1804,0,0,0,0,0,0,0,0,0
0.113000,0.00,0.000,0.000,0,0,0.000,0,0,18.000,39.000,55.000,0,0,0,0,0,0,0,0,0,0,0,144,0,3,70,0,28.000,0,0,0,0,0,0,0,0,0,0,0,0,0,0,0,0,1,1,1,1,1,1,0,0,0,1808,0,0,0,0,0,0,0,0,0
0.113250,0.00,0.000,0.000,0,0,0.000,0,0,18.000,39.000,55.000,0,0,0,0,0,0,0,0,0,0,0,144,0,3,70,0,28.000,0,0,0,0,0,0,0,0,0,0,0,0,0,0,0,0,1,1,1,1,1,1,0,0,0,1812,0,0,0,0,0,0,0,0,0
0.113500,0.00,0.000,0.000,0,0,0.000,0,0,18.000,39.000,55.000,0,0,0,0,0,0,0,0,0,0,0,144,0,3,70,0,28.000,0,0,0,0,0,0,0,0,0,0,0,0,0,0,0,0,1,1,1,1,1,1,0,0,0,1816,0,0,0,0,0,0,0,0,0
0.113750,0.00,0.000,0.000,0,0,0.000,0,0,18.000,39.000,55.000,0,0,0,0,0,0,0,0,0,0,0,144,0,3,70,0,28.000,0,0,0,0,0,0,0,0,0,0,0,0,0,0,0,0,1,1,1,1,1,1,0,0,0,1820,0,0,0,0,0,0,0,0,0
0.114000,0.00,0.000,0.000,0,0,0.000,0,0,18.000,39.000,55.000,0,0,0,0,0,0,0,0,0,0,0,144,0,3,70,0,28.000,0,0,0,0,0,0,0,0,0,0,0,0,0,0,0,0,1,1,1,1,1,1,0,0,0,1824,0,0,0,0,0,0,0,0,0
0.114250,0.00,0.000,0.000,0,0,0.000,0,0,18.000,39.000,55.000,0,0,0,0,0,0,0,0,0,0,0,144,0,3,70,0,28.000,0,0,0,0,0,0,0,0,0,0,0,0,0,0,0,0,1,1,1,1,1,1,0,0,0,1828,0,0,0,0,0,0,0,0,0
0.114500,0.00,0.000,0.000,0,0,0.000,0,0,18.000,39.000,55.000,0,0,0,0,0,0,0,0,0,0,0,144,0,3,70,0,28.000,0,0,0,0,0,0,0,0,0,0,0,0,0,0,0,0,1,1,1,1,1,1,0,0,0,1832,0,0,0,0,0,0,0,0,0
0.114750,0.00,0.000,0.000,0,0,0.000,0,0,18.000,39.000,55.000,0,0,0,0,0,0,0,0,0,0,0,144,0,3,70,0,28.000,0,0,0,0,0,0,0,0,0,0,0,0,0,0,0,0,1,1,1,1,1,1,0,0,0,1836,0,0,0,0,0,0,0,0,0
0.115000,0.00,0.000,0.000,0,0,0.000,0,0,18.000,39.000,55.000,0,0,0,0,0,0,0,0,0,0,0,144,0,3,70,0,28.000,0,0,0,0,0,0,0,0,0,0,0,0,0,0,0,0,1,1,1,1,1,1,0,0,0,1840,0,0,0,0,0,0,0,0,0
0.115250,0.00,0.000,0.000,0,0,0.000,0,0,18.000,39.000,55.000,0,0,0,0,0,0,0,0,0,0,0,144,0,3,70,0,28.000,0,0,0,0,0,0,0,0,0,0,0,0,0,0,0,0,1,1,1,1,1,1,0,0,0,1844,0,0,0,0,0,0,0,0,0
0.115500,0.00,0.000,0.000,0,0,0.000,0,0,18.000,39.000,55.000,0,0,0,0,0,0,0,0,0,0,0,144,0,3,70,0,28.000,0,0,0,0,0,0,0,0,0,0,0,0,0,0,0,0,1,1,1,1,1,1,0,0,0,1848,0,0,0,0,0,0,0,0,0
0.115750,0.00,0.000,0.000,0,0,0.000,0,0,18.000,39.000,55.000,0,0,0,0,0,0,0,0,0,0,0,144,0,3,70,0,28.000,0,0,0,0,0,0,0,0,0,0,0,0,0,0,0,0,1,1,1,1,1,1,0,0,0,1852,0,0,0,0,0,0,0,0,0
0.116000,0.00,0.000,0.000,0,0,0.000,0,0,18.000,39.000,55.000,0,0,0,0,0,0,0,0,0,0,0,144,0,3,70,0,28.000,0,0,0,0,0,0,0,0,0,0,0,0,0,0,0,0,1,1,1,1,1,1,0,0,0,1856,0,0,0,0,0,0,0,0,0
0.116250,0.00,0.000,0.000,0,0,0.000,0,0,18.000,39.000,55.000,0,0,0,0,0,0,0,0,0,0,0,144,0,3,70,0,28.000,0,0,0,0,0,0,0,0,0,0,0,0,0,0,0,0,1,1,1,1,1,1,0,0,0,1860,0,0,0,0,0,0,0,0,0
0.116500,0.00,0.000,0.000,0,0,0.000,0,0,18.000,39.000,55.000,0,0,0,0,0,0,0,0,0,0,0,144,0,3,70,0,28.000,0,0,0,0,0,0,0,0,0,0,0,0,0,0,0,0,1,1,1,1,1,1,0,0,0,1864,0,0,0,0,0,0,0,0,0
0.116750,0.00,0.000,0.000,0,0,0.000,0,0,18.000,39.000,55.000,0,0,0,0,0,0,0,0,0,0,0,144,0,3,70,0,28.000,0,0,0,0,0,0,0,0,0,0,0,0,0,0,0,0,1,1,1,1,1,1,0,0,0,1868,0,0,0,0,0,0,0,0,0
0.117000,0.00,0.000,0.000,0,0,0.000,0,0,18.000,39.000,55.000,0,0,0,0,0,0,0,0,0,0,0,144,0,3,70,0,28.000,0,0,0,0,0,0,0,0,0,0,0,0,0,0,0,0,1,1,1,1,1,1,0,0,0,1872,0,0,0,0,0,0,0,0,0
0.117250,0.00,0.000,0.000,0,0,0.000,0,0,18.000,39.000,55.000,0,0,0,0,0,0,0,0,0,0,0,144,0,3,70,0,28.000,0,0,0,0,0,0,0,0,0,0,0,0,0,0,0,0,1,1,1,1,1,1,0,0,0,1876,0,0,0,0,0,0,0,0,0
0.117500,0.00,0.000,0.000,0,0,0.000,0,0,18.000,39.000,55.000,0,0,0,0,0,0,0,0,0,0,0,144,0,3,70,0,28.000,0,0,0,0,0,0,0,0,0,0,0,0,0,0,0,0,1,1,1,1,1,1,0,0,0,1880,0,0,0,0,0,0,0,0,0
0.117750,0.00,0.000,0.000,0,0,0.000,0,0,18.000,39.000,55.000,0,0,0,0,0,0,0,0,0,0,0,144,0,3,70,0,28.000,0,0,0,0,0,0,0,0,0,0,0,0,0,0,0,0,1,1,1,1,1,1,0,0,0,1884,0,0,0,0,0,0,0,0,0
0.118000,0.00,0.000,0.000,0,0,0.000,0,0,18.000,39.000,55.000,0,0,0,0,0,0,0,0,0,0,0,144,0,3,70,0,28.000,0,0,0,0,0,0,0,0,0,0,0,0,0,0,0,0,1,1,1,1,1,1,0,0,0,1888,0,0,0,0,0,0,0,0,0
0.118250,0.00,0.000,0.000,0,0,0.000,0,0,18.000,39.000,55.000,0,0,0,0,0,0,0,0,0,0,0,144,0,3,70,0,28.000,0,0,0,0,0,0,0,0,0,0,0,0,0,0,0,0,1,1,1,1,1,1,0,0,0,1892,0,0,0,0,0,0,0,0,0
0.118500,0.00,0.000,0.000,0,0,0.000,0,0,18.000,39.000,55.000,0,0,0,0,0,0,0,0,0,0,0,144,0,3,70,0,28.000,0,0,0,0,0,0,0,0,0,0,0,0,0,0,0,0,1,1,1,1,1,1,0,0,0,1896,0,0,0,0,0,0,0,0,0
0.118750,0.00,0.000,0.000,0,0,0.000,0,0,18.000,39.000,55.000,0,0,0,0,0,0,0,0,0,0,0,144,0,3,70,0,28.000,0,0,0,0,0,0,0,0,0,0,0,0,0,0,0,0,1,1,1,1,1,1,0,0,0,1900,0,0,0,0,0,0,0,0,0
0.119000,0.00,0.000,0.000,0,0,0.000,0,0,18.000,39.000,55.000,0,0,0,0,0,0,0,0,0,0,0,144,0,3,70,0,28.000,0,0,0,0,0,0,0,0,0,0,0,0,0,0,0,0,1,1,1,1,1,1,0,0,0,1904,0,0,0,0,0,0,0,0,0
0.119250,0.00,0.000,0.000,0,0,0.000,0,0,18.000,39.000,55.000,0,0,0,0,0,0,0,0,0,0,0,144,0,3,70,0,28.000,0,0,0,0,0,0,0,0,0,0,0,0,0,0,0,0,1,1,1,1,1,1,0,0,0,1908,0,0,0,0,0,0,0,0,0
0.119500,0.00,0.000,0.000,0,0,0.000,0,0,18.000,39.000,55.000,0,0,0,0,0,0,0,0,0,0,0,144,0,3,70,0,28.000,0,0,0,0,0,0,0,0,0,0,0,0,0,0,0,0,1,1,1,1,1,1,0,0,0,1912,0,0,0,0,0,0,0,0,0
0.119750,0.00,0.000,0.000,0,0,0.000,0,0,18.000,39.000,55.000,0,0,0,0,0,0,0,0,0,0,0,144,0,3,70,0,28.000,0,0,0,0,0,0,0,0,0,0,0,0,0,0,0,0,1,1,1,1,1,1,0,0,0,1916,0,0,0,0,0,0,0,0,0
0.120000,0.00,0.000,0.000,0,0,0.000,0,0,18.000,39.000,55.000,0,0,0,0,0,0,0,0,0,0,0,144,0,3,70,0,28.000,0,0,0,0,0,0,0,0,0,0,0,0,0,0,0,0,1,1,1,1,1,1,0,0,0,1920,0,0,0,0,0,0,0,0,0
0.120250,0.00,0.000,0.000,0,0,0.000,0,0,18.000,39.000,55.000,0,0,0,0,0,0,0,0,0,0,0,144,0,3,70,0,28.000,0,0,0,0,0,0,0,0,0,0,0,0,0,0,0,0,1,1,1,1,1,1,0,0,0,1924,0,0,0,0,0,0,0,0,0
0.120500,0.00,0.000,0.000,0,0,0.000,0,0,18.000,39.000,55.000,0,0,0,0,0,0,0,0,0,0,0,144,0,3,70,0,28.000,0,0,0,0,0,0,0,0,0,0,0,0,0,0,0,0,1,1,1,1,1,1,0,0,0,1928,0,0,0,0,0,0,0,0,0
0.120750,0.00,0.000,0.000,0,0,0.000,0,0,18.000,39.000,55.000,0,0,0,0,0,0,0,0,0,0,0,144,0,3,70,0,28.000,0,0,0,0,0,0,0,0,0,0,0,0,0,0,0,0,1,1,1,1,1,1,0,0,0,1932,0,0,0,0,0,0,0,0,0
0.121000,0.00,0.000,0.000,0,0,0.000,0,0,18.000,39.000,55.000,0,0,0,0,0,0,0,0,0,0,0,144,0,3,70,0,28.000,0,0,0,0,0,0,0,0,0,0,0,0,0,0,0,0,1,1,1,1,1,1,0,0,0,1936,0,0,0,0,0,0,0,0,0
0.121250,0.00,0.000,0.000,0,0,0.000,0,0,18.000,39.000,55.000,0,0,0,0,0,0,0,0,0,0,0,144,0,3,70,0,28.000,0,0,0,0,0,0,0,0,0,0,0,0,0,0,0,0,1,1,1,1,1,1,0,0,0,1940,0,0,0,0,0,0,0,0,0
0.121500,0.00,0.000,0.000,0,0,0.000,0,0,18.000,39.000,55.000,0,0,0,0,0,0,0,0,0,0,0,144,0,3,70,0,28.000,0,0,0,0,0,0,0,0,0,0,0,0,0,0,0,0,1,1,1,1,1,1,0,0,0,1944,0,0,0,0,0,0,0,0,0
0.121750,0.00,0.000,0.000,0,0,0.000,0,0,18.000,39.000,55.000,0,0,0,0,0,0,0,0,0,0,0,144,0,3,70,0,28.000,0,0,0,0,0,0,0,0,0,0,0,0,0,0,0,0,1,1,1,1,1,1,0,0,0,1948,0,0,0,0,0,0,0,0,0
0.122000,0.00,0.000,0.000,0,0,0.000,0,0,18.000,39.000,55.000,0,0,0,0,0,0,0,0,0,0,0,144,0,3,70,0,28.000,0,0,0,0,0,0,0,0,0,0,0,0,0,0,0,0,1,1,1,1,1,1,0,0,0,1952,0,0,0,0,0,0,0,0,0
0.122250,0.00,0.000,0.000,0,0,0.000,0,0,18.000,39.000,55.000,0,0,0,0,0,0,0,0,0,0,0,144,0,3,70,0,28.000,0,0,0,0,0,0,0,0,0,0,0,0,0,0,0,0,1,1,1,1,1,1,0,0,0,1956,0,0,0,0,0,0,0,0,0
0.122500,0.00,0.000,0.000,0,0,0.000,0,0,18.000,39.000,55.000,0,0,0,0,0,0,0,0,0,0,0,144,0,3,70,0,28.000,0,0,0,0,0,0,0,0,0,0,0,0,0,0,0,0,1,1,1,1,1,1,0,0,0,1960,0,0,0,0,0,0,0,0,0
0.122750,0.00,0.000,0.000,0,0,0.000,0,0,18.000,39.000,55.000,0,0,0,0,0,0,0,0,0,0,0,144,0,3,70,0,28.000,0,0,0,0,0,0,0,0,0,0,0,0,0,0,0,0,1,1,1,1,1,1,0,0,0,1964,0,0,0,0,0,0,0,0,0
0.123000,0.00,0.000,0.000,0,0,0.000,0,0,18.000,39.000,55.000,0,0,0,0,0,0,0,0,0,0,0,144,0,3,70,0,28.000,0,0,0,0,0,0,0,0,0,0,0,0,0,0,0,0,1,1,1,1,1,1,0,0,0,1968,0,0,0,0,0,0,0,0,0
0.123250,0.00,0.000,0.000,0,0,0.000,0,0,18.000,39.000,55.000,0,0,0,0,0,0,0,0,0,0,0,144,0,3,70,0,28.000,0,0,0,0,0,0,0,0,0,0,0,0,0,0,0,0,1,1,1,1,1,1,0,0,0,1972,0,0,0,0,0,0,0,0,0
0.123500,0.00,0.000,0.000,0,0,0.000,0,0,18.000,39.000,55.000,0,0,0,0,0,0,0,0,0,0,0,144,0,3,70,0,28.000,0,0,0,0,0,0,0,0,0,0,0,0,0,0,0,0,1,1,1,1,1,1,0,0,0,1976,0,0,0,0,0,0,0,0,0
0.123750,0.00,0.000,0.000,0,0,0.000,0,0,18.000,39.000,55.000,0,0,0,0,0,0,0,0,0,0,0,144,0,3,70,0,28.000,0,0,0,0,0,0,0,0,0,0,0,0,0,0,0,0,1,1,1,1,1,1,0,0,0,1980,0,0,0,0,0,0,0,0,0
0.124000,0.00,0.000,0.000,0,0,0.000,0,0,18.000,39.000,55.000,0,0,0,0,0,0,0,0,0,0,0,144,0,3,70,0,28.000,0,0,0,0,0,0,0,0,0,0,0,0,0,0,0,0,1,1,1,1,1,1,0,0,0,1984,0,0,0,0,0,0,0,0,0
0.124250,0.00,0.000,0.000,0,0,0.000,0,0,18.000,39.000,55.000,0,0,0,0,0,0,0,0,0,0,0,144,0,3,70,0,28.000,0,0,0,0,0,0,0,0,0,0,0,0,0,0,0,0,1,1,1,1,1,1,0,0,0,1988,0,0,0,0,0,0,0,0,0
0.124500,0.00,0.000,0.000,0,0,0.000,0,0,18.000,39.000,55.000,0,0,0,0,0,0,0,0,0,0,0,144,0,3,70,0,28.000,0,0,0,0,0,0,0,0,0,0,0,0,0,0,0,0,1,1,1,1,1,1,0,0,0,1992,0,0,0,0,0,0,0,0,0
0.124750,0.00,0.000,0.000,0,0,0.000,0,0,18.000,39.000,55.000,0,0,0,0,0,0,0,0,0,0,0,144,0,3,70,0,28.000,0,0,0,0,0,0,0,0,0,0,0,0,0,0,0,0,1,1,1,1,1,1,0,0,0,1996,0,0,0,0,0,0,0,0,0
0.125000,0.00,0.000,0.000,0,0,0.000,0,0,18.000,39.000,55.000,0,0,0,0,0,0,0,0,0,0,0,144,0,3,70,0,28.000,0,0,0,0,0,0,0,0,0,0,0,0,0,0,0,0,1,1,1,1,1,1,0,0,0,2000,0,0,0,0,0,0,0,0,0
0.125250,0.00,0.000,0.000,0,0,0.000,0,0,18.000,39.000,55.000,0,0,0,0,0,0,0,0,0,0,0,144,0,3,70,0,28.000,0,0,0,0,0,0,0,0,0,0,0,0,0,0,0,0,1,1,1,1,1,1,0,0,0,2004,0,0,0,0,0,0,0,0,0
0.125500,0.00,0.000,0.000,0,0,0.000,0,0,18.000,39.000,55.000,0,0,0,0,0,0,0,0,0,0,0,144,0,3,70,0,28.000,0,0,0,0,0,0,0,0,0,0,0,0,0,0,0,0,1,1,1,1,1,1,0,0,0,2008,0,0,0,0,0,0,0,0,0
0.125750,0.00,0.000,0.000,0,0,0.000,0,0,18.000,39.000,55.000,0,0,0,0,0,0,0,0,0,0,0,144,0,3,70,0,28.000,0,0,0,0,0,0,0,0,0,0,0,0,0,0,0,0,1,1,1,1,1,1,0,0,0,2012,0,0,0,0,0,0,0,0,0
0.126000,0.00,0.000,0.000,0,0,0.000,0,0,18.000,39.000,55.000,0,0,0,0,0,0,0,0,0,0,0,144,0,3,70,0,28.000,0,0,0,0,0,0,0,0,0,0,0,0,0,0,0,0,1,1,1,1,1,1,0,0,0,2016,0,0,0,0,0,0,0,0,0
0.126250,0.00,0.000,0.000,0,0,0.000,0,0,18.000,39.000,55.000,0,0,0,0,0,0,0,0,0,0,0,144,0,3,70,0,28.000,0,0,0,0,0,0,0,0,0,0,0,0,0,0,0,0,1,1,1,1,1,1,0,0,0,2020,0,0,0,0,0,0,0,0,0
0.126500,0.00,0.000,0.000,0,0,0.000,0,0,18.000,39.000,55.000,0,0,0,0,0,0,0,0,0,0,0,144,0,3,70,0,28.000,0,0,0,0,0,0,0,0,0,0,0,0,0,0,0,0,1,1,1,1,1,1,0,0,0,2024,0,0,0,0,0,0,0,0,0
0.126750,0.00,0.000,0.000,0,0,0.000,0,0,18.000,39.000,55.000,0,0,0,0,0,0,0,0,0,0,0,144,0,3,70,0,28.000,0,0,0,0,0,0,0,0,0,0,0,0,0,0,0,0,1,1,1,1,1,1,0,0,0,2028,0,0,0,0,0,0,0,0,0
0.127000,0.00,0.000,0.000,0,0,0.000,0,0,18.000,39.000,55.000,0,0,0,0,0,0,0,0,0,0,0,144,0,3,70,0,28.000,0,0,0,0,0,0,0,0,0,0,0,0,0,0,0,0,1,1,1,1,1,1,0,0,0,2032,0,0,0,0,0,0,0,0,0
0.127250,0.00,0.000,0.000,0,0,0.000,0,0,18.000,39.000,55.000,0,0,0,0,0,0,0,0,0,0,0,144,0,3,70,0,28.000,0,0,0,0,0,0,0,0,0,0,0,0,0,0,0,0,1,1,1,1,1,1,0,0,0,2036,0,0,0,0,0,0,0,0,0
0.127500,0.00,0.000,0.000,0,0,0.000,0,0,18.000,39.000,55.000,0,0,0,0,0,0,0,0,0,0,0,144,0,3,70,0,28.000,0,0,0,0,0,0,0,0,0,0,0,0,0,0,0,0,1,1,1,1,1,1,0,0,0,2040,0,0,0,0,0,0,0,0,0
0.127750,0.00,0.000,0.000,0,0,0.000,0,0,18.000,39.000,55.000,0,0,0,0,0,0,0,0,0,0,0,144,0,3,70,0,28.000,0,0,0,0,0,0,0,0,0,0,0,0,0,0,0,0,1,1,1,1,1,1,0,0,0,2044,0,0,0,0,0,0,0,0,0
0.128000,0.00,0.000,0.000,0,0,0.000,0,0,18.000,39.000,55.000,0,0,0,0,0,0,0,0,0,0,0,144,0,3,70,0,28.000,0,0,0,0,0,0,0,0,0,0,0,0,0,0,0,0,1,1,1,1,1,1,0,0,0,2048,0,0,0,0,0,0,0,0,0
0.128250,0.00,0.000,0.000,0,0,0.000,0,0,18.000,39.000,55.000,0,0,0,0,0,0,0,0,0,0,0,144,0,3,70,0,28.000,0,0,0,0,0,0,0,0,0,0,0,0,0,0,0,0,1,1,1,1,1,1,0,0,0,2052,0,0,0,0,0,0,0,0,0
0.128500,0.00,0.000,0.000,0,0,0.000,0,0,18.000,39.000,55.000,0,0,0,0,0,0,0,0,0,0,0,144,0,3,70,0,28.000,0,0,0,0,0,0,0,0,0,0,0,0,0,0,0,0,1,1,1,1,1,1,0,0,0,2056,0,0,0,0,0,0,0,0,0
0.128750,0.00,0.000,0.000,0,0,0.000,0,0,18.000,39.000,55.000,0,0,0,0,0,0,0,0,0,0,0,144,0,3,70,0,28.000,0,0,0,0,0,0,0,0,0,0,0,0,0,0,0,0,1,1,1,1,1,1,0,0,0,2060,0,0,0,0,0,0,0,0,0
0.129000,0.00,0.000,0.000,0,0,0.000,0,0,18.000,39.000,55.000,0,0,0,0,0,0,0,0,0,0,0,144,0,3,70,0,28.000,0,0,0,0,0,0,0,0,0,0,0,0,0,0,0,0,1,1,1,1,1,1,0,0,0,2064,0,0,0,0,0,0,0,0,0
0.129250,0.00,0.000,0.000,0,0,0.000,0,0,18.000,39.000,55.000,0,0,0,0,0,0,0,0,0,0,0,144,0,3,70,0,28.000,0,0,0,0,0,0,0,0,0,0,0,0,0,0,0,0,1,1,1,1,1,1,0,0,0,2068,0,0,0,0,0,0,0,0,0
0.129500,0.00,0.000,0.000,0,0,0.000,0,0,18.000,39.000,55.000,0,0,0,0,0,0,0,0,0,0,0,144,0,3,70,0,28.000,0,0,0,0,0,0,0,0,0,0,0,0,0,0,0,0,1,1,1,1,1,1,0,0,0,2072,0,0,0,0,0,0,0,0,0
0.129750,0.00,0.000,0.000,0,0,0.000,0,0,18.000,39.000,55.000,0,0,0,0,0,0,0,0,0,0,0,144,0,3,70,0,28.000,0,0,0,0,0,0,0,0,0,0,0,0,0,0,0,0,1,1,1,1,1,1,0,0,0,2076,0,0,0,0,0,0,0,0,0
0.130000,0.00,0.000,0.000,0,0,0.000,0,0,18.000,39.000,55.000,0,0,0,0,0,0,0,0,0,0,0,144,0,3,70,0,28.000,0,0,0,0,0,0,0,0,0,0,0,0,0,0,0,0,1,1,1,1,1,1,0,0,0,2080,0,0,0,0,0,0,0,0,0
0.130250,0.00,0.000,0.000,0,0,0.000,0,0,18.000,39.000,55.000,0,0,0,0,0,0,0,0,0,0,0,144,0,3,70,0,28.000,0,0,0,0,0,0,0,0,0,0,0,0,0,0,0,0,1,1,1,1,1,1,0,0,0,2084,0,0,0,0,0,0,0,0,0
0.130500,0.00,0.000,0.000,0,0,0.000,0,0,18.000,39.000,55.000,0,0,0,0,0,0,0,0,0,0,0,144,0,3,70,0,28.000,0,0,0,0,0,0,0,0,0,0,0,0,0,0,0,0,1,1,1,1,1,1,0,0,0,2088,0,0,0,0,0,0,0,0,0
0.130750,0.00,0.000,0.000,0,0,0.000,0,0,18.000,39.000,55.000,0,0,0,0,0,0,0,0,0,0,0,144,0,3,70,0,28.000,0,0,0,0,0,0,0,0,0,0,0,0,0,0,0,0,1,1,1,1,1,1,0,0,0,2092,0,0,0,0,0,0,0,0,0
0.131000,0.00,0.000,0.000,0,0,0.000,0,0,18.000,39.000,55.000,0,0,0,0,0,0,0,0,0,0,0,144,0,3,70,0,28.000,0,0,0,0,0,0,0,0,0,0,0,0,0,0,0,0,1,1,1,1,1,1,0,0,0,2096,0,0,0,0,0,0,0,0,0
0.131250,0.00,0.000,0.000,0,0,0.000,0,0,18.000,39.000,55.000,0,0,0,0,0,0,0,0,0,0,0,144,0,3,70,0,28.000,0,0,0,0,0,0,0,0,0,0,0,0,0,0,0,0,1,1,1,1,1,1,0,0,0,2100,0,0,0,0,0,0,0,0,0
0.131500,0.00,0.000,0.000,0,0,0.000,0,0,18.000,39.000,55.000,0,0,0,0,0,0,0,0,0,0,0,144,0,3,70,0,28.000,0,0,0,0,0,0,0,0,0,0,0,0,0,0,0,0,1,1,1,1,1,1,0,0,0,2104,0,0,0,0,0,0,0,0,0
0.131750,0.00,0.000,0.000,0,0,0.000,0,0,18.000,39.000,55.000,0,0,0,0,0,0,0,0,0,0,0,144,0,3,70,0,28.000,0,0,0,0,0,0,0,0,0,0,0,0,0,0,0,0,1,1,1,1,1,1,0,0,0,2108,0,0,0,0,0,0,0,0,0
0.132000,0.00,0.000,0.000,0,0,0.000,0,0,18.000,39.000,55.000,0,0,0,0,0,0,0,0,0,0,0,144,0,3,70,0,28.000,0,0,0,0,0,0,0,0,0,0,0,0,0,0,0,0,1,1,1,1,1,1,0,0,0,2112,0,0,0,0,0,0,0,0,0
0.132250,0.00,0.000,0.000,0,0,0.000,0,0,18.000,39.000,55.000,0,0,0,0,0,0,0,0,0,0,0,144,0,3,70,0,28.000,0,0,0,0,0,0,0,0,0,0,0,0,0,0,0,0,1,1,1,1,1,1,0,0,0,2116,0,0,0,0,0,0,0,0,0
0.132500,0.00,0.000,0.000,0,0,0.000,0,0,18.000,39.000,55.000,0,0,0,0,0,0,0,0,0,0,0,144,0,3,70,0,28.000,0,0,0,0,0,0,0,0,0,0,0,0,0,0,0,0,1,1,1,1,1,1,0,0,0,2120,0,0,0,0,0,0,0,0,0
0.132750,0.00,0.000,0.000,0,0,0.000,0,0,18.000,39.000,55.000,0,0,0,0,0,0,0,0,0,0,0,144,0,3,70,0,28.000,0,0,0,0,0,0,0,0,0,0,0,0,0,0,0,0,1,1,1,1,1,1,0,0,0,2124,0,0,0,0,0,0,0,0,0
0.133000,0.00,0.000,0.000,0,0,0.000,0,0,18.000,39.000,55.000,0,0,0,0,0,0,0,0,0,0,0,144,0,3,70,0,28.000,0,0,0,0,0,0,0,0,0,0,0,0,0,0,0,0,1,1,1,1,1,1,0,0,0,2128,0,0,0,0,0,0,0,0,0
0.133250,0.00,0.000,0.000,0,0,0.000,0,0,18.000,39.000,55.000,0,0,0,0,0,0,0,0,0,0,0,144,0,3,70,0,28.000,0,0,0,0,0,0,0,0,0,0,0,0,0,0,0,0,1,1,1,1,1,1,0,0,0,2132,0,0,0,0,0,0,0,0,0
0.133500,0.00,0.000,0.000,0,0,0.000,0,0,18.000,39.000,55.000,0,0,0,0,0,0,0,0,0,0,0,144,0,3,70,0,28.000,0,0,0,0,0,0,0,0,0,0,0,0,0,0,0,0,1,1,1,1,1,1,0,0,0,2136,0,0,0,0,0,0,0,0,0
0.133750,0.00,0.000,0.000,0,0,0.000,0,0,18.000,39.000,55.000,0,0,0,0,0,0,0,0,0,0,0,144,0,3,70,0,28.000,0,0,0,0,0,0,0,0,0,0,0,0,0,0,0,0,1,1,1,1,1,1,0,0,0,2140,0,0,0,0,0,0,0,0,0
0.134000,0.00,0.000,0.000,0,0,0.000,0,0,18.000,39.000,55.000,0,0,0,0,0,0,0,0,0,0,0,144,0,3,70,0,28.000,0,0,0,0,0,0,0,0,0,0,0,0,0,0,0,0,1,1,1,1,1,1,0,0,0,2144,0,0,0,0,0,0,0,0,0
0.134250,0.00,0.000,0.000,0,0,0.000,0,0,18.000,39.000,55.000,0,0,0,0,0,0,0,0,0,0,0,144,0,3,70,0,28.000,0,0,0,0,0,0,0,0,0,0,0,0,0,0,0,0,1,1,1,1,1,1,0,0,0,2148,0,0,0,0,0,0,0,0,0
0.134500,0.00,0.000,0.000,0,0,0.000,0,0,18.000,39.000,55.000,0,0,0,0,0,0,0,0,0,0,0,144,0,3,70,0,28.000,0,0,0,0,0,0,0,0,0,0,0,0,0,0,0,0,1,1,1,1,1,1,0,0,0,2152,0,0,0,0,0,0,0,0,0
0.134750,0.00,0.000,0.000,0,0,0.000,0,0,18.000,39.000,55.000,0,0,0,0,0,0,0,0,0,0,0,144,0,3,70,0,28.000,0,0,0,0,0,0,0,0,0,0,0,0,0,0,0,0,1,1,1,1,1,1,0,0,0,2156,0,0,0,0,0,0,0,0,0
0.135000,0.00,0.000,0.000,0,0,0.000,0,0,18.000,39.000,55.000,0,0,0,0,0,0,0,0,0,0,0,144,0,3,70,0,28.000,0,0,0,0,0,0,0,0,0,0,0,0,0,0,0,0,1,1,1,1,1,1,0,0,0,2160,0,0,0,0,0,0,0,0,0
0.135250,0.00,0.000,0.000,0,0,0.000,0,0,18.000,39.000,55.000,0,0,0,0,0,0,0,0,0,0,0,144,0,3,70,0,28.000,0,0,0,0,0,0,0,0,0,0,0,0,0,0,0,0,1,1,1,1,1,1,0,0,0,2164,0,0,0,0,0,0,0,0,0
0.135500,0.00,0.000,0.000,0,0,0.000,0,0,18.000,39.000,55.000,0,0,0,0,0,0,0,0,0,0,0,144,0,3,70,0,28.000,0,0,0,0,0,0,0,0,0,0,0,0,0,0,0,0,1,1,1,1,1,1,0,0,0,2168,0,0,0,0,0,0,0,0,0
0.135750,0.00,0.000,0.000,0,0,0.000,0,0,18.000,39.000,55.000,0,0,0,0,0,0,0,0,0,0,0,144,0,3,70,0,28.000,0,0,0,0,0,0,0,0,0,0,0,0,0,0,0,0,1,1,1,1,1,1,0,0,0,2172,0,0,0,0,0,0,0,0,0
0.136000,0.00,0.000,0.000,0,0,0.000,0,0,18.000,39.000,55.000,0,0,0,0,0,0,0,0,0,0,0,144,0,3,70,0,28.000,0,0,0,0,0,0,0,0,0,0,0,0,0,0,0,0,1,1,1,1,1,1,0,0,0,2176,0,0,0,0,0,0,0,0,0
0.136250,0.00,0.000,0.000,0,0,0.000,0,0,18.000,39.000,55.000,0,0,0,0,0,0,0,0,0,0,0,144,0,3,70,0,28.000,0,0,0,0,0,0,0,0,0,0,0,0,0,0,0,0,1,1,1,1,1,1,0,0,0,2180,0,0,0,0,0,0,0,0,0
0.136500,0.00,0.000,0.000,0,0,0.000,0,0,18.000,39.000,55.000,0,0,0,0,0,0,0,0,0,0,0,144,0,3,70,0,28.000,0,0,0,0,0,0,0,0,0,0,0,0,0,0,0,0,1,1,1,1,1,1,0,0,0,2184,0,0,0,0,0,0,0,0,0
0.136750,0.00,0.000,0.000,0,0,0.000,0,0,18.000,39.000,55.000,0,0,0,0,0,0,0,0,0,0,0,144,0,3,70,0,28.000,0,0,0,0,0,0,0,0,0,0,0,0,0,0,0,0,1,1,1,1,1,1,0,0,0,2188,0,0,0,0,0,0,0,0,0
0.137000,0.00,0.000,0.000,0,0,0.000,0,0,18.000,39.000,55.000,0,0,0,0,0,0,0,0,0,0,0,144,0,3,70,0,28.000,0,0,0,0,0,0,0,0,0,0,0,0,0,0,0,0,1,1,1,1,1,1,0,0,0,2192,0,0,0,0,0,0,0,0,0
0.137250,0.00,0.000,0.000,0,0,0.000,0,0,18.000,39.000,55.000,0,0,0,0,0,0,0,0,0,0,0,144,0,3,70,0,28.000,0,0,0,0,0,0,0,0,0,0,0,0,0,0,0,0,1,1,1,1,1,1,0,0,0,2196,0,0,0,0,0,0,0,0,0
0.137500,0.00,0.000,0.000,0,0,0.000,0,0,18.000,39.000,55.000,0,0,0,0,0,0,0,0,0,0,0,144,0,3,70,0,28.000,0,0,0,0,0,0,0,0,0,0,0,0,0,0,0,0,1,1,1,1,1,1,0,0,0,2200,0,0,0,0,0,0,0,0,0
0.137750,0.00,0.000,0.000,0,0,0.000,0,0,18.000,39.000,55.000,0,0,0,0,0,0,0,0,0,0,0,144,0,3,70,0,28.000,0,0,0,0,0,0,0,0,0,0,0,0,0,0,0,0,1,1,1,1,1,1,0,0,0,2204,0,0,0,0,0,0,0,0,0
0.138000,0.00,0.000,0.000,0,0,0.000,0,0,18.000,39.000,55.000,0,0,0,0,0,0,0,0,0,0,0,144,0,3,70,0,28.000,0,0,0,0,0,0,0,0,0,0,0,0,0,0,0,0,1,1,1,1,1,1,0,0,0,2208,0,0,0,0,0,0,0,0,0
0.138250,0.00,0.000,0.000,0,0,0.000,0,0,18.000,39.000,55.000,0,0,0,0,0,0,0,0,0,0,0,144,0,3,70,0,28.000,0,0,0,0,0,0,0,0,0,0,0,0,0,0,0,0,1,1,1,1,1,1,0,0,0,2212,0,0,0,0,0,0,0,0,0
0.138500,0.00,0.000,0.000,0,0,0.000,0,0,18.000,39.000,55.000,0,0,0,0,0,0,0,0,0,0,0,144,0,3,70,0,28.000,0,0,0,0,0,0,0,0,0,0,0,0,0,0,0,0,1,1,1,1,1,1,0,0,0,2216,0,0,0,0,0,0,0,0,0
0.138750,0.00,0.000,0.000,0,0,0.000,0,0,18.000,39.000,55.000,0,0,0,0,0,0,0,0,0,0,0,144,0,3,70,0,28.000,0,0,0,0,0,0,0,0,0,0,0,0,0,0,0,0,1,1,1,1,1,1,0,0,0,2220,0,0,0,0,0,0,0,0,0
0.139000,0.00,0.000,0.000,0,0,0.000,0,0,18.000,39.000,55.000,0,0,0,0,0,0,0,0,0,0,0,144,0,3,70,0,28.000,0,0,0,0,0,0,0,0,0,0,0,0,0,0,0,0,1,1,1,1,1,1,0,0,0,2224,0,0,0,0,0,0,0,0,0
0.139250,0.00,0.000,0.000,0,0,0.000,0,0,18.000,39.000,55.000,0,0,0,0,0,0,0,0,0,0,0,144,0,3,70,0,28.000,0,0,0,0,0,0,0,0,0,0,0,0,0,0,0,0,1,1,1,1,1,1,0,0,0,2228,0,0,0,0,0,0,0,0,0
0.139500,0.00,0.000,0.000,0,0,0.000,0,0,18.000,39.000,55.000,0,0,0,0,0,0,0,0,0,0,0,144,0,3,70,0,28.000,0,0,0,0,0,0,0,0,0,0,0,0,0,0,0,0,1,1,1,1,1,1,0,0,0,2232,0,0,0,0,0,0,0,0,0
0.139750,0.00,0.000,0.000,0,0,0.000,0,0,18.000,39.000,55.000,0,0,0,0,0,0,0,0,0,0,0,144,0,3,70,0,28.000,0,0,0,0,0,0,0,0,0,0,0,0,0,0,0,0,1,1,1,1,1,1,0,0,0,2236,0,0,0,0,0,0,0,0,0
0.140000,0.00,0.000,0.000,0,0,0.000,0,0,18.000,39.000,55.000,0,0,0,0,0,0,0,0,0,0,0,144,0,3,70,0,28.000,0,0,0,0,0,0,0,0,0,0,0,0,0,0,0,0,1,1,1,1,1,1,0,0,0,2240,0,0,0,0,0,0,0,0,0
0.140250,0.00,0.000,0.000,0,0,0.000,0,0,18.000,39.000,55.000,0,0,0,0,0,0,0,0,0,0,0,144,0,3,70,0,28.000,0,0,0,0,0,0,0,0,0,0,0,0,0,0,0,0,1,1,1,1,1,1,0,0,0,2244,0,0,0,0,0,0,0,0,0
0.140500,0.00,0.000,0.000,0,0,0.000,0,0,18.000,39.000,55.000,0,0,0,0,0,0,0,0,0,0,0,144,0,3,70,0,28.000,0,0,0,0,0,0,0,0,0,0,0,0,0,0,0,0,1,1,1,1,1,1,0,0,0,2248,0,0,0,0,0,0,0,0,0
0.140750,0.00,0.000,0.000,0,0,0.000,0,0,18.000,39.000,55.000,0,0,0,0,0,0,0,0,0,0,0,144,0,3,70,0,28.000,0,0,0,0,0,0,0,0,0,0,0,0,0,0,0,0,1,1,1,1,1,1,0,0,0,2252,0,0,0,0,0,0,0,0,0
0.141000,0.00,0.000,0.000,0,0,0.000,0,0,18.000,39.000,55.000,0,0,0,0,0,0,0,0,0,0,0,144,0,3,70,0,28.000,0,0,0,0,0,0,0,0,0,0,0,0,0,0,0,0,1,1,1,1,1,1,0,0,0,2256,0,0,0,0,0,0,0,0,0
0.141250,0.00,0.000,0.000,0,0,0.000,0,0,18.000,39.000,55.000,0,0,0,0,0,0,0,0,0,0,0,144,0,3,70,0,28.000,0,0,0,0,0,0,0,0,0,0,0,0,0,0,0,0,1,1,1,1,1,1,0,0,0,2260,0,0,0,0,0,0,0,0,0
0.141500,0.00,0.000,0.000,0,0,0.000,0,0,18.000,39.000,55.000,0,0,0,0,0,0,0,0,0,0,0,144,0,3,70,0,28.000,0,0,0,0,0,0,0,0,0,0,0,0,0,0,0,0,1,1,1,1,1,1,0,0,0,2264,0,0,0,0,0,0,0,0,0
0.141750,0.00,0.000,0.000,0,0,0.000,0,0,18.000,39.000,55.000,0,0,0,0,0,0,0,0,0,0,0,144,0,3,70,0,28.000,0,0,0,0,0,0,0,0,0,0,0,0,0,0,0,0,1,1,1,1,1,1,0,0,0,2268,0,0,0,0,0,0,0,0,0
0.142000,0.00,0.000,0.000,0,0,0.000,0,0,18.000,39.000,55.000,0,0,0,0,0,0,0,0,0,0,0,144,0,3,70,0,28.000,0,0,0,0,0,0,0,0,0,0,0,0,0,0,0,0,1,1,1,1,1,1,0,0,0,2272,0,0,0,0,0,0,0,0,0
0.142250,0.00,0.000,0.000,0,0,0.000,0,0,18.000,39.000,55.000,0,0,0,0,0,0,0,0,0,0,0,144,0,3,70,0,28.000,0,0,0,0,0,0,0,0,0,0,0,0,0,0,0,0,1,1,1,1,1,1,0,0,0,2276,0,0,0,0,0,0,0,0,0
0.142500,0.00,0.000,0.000,0,0,0.000,0,0,18.000,39.000,55.000,0,0,0,0,0,0,0,0,0,0,0,144,0,3,70,0,28.000,0,0,0,0,0,0,0,0,0,0,0,0,0,0,0,0,1,1,1,1,1,1,0,0,0,2280,0,0,0,0,0,0,0,0,0
0.142750,0.00,0.000,0.000,0,0,0.000,0,0,18.000,39.000,55.000,0,0,0,0,0,0,0,0,0,0,0,144,0,3,70,0,28.000,0,0,0,0,0,0,0,0,0,0,0,0,0,0,0,0,1,1,1,1,1,1,0,0,0,2284,0,0,0,0,0,0,0,0,0
0.143000,0.00,0.000,0.000,0,0,0.000,0,0,18.000,39.000,55.000,0,0,0,0,0,0,0,0,0,0,0,144,0,3,70,0,28.000,0,0,0,0,0,0,0,0,0,0,0,0,0,0,0,0,1,1,1,1,1,1,0,0,0,2288,0,0,0,0,0,0,0,0,0
0.143250,0.00,0.000,0.000,0,0,0.000,0,0,18.000,39.000,55.000,0,0,0,0,0,0,0,0,0,0,0,144,0,3,70,0,28.000,0,0,0,0,0,0,0,0,0,0,0,0,0,0,0,0,1,1,1,1,1,1,0,0,0,2292,0,0,0,0,0,0,0,0,0
0.143500,0.00,0.000,0.000,0,0,0.000,0,0,18.000,39.000,55.000,0,0,0,0,0,0,0,0,0,0,0,144,0,3,70,0,28.000,0,0,0,0,0,0,0,0,0,0,0,0,0,0,0,0,1,1,1,1,1,1,0,0,0,2296,0,0,0,0,0,0,0,0,0
0.143750,0.00,0.000,0.000,0,0,0.000,0,0,18.000,39.000,55.000,0,0,0,0,0,0,0,0,0,0,0,144,0,3,70,0,28.000,0,0,0,0,0,0,0,0,0,0,0,0,0,0,0,0,1,1,1,1,1,1,0,0,0,2300,0,0,0,0,0,0,0,0,0
0.144000,0.00,0.000,0.000,0,0,0.000,0,0,18.000,39.000,55.000,0,0,0,0,0,0,0,0,0,0,0,144,0,3,70,0,28.000,0,0,0,0,0,0,0,0,0,0,0,0,0,0,0,0,1,1,1,1,1,1,0,0,0,2304,0,0,0,0,0,0,0,0,0
0.144250,0.00,0.000,0.000,0,0,0.000,0,0,18.000,39.000,55.000,0,0,0,0,0,0,0,0,0,0,0,144,0,3,70,0,28.000,0,0,0,0,0,0,0,0,0,0,0,0,0,0,0,0,1,1,1,1,1,1,0,0,0,2308,0,0,0,0,0,0,0,0,0
0.144500,0.00,0.000,0.000,0,0,0.000,0,0,18.000,39.000,55.000,0,0,0,0,0,0,0,0,0,0,0,144,0,3,70,0,28.000,0,0,0,0,0,0,0,0,0,0,0,0,0,0,0,0,1,1,1,1,1,1,0,0,0,2312,0,0,0,0,0,0,0,0,0
0.144750,0.00,0.000,0.000,0,0,0.000,0,0,18.000,39.000,55.000,0,0,0,0,0,0,0,0,0,0,0,144,0,3,70,0,28.000,0,0,0,0,0,0,0,0,0,0,0,0,0,0,0,0,1,1,1,1,1,1,0,0,0,2316,0,0,0,0,0,0,0,0,0
0.145000,0.00,0.000,0.000,0,0,0.000,0,0,18.000,39.000,55.000,0,0,0,0,0,0,0,0,0,0,0,144,0,3,70,0,28.000,0,0,0,0,0,0,0,0,0,0,0,0,0,0,0,0,1,1,1,1,1,1,0,0,0,2320,0,0,0,0,0,0,0,0,0
0.145250,0.00,0.000,0.000,0,0,0.000,0,0,18.000,39.000,55.000,0,0,0,0,0,0,0,0,0,0,0,144,0,3,70,0,28.000,0,0,0,0,0,0,0,0,0,0,0,0,0,0,0,0,1,1,1,1,1,1,0,0,0,2324,0,0,0,0,0,0,0,0,0
0.145500,0.00,0.000,0.000,0,0,0.000,0,0,18.000,39.000,55.000,0,0,0,0,0,0,0,0,0,0,0,144,0,3,70,0,28.000,0,0,0,0,0,0,0,0,0,0,0,0,0,0,0,0,1,1,1,1,1,1,0,0,0,2328,0,0,0,0,0,0,0,0,0
0.145750,0.00,0.000,0.000,0,0,0.000,0,0,18.000,39.000,55.000,0,0,0,0,0,0,0,0,0,0,0,144,0,3,70,0,28.000,0,0,0,0,0,0,0,0,0,0,0,0,0,0,0,0,1,1,1,1,1,1,0,0,0,2332,0,0,0,0,0,0,0,0,0
0.146000,0.00,0.000,0.000,0,0,0.000,0,0,18.000,39.000,55.000,0,0,0,0,0,0,0,0,0,0,0,144,0,3,70,0,28.000,0,0,0,0,0,0,0,0,0,0,0,0,0,0,0,0,1,1,1,1,1,1,0,0,0,2336,0,0,0,0,0,0,0,0,0
0.146250,0.00,0.000,0.000,0,0,0.000,0,0,18.000,39.000,55.000,0,0,0,0,0,0,0,0,0,0,0,144,0,3,70,0,28.000,0,0,0,0,0,0,0,0,0,0,0,0,0,0,0,0,1,1,1,1,1,1,0,0,0,2340,0,0,0,0,0,0,0,0,0
0.146500,0.00,0.000,0.000,0,0,0.000,0,0,18.000,39.000,55.000,0,0,0,0,0,0,0,0,0,0,0,144,0,3,70,0,28.000,0,0,0,0,0,0,0,0,0,0,0,0,0,0,0,0,1,1,1,1,1,1,0,0,0,2344,0,0,0,0,0,0,0,0,0
0.146750,0.00,0.000,0.000,0,0,0.000,0,0,18.000,39.000,55.000,0,0,0,0,0,0,0,0,0,0,0,144,0,3,70,0,28.000,0,0,0,0,0,0,0,0,0,0,0,0,0,0,0,0,1,1,1,1,1,1,0,0,0,2348,0,0,0,0,0,0,0,0,0
0.147000,0.00,0.000,0.000,0,0,0.000,0,0,18.000,39.000,55.000,0,0,0,0,0,0,0,0,0,0,0,144,0,3,70,0,28.000,0,0,0,0,0,0,0,0,0,0,0,0,0,0,0,0,1,1,1,1,1,1,0,0,0,2352,0,0,0,0,0,0,0,0,0
0.147250,0.00,0.000,0.000,0,0,0.000,0,0,18.000,39.000,55.000,0,0,0,0,0,0,0,0,0,0,0,144,0,3,70,0,28.000,0,0,0,0,0,0,0,0,0,0,0,0,0,0,0,0,1,1,1,1,1,1,0,0,0,2356,0,0,0,0,0,0,0,0,0
0.147500,0.00,0.000,0.000,0,0,0.000,0,0,18.000,39.000,55.000,0,0,0,0,0,0,0,0,0,0,0,144,0,3,70,0,28.000,0,0,0,0,0,0,0,0,0,0,0,0,0,0,0,0,1,1,1,1,1,1,0,0,0,2360,0,0,0,0,0,0,0,0,0
0.147750,0.00,0.000,0.000,0,0,0.000,0,0,18.000,39.000,55.000,0,0,0,0,0,0,0,0,0,0,0,144,0,3,70,0,28.000,0,0,0,0,0,0,0,0,0,0,0,0,0,0,0,0,1,1,1,1,1,1,0,0,0,2364,0,0,0,0,0,0,0,0,0
0.148000,0.00,0.000,0.000,0,0,0.000,0,0,18.000,39.000,55.000,0,0,0,0,0,0,0,0,0,0,0,144,0,3,70,0,28.000,0,0,0,0,0,0,0,0,0,0,0,0,0,0,0,0,1,1,1,1,1,1,0,0,0,2368,0,0,0,0,0,0,0,0,0
0.148250,0.00,0.000,0.000,0,0,0.000,0,0,18.000,39.000,55.000,0,0,0,0,0,0,0,0,0,0,0,144,0,3,70,0,28.000,0,0,0,0,0,0,0,0,0,0,0,0,0,0,0,0,1,1,1,1,1,1,0,0,0,2372,0,0,0,0,0,0,0,0,0
0.148500,0.00,0.000,0.000,0,0,0.000,0,0,18.000,39.000,55.000,0,0,0,0,0,0,0,0,0,0,0,144,0,3,70,0,28.000,0,0,0,0,0,0,0,0,0,0,0,0,0,0,0,0,1,1,1,1,1,1,0,0,0,2376,0,0,0,0,0,0,0,0,0
0.148750,0.00,0.000,0.000,0,0,0.000,0,0,18.000,39.000,55.000,0,0,0,0,0,0,0,0,0,0,0,144,0,3,70,0,28.000,0,0,0,0,0,0,0,0,0,0,0,0,0,0,0,0,1,1,1,1,1,1,0,0,0,2380,0,0,0,0,0,0,0,0,0
0.149000,0.00,0.000,0.000,0,0,0.000,0,0,18.000,39.000,55.000,0,0,0,0,0,0,0,0,0,0,0,144,0,3,70,0,28.000,0,0,0,0,0,0,0,0,0,0,0,0,0,0,0,0,1,1,1,1,1,1,0,0,0,2384,0,0,0,0,0,0,0,0,0
0.149250,0.00,0.000,0.000,0,0,0.000,0,0,18.000,39.000,55.000,0,0,0,0,0,0,0,0,0,0,0,144,0,3,70,0,28.000,0,0,0,0,0,0,0,0,0,0,0,0,0,0,0,0,1,1,1,1,1,1,0,0,0,2388,0,0,0,0,0,0,0,0,0
0.149500,0.00,0.000,0.000,0,0,0.000,0,0,18.000,39.000,55.000,0,0,0,0,0,0,0,0,0,0,0,144,0,3,70,0,28.000,0,0,0,0,0,0,0,0,0,0,0,0,0,0,0,0,1,1,1,1,1,1,0,0,0,2392,0,0,0,0,0,0,0,0,0
0.149750,0.00,0.000,0.000,0,0,0.000,0,0,18.000,39.000,55.000,0,0,0,0,0,0,0,0,0,0,0,144,0,3,70,0,28.000,0,0,0,0,0,0,0,0,0,0,0,0,0,0,0,0,1,1,1,1,1,1,0,0,0,2396,0,0,0,0,0,0,0,0,0
0.150000,0.00,0.000,0.000,0,0,0.000,0,0,18.000,39.000,55.000,0,0,0,0,0,0,0,0,0,0,0,144,0,3,70,0,28.000,0,0,0,0,0,0,0,0,0,0,0,0,0,0,0,0,1,1,1,1,1,1,0,0,0,2400,0,0,0,0,0,0,0,0,0
0.150250,0.00,0.000,0.000,0,0,0.000,0,0,18.000,39.000,55.000,0,0,0,0,0,0,0,0,0,0,0,144,0,3,70,0,28.000,0,0,0,0,0,0,0,0,0,0,0,0,0,0,0,0,1,1,1,1,1,1,0,0,0,2404,0,0,0,0,0,0,0,0,0
0.150500,0.00,0.000,0.000,0,0,0.000,0,0,18.000,39.000,55.000,0,0,0,0,0,0,0,0,0,0,0,144,0,3,70,0,28.000,0,0,0,0,0,0,0,0,0,0,0,0,0,0,0,0,1,1,1,1,1,1,0,0,0,2408,0,0,0,0,0,0,0,0,0
0.150750,0.00,0.000,0.000,0,0,0.000,0,0,18.000,39.000,55.000,0,0,0,0,0,0,0,0,0,0,0,144,0,3,70,0,28.000,0,0,0,0,0,0,0,0,0,0,0,0,0,0,0,0,1,1,1,1,1,1,0,0,0,2412,0,0,0,0,0,0,0,0,0
0.151000,0.00,0.000,0.000,0,0,0.000,0,0,18.000,39.000,55.000,0,0,0,0,0,0,0,0,0,0,0,144,0,3,70,0,28.000,0,0,0,0,0,0,0,0,0,0,0,0,0,0,0,0,1,1,1,1,1,1,0,0,0,2416,0,0,0,0,0,0,0,0,0
0.151250,0.00,0.000,0.000,0,0,0.000,0,0,18.000,39.000,55.000,0,0,0,0,0,0,0,0,0,0,0,144,0,3,70,0,28.000,0,0,0,0,0,0,0,0,0,0,0,0,0,0,0,0,1,1,1,1,1,1,0,0,0,2420,0,0,0,0,0,0,0,0,0
0.151500,0.00,0.000,0.000,0,0,0.000,0,0,18.000,39.000,55.000,0,0,0,0,0,0,0,0,0,0,0,144,0,3,70,0,28.000,0,0,0,0,0,0,0,0,0,0,0,0,0,0,0,0,1,1,1,1,1,1,0,0,0,2424,0,0,0,0,0,0,0,0,0
0.151750,0.00,0.000,0.000,0,0,0.000,0,0,18.000,39.000,55.000,0,0,0,0,0,0,0,0,0,0,0,144,0,3,70,0,28.000,0,0,0,0,0,0,0,0,0,0,0,0,0,0,0,0,1,1,1,1,1,1,0,0,0,2428,0,0,0,0,0,0,0,0,0
0.152000,0.00,0.000,0.000,0,0,0.000,0,0,18.000,39.000,55.000,0,0,0,0,0,0,0,0,0,0,0,144,0,3,70,0,28.000,0,0,0,0,0,0,0,0,0,0,0,0,0,0,0,0,1,1,1,1,1,1,0,0,0,2432,0,0,0,0,0,0,0,0,0
0.152250,0.00,0.000,0.000,0,0,0.000,0,0,18.000,39.000,55.000,0,0,0,0,0,0,0,0,0,0,0,144,0,3,70,0,28.000,0,0,0,0,0,0,0,0,0,0,0,0,0,0,0,0,1,1,1,1,1,1,0,0,0,2436,0,0,0,0,0,0,0,0,0
0.152500,0.00,0.000,0.000,0,0,0.000,0,0,18.000,39.000,55.000,0,0,0,0,0,0,0,0,0,0,0,144,0,3,70,0,28.000,0,0,0,0,0,0,0,0,0,0,0,0,0,0,0,0,1,1,1,1,1,1,0,0,0,2440,0,0,0,0,0,0,0,0,0
0.152750,0.00,0.000,0.000,0,0,0.000,0,0,18.000,39.000,55.000,0,0,0,0,0,0,0,0,0,0,0,144,0,3,70,0,28.000,0,0,0,0,0,0,0,0,0,0,0,0,0,0,0,0,1,1,1,1,1,1,0,0,0,2444,0,0,0,0,0,0,0,0,0
0.153000,0.00,0.000,0.000,0,0,0.000,0,0,18.000,39.000,55.000,0,0,0,0,0,0,0,0,0,0,0,144,0,3,70,0,28.000,0,0,0,0,0,0,0,0,0,0,0,0,0,0,0,0,1,1,1,1,1,1,0,0,0,2448,0,0,0,0,0,0,0,0,0
0.153250,0.00,0.000,0.000,0,0,0.000,0,0,18.000,39.000,55.000,0,0,0,0,0,0,0,0,0,0,0,144,0,3,70,0,28.000,0,0,0,0,0,0,0,0,0,0,0,0,0,0,0,0,1,1,1,1,1,1,0,0,0,2452,0,0,0,0,0,0,0,0,0
0.153500,0.00,0.000,0.000,0,0,0.000,0,0,18.000,39.000,55.000,0,0,0,0,0,0,0,0,0,0,0,144,0,3,70,0,28.000,0,0,0,0,0,0,0,0,0,0,0,0,0,0,0,0,1,1,1,1,1,1,0,0,0,2456,0,0,0,0,0,0,0,0,0
0.153750,0.00,0.000,0.000,0,0,0.000,0,0,18.000,39.000,55.000,0,0,0,0,0,0,0,0,0,0,0,144,0,3,70,0,28.000,0,0,0,0,0,0,0,0,0,0,0,0,0,0,0,0,1,1,1,1,1,1,0,0,0,2460,0,0,0,0,0,0,0,0,0
0.154000,0.00,0.000,0.000,0,0,0.000,0,0,18.000,39.000,55.000,0,0,0,0,0,0,0,0,0,0,0,144,0,3,70,0,28.000,0,0,0,0,0,0,0,0,0,0,0,0,0,0,0,0,1,1,1,1,1,1,0,0,0,2464,0,0,0,0,0,0,0,0,0
0.154250,0.00,0.000,0.000,0,0,0.000,0,0,18.000,39.000,55.000,0,0,0,0,0,0,0,0,0,0,0,144,0,3,70,0,28.000,0,0,0,0,0,0,0,0,0,0,0,0,0,0,0,0,1,1,1,1,1,1,0,0,0,2468,0,0,0,0,0,0,0,0,0
0.154500,0.00,0.000,0.000,0,0,0.000,0,0,18.000,39.000,55.000,0,0,0,0,0,0,0,0,0,0,0,144,0,3,70,0,28.000,0,0,0,0,0,0,0,0,0,0,0,0,0,0,0,0,1,1,1,1,1,1,0,0,0,2472,0,0,0,0,0,0,0,0,0
0.154750,0.00,0.000,0.000,0,0,0.000,0,0,18.000,39.000,55.000,0,0,0,0,0,0,0,0,0,0,0,144,0,3,70,0,28.000,0,0,0,0,0,0,0,0,0,0,0,0,0,0,0,0,1,1,1,1,1,1,0,0,0,2476,0,0,0,0,0,0,0,0,0
0.155000,0.00,0.000,0.000,0,0,0.000,0,0,18.000,39.000,55.000,0,0,0,0,0,0,0,0,0,0,0,144,0,3,70,0,28.000,0,0,0,0,0,0,0,0,0,0,0,0,0,0,0,0,1,1,1,1,1,1,0,0,0,2480,0,0,0,0,0,0,0,0,0
0.155250,0.00,0.000,0.000,0,0,0.000,0,0,18.000,39.000,55.000,0,0,0,0,0,0,0,0,0,0,0,144,0,3,70,0,28.000,0,0,0,0,0,0,0,0,0,0,0,0,0,0,0,0,1,1,1,1,1,1,0,0,0,2484,0,0,0,0,0,0,0,0,0
0.155500,0.00,0.000,0.000,0,0,0.000,0,0,18.000,39.000,55.000,0,0,0,0,0,0,0,0,0,0,0,144,0,3,70,0,28.000,0,0,0,0,0,0,0,0,0,0,0,0,0,0,0,0,1,1,1,1,1,1,0,0,0,2488,0,0,0,0,0,0,0,0,0
0.155750,0.00,0.000,0.000,0,0,0.000,0,0,18.000,39.000,55.000,0,0,0,0,0,0,0,0,0,0,0,144,0,3,70,0,28.000,0,0,0,0,0,0,0,0,0,0,0,0,0,0,0,0,1,1,1,1,1,1,0,0,0,2492,0,0,0,0,0,0,0,0,0
0.156000,0.00,0.000,0.000,0,0,0.000,0,0,18.000,39.000,55.000,0,0,0,0,0,0,0,0,0,0,0,144,0,3,70,0,28.000,0,0,0,0,0,0,0,0,0,0,0,0,0,0,0,0,1,1,1,1,1,1,0,0,0,2496,0,0,0,0,0,0,0,0,0
0.156250,0.00,0.000,0.000,0,0,0.000,0,0,18.000,39.000,55.000,0,0,0,0,0,0,0,0,0,0,0,144,0,3,70,0,28.000,0,0,0,0,0,0,0,0,0,0,0,0,0,0,0,0,1,1,1,1,1,1,0,0,0,2500,0,0,0,0,0,0,0,0,0
0.156500,0.00,0.000,0.000,0,0,0.000,0,0,18.000,39.000,55.000,0,0,0,0,0,0,0,0,0,0,0,144,0,3,70,0,28.000,0,0,0,0,0,0,0,0,0,0,0,0,0,0,0,0,1,1,1,1,1,1,0,0,0,2504,0,0,0,0,0,0,0,0,0
0.156750,0.00,0.000,0.000,0,0,0.000,0,0,18.000,39.000,55.000,0,0,0,0,0,0,0,0,0,0,0,144,0,3,70,0,28.000,0,0,0,0,0,0,0,0,0,0,0,0,0,0,0,0,1,1,1,1,1,1,0,0,0,2508,0,0,0,0,0,0,0,0,0
0.157000,0.00,0.000,0.000,0,0,0.000,0,0,18.000,39.000,55.000,0,0,0,0,0,0,0,0,0,0,0,144,0,3,70,0,28.000,0,0,0,0,0,0,0,0,0,0,0,0,0,0,0,0,1,1,1,1,1,1,0,0,0,2512,0,0,0,0,0,0,0,0,0
0.157250,0.00,0.000,0.000,0,0,0.000,0,0,18.000,39.000,55.000,0,0,0,0,0,0,0,0,0,0,0,144,0,3,70,0,28.000,0,0,0,0,0,0,0,0,0,0,0,0,0,0,0,0,1,1,1,1,1,1,0,0,0,2516,0,0,0,0,0,0,0,0,0
0.157500,0.00,0.000,0.000,0,0,0.000,0,0,18.000,39.000,55.000,0,0,0,0,0,0,0,0,0,0,0,144,0,3,70,0,28.000,0,0,0,0,0,0,0,0,0,0,0,0,0,0,0,0,1,1,1,1,1,1,0,0,0,2520,0,0,0,0,0,0,0,0,0
0.157750,0.00,0.000,0.000,0,0,0.000,0,0,18.000,39.000,55.000,0,0,0,0,0,0,0,0,0,0,0,144,0,3,70,0,28.000,0,0,0,0,0,0,0,0,0,0,0,0,0,0,0,0,1,1,1,1,1,1,0,0,0,2524,0,0,0,0,0,0,0,0,0
0.158000,0.00,0.000,0.000,0,0,0.000,0,0,18.000,39.000,55.000,0,0,0,0,0,0,0,0,0,0,0,144,0,3,70,0,28.000,0,0,0,0,0,0,0,0,0,0,0,0,0,0,0,0,1,1,1,1,1,1,0,0,0,2528,0,0,0,0,0,0,0,0,0
0.158250,0.00,0.000,0.000,0,0,0.000,0,0,18.000,39.000,55.000,0,0,0,0,0,0,0,0,0,0,0,144,0,3,70,0,28.000,0,0,0,0,0,0,0,0,0,0,0,0,0,0,0,0,1,1,1,1,1,1,0,0,0,2532,0,0,0,0,0,0,0,0,0
0.158500,0.00,0.000,0.000,0,0,0.000,0,0,18.000,39.000,55.000,0,0,0,0,0,0,0,0,0,0,0,144,0,3,70,0,28.000,0,0,0,0,0,0,0,0,0,0,0,0,0,0,0,0,1,1,1,1,1,1,0,0,0,2536,0,0,0,0,0,0,0,0,0
0.158750,0.00,0.000,0.000,0,0,0.000,0,0,18.000,39.000,55.000,0,0,0,0,0,0,0,0,0,0,0,144,0,3,70,0,28.000,0,0,0,0,0,0,0,0,0,0,0,0,0,0,0,0,1,1,1,1,1,1,0,0,0,2540,0,0,0,0,0,0,0,0,0
0.159000,0.00,0.000,0.000,0,0,0.000,0,0,18.000,39.000,55.000,0,0,0,0,0,0,0,0,0,0,0,144,0,3,70,0,28.000,0,0,0,0,0,0,0,0,0,0,0,0,0,0,0,0,1,1,1,1,1,1,0,0,0,2544,0,0,0,0,0,0,0,0,0
0.159250,0.00,0.000,0.000,0,0,0.000,0,0,18.000,39.000,55.000,0,0,0,0,0,0,0,0,0,0,0,144,0,3,70,0,28.000,0,0,0,0,0,0,0,0,0,0,0,0,0,0,0,0,1,1,1,1,1,1,0,0,0,2548,0,0,0,0,0,0,0,0,0
0.159500,0.00,0.000,0.000,0,0,0.000,0,0,18.000,39.000,55.000,0,0,0,0,0,0,0,0,0,0,0,144,0,3,70,0,28.000,0,0,0,0,0,0,0,0,0,0,0,0,0,0,0,0,1,1,1,1,1,1,0,0,0,2552,0,0,0,0,0,0,0,0,0
0.159750,0.00,0.000,0.000,0,0,0.000,0,0,18.000,39.000,55.000,0,0,0,0,0,0,0,0,0,0,0,144,0,3,70,0,28.000,0,0,0,0,0,0,0,0,0,0,0,0,0,0,0,0,1,1,1,1,1,1,0,0,0,2556,0,0,0,0,0,0,0,0,0
0.160000,0.00,0.000,0.000,0,0,0.000,0,0,18.000,39.000,55.000,0,0,0,0,0,0,0,0,0,0,0,144,0,3,70,0,28.000,0,0,0,0,0,0,0,0,0,0,0,0,0,0,0,0,1,1,1,1,1,1,0,0,0,2560,0,0,0,0,0,0,0,0,0
0.160250,0.00,0.000,0.000,0,0,0.000,0,0,18.000,39.000,55.000,0,0,0,0,0,0,0,0,0,0,0,144,0,3,70,0,28.000,0,0,0,0,0,0,0,0,0,0,0,0,0,0,0,0,1,1,1,1,1,1,0,0,0,2564,0,0,0,0,0,0,0,0,0
0.160500,0.00,0.000,0.000,0,0,0.000,0,0,18.000,39.000,55.000,0,0,0,0,0,0,0,0,0,0,0,144,0,3,70,0,28.000,0,0,0,0,0,0,0,0,0,0,0,0,0,0,0,0,1,1,1,1,1,1,0,0,0,2568,0,0,0,0,0,0,0,0,0
0.160750,0.00,0.000,0.000,0,0,0.000,0,0,18.000,39.000,55.000,0,0,0,0,0,0,0,0,0,0,0,144,0,3,70,0,28.000,0,0,0,0,0,0,0,0,0,0,0,0,0,0,0,0,1,1,1,1,1,1,0,0,0,2572,0,0,0,0,0,0,0,0,0
0.161000,0.00,0.000,0.000,0,0,0.000,0,0,18.000,39.000,55.000,0,0,0,0,0,0,0,0,0,0,0,144,0,3,70,0,28.000,0,0,0,0,0,0,0,0,0,0,0,0,0,0,0,0,1,1,1,1,1,1,0,0,0,2576,0,0,0,0,0,0,0,0,0
0.161250,0.00,0.000,0.000,0,0,0.000,0,0,18.000,39.000,55.000,0,0,0,0,0,0,0,0,0,0,0,144,0,3,70,0,28.000,0,0,0,0,0,0,0,0,0,0,0,0,0,0,0,0,1,1,1,1,1,1,0,0,0,2580,0,0,0,0,0,0,0,0,0
0.161500,0.00,0.000,0.000,0,0,0.000,0,0,18.000,39.000,55.000,0,0,0,0,0,0,0,0,0,0,0,144,0,3,70,0,28.000,0,0,0,0,0,0,0,0,0,0,0,0,0,0,0,0,1,1,1,1,1,1,0,0,0,2584,0,0,0,0,0,0,0,0,0
0.161750,0.00,0.000,0.000,0,0,0.000,0,0,18.000,39.000,55.000,0,0,0,0,0,0,0,0,0,0,0,144,0,3,70,0,28.000,0,0,0,0,0,0,0,0,0,0,0,0,0,0,0,0,1,1,1,1,1,1,0,0,0,2588,0,0,0,0,0,0,0,0,0
0.162000,0.00,0.000,0.000,0,0,0.000,0,0,18.000,39.000,55.000,0,0,0,0,0,0,0,0,0,0,0,144,0,3,70,0,28.000,0,0,0,0,0,0,0,0,0,0,0,0,0,0,0,0,1,1,1,1,1,1,0,0,0,2592,0,0,0,0,0,0,0,0,0
0.162250,0.00,0.000,0.000,0,0,0.000,0,0,18.000,39.000,55.000,0,0,0,0,0,0,0,0,0,0,0,144,0,3,70,0,28.000,0,0,0,0,0,0,0,0,0,0,0,0,0,0,0,0,1,1,1,1,1,1,0,0,0,2596,0,0,0,0,0,0,0,0,0
0.162500,0.00,0.000,0.000,0,0,0.000,0,0,18.000,39.000,55.000,0,0,0,0,0,0,0,0,0,0,0,144,0,3,70,0,28.000,0,0,0,0,0,0,0,0,0,0,0,0,0,0,0,0,1,1,1,1,1,1,0,0,0,2600,0,0,0,0,0,0,0,0,0
0.162750,0.00,0.000,0.000,0,0,0.000,0,0,18.000,39.000,55.000,0,0,0,0,0,0,0,0,0,0,0,144,0,3,70,0,28.000,0,0,0,0,0,0,0,0,0,0,0,0,0,0,0,0,1,1,1,1,1,1,0,0,0,2604,0,0,0,0,0,0,0,0,0
0.163000,0.00,0.000,0.000,0,0,0.000,0,0,18.000,39.000,55.000,0,0,0,0,0,0,0,0,0,0,0,144,0,3,70,0,28.000,0,0,0,0,0,0,0,0,0,0,0,0,0,0,0,0,1,1,1,1,1,1,0,0,0,2608,0,0,0,0,0,0,0,0,0
0.163250,0.00,0.000,0.000,0,0,0.000,0,0,18.000,39.000,55.000,0,0,0,0,0,0,0,0,0,0,0,144,0,3,70,0,28.000,0,0,0,0,0,0,0,0,0,0,0,0,0,0,0,0,1,1,1,1,1,1,0,0,0,2612,0,0,0,0,0,0,0,0,0
0.163500,0.00,0.000,0.000,0,0,0.000,0,0,18.000,39.000,55.000,0,0,0,0,0,0,0,0,0,0,0,144,0,3,70,0,28.000,0,0,0,0,0,0,0,0,0,0,0,0,0,0,0,0,1,1,1,1,1,1,0,0,0,2616,0,0,0,0,0,0,0,0,0
0.163750,0.00,0.000,0.000,0,0,0.000,0,0,18.000,39.000,55.000,0,0,0,0,0,0,0,0,0,0,0,144,0,3,70,0,28.000,0,0,0,0,0,0,0,0,0,0,0,0,0,0,0,0,1,1,1,1,1,1,0,0,0,2620,0,0,0,0,0,0,0,0,0
0.164000,0.00,0.000,0.000,0,0,0.000,0,0,18.000,39.000,55.000,0,0,0,0,0,0,0,0,0,0,0,144,0,3,70,0,28.000,0,0,0,0,0,0,0,0,0,0,0,0,0,0,0,0,1,1,1,1,1,1,0,0,0,2624,0,0,0,0,0,0,0,0,0
0.164250,0.00,0.000,0.000,0,0,0.000,0,0,18.000,39.000,55.000,0,0,0,0,0,0,0,0,0,0,0,144,0,3,70,0,28.000,0,0,0,0,0,0,0,0,0,0,0,0,0,0,0,0,1,1,1,1,1,1,0,0,0,2628,0,0,0,0,0,0,0,0,0
0.164500,0.00,0.000,0.000,0,0,0.000,0,0,18.000,39.000,55.000,0,0,0,0,0,0,0,0,0,0,0,144,0,3,70,0,28.000,0,0,0,0,0,0,0,0,0,0,0,0,0,0,0,0,1,1,1,1,1,1,0,0,0,2632,0,0,0,0,0,0,0,0,0
0.164750,0.00,0.000,0.000,0,0,0.000,0,0,18.000,39.000,55.000,0,0,0,0,0,0,0,0,0,0,0,144,0,3,70,0,28.000,0,0,0,0,0,0,0,0,0,0,0,0,0,0,0,0,1,1,1,1,1,1,0,0,0,2636,0,0,0,0,0,0,0,0,0
0.165000,0.00,0.000,0.000,0,0,0.000,0,0,18.000,39.000,55.000,0,0,0,0,0,0,0,0,0,0,0,144,0,3,70,0,28.000,0,0,0,0,0,0,0,0,0,0,0,0,0,0,0,0,1,1,1,1,1,1,0,0,0,2640,0,0,0,0,0,0,0,0,0
0.165250,0.00,0.000,0.000,0,0,0.000,0,0,18.000,39.000,55.000,0,0,0,0,0,0,0,0,0,0,0,144,0,3,70,0,28.000,0,0,0,0,0,0,0,0,0,0,0,0,0,0,0,0,1,1,1,1,1,1,0,0,0,2644,0,0,0,0,0,0,0,0,0
0.165500,0.00,0.000,0.000,0,0,0.000,0,0,18.000,39.000,55.000,0,0,0,0,0,0,0,0,0,0,0,144,0,3,70,0,28.000,0,0,0,0,0,0,0,0,0,0,0,0,0,0,0,0,1,1,1,1,1,1,0,0,0,2648,0,0,0,0,0,0,0,0,0
0.165750,0.00,0.000,0.000,0,0,0.000,0,0,18.000,39.000,55.000,0,0,0,0,0,0,0,0,0,0,0,144,0,3,70,0,28.000,0,0,0,0,0,0,0,0,0,0,0,0,0,0,0,0,1,1,1,1,1,1,0,0,0,2652,0,0,0,0,0,0,0,0,0
0.166000,0.00,0.000,0.000,0,0,0.000,0,0,18.000,39.000,55.000,0,0,0,0,0,0,0,0,0,0,0,144,0,3,70,0,28.000,0,0,0,0,0,0,0,0,0,0,0,0,0,0,0,0,1,1,1,1,1,1,0,0,0,2656,0,0,0,0,0,0,0,0,0
0.166250,0.00,0.000,0.000,0,0,0.000,0,0,18.000,39.000,55.000,0,0,0,0,0,0,0,0,0,0,0,144,0,3,70,0,28.000,0,0,0,0,0,0,0,0,0,0,0,0,0,0,0,0,1,1,1,1,1,1,0,0,0,2660,0,0,0,0,0,0,0,0,0
0.166500,0.00,0.000,0.000,0,0,0.000,0,0,18.000,39.000,55.000,0,0,0,0,0,0,0,0,0,0,0,144,0,3,70,0,28.000,0,0,0,0,0,0,0,0,0,0,0,0,0,0,0,0,1,1,1,1,1,1,0,0,0,2664,0,0,0,0,0,0,0,0,0
0.166750,0.00,0.000,0.000,0,0,0.000,0,0,18.000,39.000,55.000,0,0,0,0,0,0,0,0,0,0,0,144,0,3,70,0,28.000,0,0,0,0,0,0,0,0,0,0,0,0,0,0,0,0,1,1,1,1,1,1,0,0,0,2668,0,0,0,0,0,0,0,0,0
0.167000,0.00,0.000,0.000,0,0,0.000,0,0,18.000,39.000,55.000,0,0,0,0,0,0,0,0,0,0,0,144,0,3,70,0,28.000,0,0,0,0,0,0,0,0,0,0,0,0,0,0,0,0,1,1,1,1,1,1,0,0,0,2672,0,0,0,0,0,0,0,0,0
0.167250,0.00,0.000,0.000,0,0,0.000,0,0,18.000,39.000,55.000,0,0,0,0,0,0,0,0,0,0,0,144,0,3,70,0,28.000,0,0,0,0,0,0,0,0,0,0,0,0,0,0,0,0,1,1,1,1,1,1,0,0,0,2676,0,0,0,0,0,0,0,0,0
0.167500,0.00,0.000,0.000,0,0,0.000,0,0,18.000,39.000,55.000,0,0,0,0,0,0,0,0,0,0,0,144,0,3,70,0,28.000,0,0,0,0,0,0,0,0,0,0,0,0,0,0,0,0,1,1,1,1,1,1,0,0,0,2680,0,0,0,0,0,0,0,0,0
0.167750,0.00,0.000,0.000,0,0,0.000,0,0,18.000,39.000,55.000,0,0,0,0,0,0,0,0,0,0,0,144,0,3,70,0,28.000,0,0,0,0,0,0,0,0,0,0,0,0,0,0,0,0,1,1,1,1,1,1,0,0,0,2684,0,0,0,0,0,0,0,0,0
0.168000,0.00,0.000,0.000,0,0,0.000,0,0,18.000,39.000,55.000,0,0,0,0,0,0,0,0,0,0,0,144,0,3,70,0,28.000,0,0,0,0,0,0,0,0,0,0,0,0,0,0,0,0,1,1,1,1,1,1,0,0,0,2688,0,0,0,0,0,0,0,0,0
0.168250,0.00,0.000,0.000,0,0,0.000,0,0,18.000,39.000,55.000,0,0,0,0,0,0,0,0,0,0,0,144,0,3,70,0,28.000,0,0,0,0,0,0,0,0,0,0,0,0,0,0,0,0,1,1,1,1,1,1,0,0,0,2692,0,0,0,0,0,0,0,0,0
0.168500,0.00,0.000,0.000,0,0,0.000,0,0,18.000,39.000,55.000,0,0,0,0,0,0,0,0,0,0,0,144,0,3,70,0,28.000,0,0,0,0,0,0,0,0,0,0,0,0,0,0,0,0,1,1,1,1,1,1,0,0,0,2696,0,0,0,0,0,0,0,0,0
0.168750,0.00,0.000,0.000,0,0,0.000,0,0,18.000,39.000,55.000,0,0,0,0,0,0,0,0,0,0,0,144,0,3,70,0,28.000,0,0,0,0,0,0,0,0,0,0,0,0,0,0,0,0,1,1,1,1,1,1,0,0,0,2700,0,0,0,0,0,0,0,0,0
0.169000,0.00,0.000,0.000,0,0,0.000,0,0,18.000,39.000,55.000,0,0,0,0,0,0,0,0,0,0,0,144,0,3,70,0,28.000,0,0,0,0,0,0,0,0,0,0,0,0,0,0,0,0,1,1,1,1,1,1,0,0,0,2704,0,0,0,0,0,0,0,0,0
0.169250,0.00,0.000,0.000,0,0,0.000,0,0,18.000,39.000,55.000,0,0,0,0,0,0,0,0,0,0,0,144,0,3,70,0,28.000,0,0,0,0,0,0,0,0,0,0,0,0,0,0,0,0,1,1,1,1,1,1,0,0,0,2708,0,0,0,0,0,0,0,0,0
0.169500,0.00,0.000,0.000,0,0,0.000,0,0,18.000,39.000,55.000,0,0,0,0,0,0,0,0,0,0,0,144,0,3,70,0,28.000,0,0,0,0,0,0,0,0,0,0,0,0,0,0,0,0,1,1,1,1,1,1,0,0,0,2712,0,0,0,0,0,0,0,0,0
0.169750,0.00,0.000,0.000,0,0,0.000,0,0,18.000,39.000,55.000,0,0,0,0,0,0,0,0,0,0,0,144,0,3,70,0,28.000,0,0,0,0,0,0,0,0,0,0,0,0,0,0,0,0,1,1,1,1,1,1,0,0,0,2716,0,0,0,0,0,0,0,0,0
0.170000,0.00,0.000,0.000,0,0,0.000,0,0,18.000,39.000,55.000,0,0,0,0,0,0,0,0,0,0,0,144,0,3,70,0,28.000,0,0,0,0,0,0,0,0,0,0,0,0,0,0,0,0,1,1,1,1,1,1,0,0,0,2720,0,0,0,0,0,0,0,0,0
0.170250,0.00,0.000,0.000,0,0,0.000,0,0,18.000,39.000,55.000,0,0,0,0,0,0,0,0,0,0,0,144,0,3,70,0,28.000,0,0,0,0,0,0,0,0,0,0,0,0,0,0,0,0,1,1,1,1,1,1,0,0,0,2724,0,0,0,0,0,0,0,0,0
0.170500,0.00,0.000,0.000,0,0,0.000,0,0,18.000,39.000,55.000,0,0,0,0,0,0,0,0,0,0,0,144,0,3,70,0,28.000,0,0,0,0,0,0,0,0,0,0,0,0,0,0,0,0,1,1,1,1,1,1,0,0,0,2728,0,0,0,0,0,0,0,0,0
0.170750,0.00,0.000,0.000,0,0,0.000,0,0,18.000,39.000,55.000,0,0,0,0,0,0,0,0,0,0,0,144,0,3,70,0,28.000,0,0,0,0,0,0,0,0,0,0,0,0,0,0,0,0,1,1,1,1,1,1,0,0,0,2732,0,0,0,0,0,0,0,0,0
0.171000,0.00,0.000,0.000,0,0,0.000,0,0,18.000,39.000,55.000,0,0,0,0,0,0,0,0,0,0,0,144,0,3,70,0,28.000,0,0,0,0,0,0,0,0,0,0,0,0,0,0,0,0,1,1,1,1,1,1,0,0,0,2736,0,0,0,0,0,0,0,0,0
0.171250,0.00,0.000,0.000,0,0,0.000,0,0,18.000,39.000,55.000,0,0,0,0,0,0,0,0,0,0,0,144,0,3,70,0,28.000,0,0,0,0,0,0,0,0,0,0,0,0,0,0,0,0,1,1,1,1,1,1,0,0,0,2740,0,0,0,0,0,0,0,0,0
0.171500,0.00,0.000,0.000,0,0,0.000,0,0,18.000,39.000,55.000,0,0,0,0,0,0,0,0,0,0,0,144,0,3,70,0,28.000,0,0,0,0,0,0,0,0,0,0,0,0,0,0,0,0,1,1,1,1,1,1,0,0,0,2744,0,0,0,0,0,0,0,0,0
0.171750,0.00,0.000,0.000,0,0,0.000,0,0,18.000,39.000,55.000,0,0,0,0,0,0,0,0,0,0,0,144,0,3,70,0,28.000,0,0,0,0,0,0,0,0,0,0,0,0,0,0,0,0,1,1,1,1,1,1,0,0,0,2748,0,0,0,0,0,0,0,0,0
0.172000,0.00,0.000,0.000,0,0,0.000,0,0,18.000,39.000,55.000,0,0,0,0,0,0,0,0,0,0,0,144,0,3,70,0,28.000,0,0,0,0,0,0,0,0,0,0,0,0,0,0,0,0,1,1,1,1,1,1,0,0,0,2752,0,0,0,0,0,0,0,0,0
0.172250,0.00,0.000,0.000,0,0,0.000,0,0,18.000,39.000,55.000,0,0,0,0,0,0,0,0,0,0,0,144,0,3,70,0,28.000,0,0,0,0,0,0,0,0,0,0,0,0,0,0,0,0,1,1,1,1,1,1,0,0,0,2756,0,0,0,0,0,0,0,0,0
0.172500,0.00,0.000,0.000,0,0,0.000,0,0,18.000,39.000,55.000,0,0,0,0,0,0,0,0,0,0,0,144,0,3,70,0,28.000,0,0,0,0,0,0,0,0,0,0,0,0,0,0,0,0,1,1,1,1,1,1,0,0,0,2760,0,0,0,0,0,0,0,0,0
0.172750,0.00,0.000,0.000,0,0,0.000,0,0,18.000,39.000,55.000,0,0,0,0,0,0,0,0,0,0,0,144,0,3,70,0,28.000,0,0,0,0,0,0,0,0,0,0,0,0,0,0,0,0,1,1,1,1,1,1,0,0,0,2764,0,0,0,0,0,0,0,0,0
0.173000,0.00,0.000,0.000,0,0,0.000,0,0,18.000,39.000,55.000,0,0,0,0,0,0,0,0,0,0,0,144,0,3,70,0,28.000,0,0,0,0,0,0,0,0,0,0,0,0,0,0,0,0,1,1,1,1,1,1,0,0,0,2768,0,0,0,0,0,0,0,0,0
0.173250,0.00,0.000,0.000,0,0,0.000,0,0,18.000,39.000,55.000,0,0,0,0,0,0,0,0,0,0,0,144,0,3,70,0,28.000,0,0,0,0,0,0,0,0,0,0,0,0,0,0,0,0,1,1,1,1,1,1,0,0,0,2772,0,0,0,0,0,0,0,0,0
0.173500,0.00,0.000,0.000,0,0,0.000,0,0,18.000,39.000,55.000,0,0,0,0,0,0,0,0,0,0,0,144,0,3,70,0,28.000,0,0,0,0,0,0,0,0,0,0,0,0,0,0,0,0,1,1,1,1,1,1,0,0,0,2776,0,0,0,0,0,0,0,0,0
0.173750,0.00,0.000,0.000,0,0,0.000,0,0,18.000,39.000,55.000,0,0,0,0,0,0,0,0,0,0,0,144,0,3,70,0,28.000,0,0,0,0,0,0,0,0,0,0,0,0,0,0,0,0,1,1,1,1,1,1,0,0,0,2780,0,0,0,0,0,0,0,0,0
0.174000,0.00,0.000,0.000,0,0,0.000,0,0,18.000,39.000,55.000,0,0,0,0,0,0,0,0,0,0,0,144,0,3,70,0,28.000,0,0,0,0,0,0,0,0,0,0,0,0,0,0,0,0,1,1,1,1,1,1,0,0,0,2784,0,0,0,0,0,0,0,0,0
0.174250,0.00,0.000,0.000,0,0,0.000,0,0,18.000,39.000,55.000,0,0,0,0,0,0,0,0,0,0,0,144,0,3,70,0,28.000,0,0,0,0,0,0,0,0,0,0,0,0,0,0,0,0,1,1,1,1,1,1,0,0,0,2788,0,0,0,0,0,0,0,0,0
0.174500,0.00,0.000,0.000,0,0,0.000,0,0,18.000,39.000,55.000,0,0,0,0,0,0,0,0,0,0,0,144,0,3,70,0,28.000,0,0,0,0,0,0,0,0,0,0,0,0,0,0,0,0,1,1,1,1,1,1,0,0,0,2792,0,0,0,0,0,0,0,0,0
0.174750,0.00,0.000,0.000,0,0,0.000,0,0,18.000,39.000,55.000,0,0,0,0,0,0,0,0,0,0,0,144,0,3,70,0,28.000,0,0,0,0,0,0,0,0,0,0,0,0,0,0,0,0,1,1,1,1,1,1,0,0,0,2796,0,0,0,0,0,0,0,0,0
0.175000,0.00,0.000,0.000,0,0,0.000,0,0,18.000,39.000,55.000,0,0,0,0,0,0,0,0,0,0,0,144,0,3,70,0,28.000,0,0,0,0,0,0,0,0,0,0,0,0,0,0,0,0,1,1,1,1,1,1,0,0,0,2800,0,0,0,0,0,0,0,0,0
0.175250,0.00,0.000,0.000,0,0,0.000,0,0,18.000,39.000,55.000,0,0,0,0,0,0,0,0,0,0,0,144,0,3,70,0,28.000,0,0,0,0,0,0,0,0,0,0,0,0,0,0,0,0,1,1,1,1,1,1,0,0,0,2804,0,0,0,0,0,0,0,0,0
0.175500,0.00,0.000,0.000,0,0,0.000,0,0,18.000,39.000,55.000,0,0,0,0,0,0,0,0,0,0,0,144,0,3,70,0,28.000,0,0,0,0,0,0,0,0,0,0,0,0,0,0,0,0,1,1,1,1,1,1,0,0,0,2808,0,0,0,0,0,0,0,0,0
0.175750,0.00,0.000,0.000,0,0,0.000,0,0,18.000,39.000,55.000,0,0,0,0,0,0,0,0,0,0,0,144,0,3,70,0,28.000,0,0,0,0,0,0,0,0,0,0,0,0,0,0,0,0,1,1,1,1,1,1,0,0,0,2812,0,0,0,0,0,0,0,0,0
0.176000,0.00,0.000,0.000,0,0,0.000,0,0,18.000,39.000,55.000,0,0,0,0,0,0,0,0,0,0,0,144,0,3,70,0,28.000,0,0,0,0,0,0,0,0,0,0,0,0,0,0,0,0,1,1,1,1,1,1,0,0,0,2816,0,0,0,0,0,0,0,0,0
0.176250,0.00,0.000,0.000,0,0,0.000,0,0,18.000,39.000,55.000,0,0,0,0,0,0,0,0,0,0,0,144,0,3,70,0,28.000,0,0,0,0,0,0,0,0,0,0,0,0,0,0,0,0,1,1,1,1,1,1,0,0,0,2820,0,0,0,0,0,0,0,0,0
0.176500,0.00,0.000,0.000,0,0,0.000,0,0,18.000,39.000,55.000,0,0,0,0,0,0,0,0,0,0,0,144,0,3,70,0,28.000,0,0,0,0,0,0,0,0,0,0,0,0,0,0,0,0,1,1,1,1,1,1,0,0,0,2824,0,0,0,0,0,0,0,0,0
0.176750,0.00,0.000,0.000,0,0,0.000,0,0,18.000,39.000,55.000,0,0,0,0,0,0,0,0,0,0,0,144,0,3,70,0,28.000,0,0,0,0,0,0,0,0,0,0,0,0,0,0,0,0,1,1,1,1,1,1,0,0,0,2828,0,0,0,0,0,0,0,0,0
0.177000,0.00,0.000,0.000,0,0,0.000,0,0,18.000,39.000,55.000,0,0,0,0,0,0,0,0,0,0,0,144,0,3,70,0,28.000,0,0,0,0,0,0,0,0,0,0,0,0,0,0,0,0,1,1,1,1,1,1,0,0,0,2832,0,0,0,0,0,0,0,0,0
0.177250,0.00,0.000,0.000,0,0,0.000,0,0,18.000,39.000,55.000,0,0,0,0,0,0,0,0,0,0,0,144,0,3,70,0,28.000,0,0,0,0,0,0,0,0,0,0,0,0,0,0,0,0,1,1,1,1,1,1,0,0,0,2836,0,0,0,0,0,0,0,0,0
0.177500,0.00,0.000,0.000,0,0,0.000,0,0,18.000,39.000,55.000,0,0,0,0,0,0,0,0,0,0,0,144,0,3,70,0,28.000,0,0,0,0,0,0,0,0,0,0,0,0,0,0,0,0,1,1,1,1,1,1,0,0,0,2840,0,0,0,0,0,0,0,0,0
0.177750,0.00,0.000,0.000,0,0,0.000,0,0,18.000,39.000,55.000,0,0,0,0,0,0,0,0,0,0,0,144,0,3,70,0,28.000,0,0,0,0,0,0,0,0,0,0,0,0,0,0,0,0,1,1,1,1,1,1,0,0,0,2844,0,0,0,0,0,0,0,0,0
0.178000,0.00,0.000,0.000,0,0,0.000,0,0,18.000,39.000,55.000,0,0,0,0,0,0,0,0,0,0,0,144,0,3,70,0,28.000,0,0,0,0,0,0,0,0,0,0,0,0,0,0,0,0,1,1,1,1,1,1,0,0,0,2848,0,0,0,0,0,0,0,0,0
0.178250,0.00,0.000,0.000,0,0,0.000,0,0,18.000,39.000,55.000,0,0,0,0,0,0,0,0,0,0,0,144,0,3,70,0,28.000,0,0,0,0,0,0,0,0,0,0,0,0,0,0,0,0,1,1,1,1,1,1,0,0,0,2852,0,0,0,0,0,0,0,0,0
0.178500,0.00,0.000,0.000,0,0,0.000,0,0,18.000,39.000,55.000,0,0,0,0,0,0,0,0,0,0,0,144,0,3,70,0,28.000,0,0,0,0,0,0,0,0,0,0,0,0,0,0,0,0,1,1,1,1,1,1,0,0,0,2856,0,0,0,0,0,0,0,0,0
0.178750,0.00,0.000,0.000,0,0,0.000,0,0,18.000,39.000,55.000,0,0,0,0,0,0,0,0,0,0,0,144,0,3,70,0,28.000,0,0,0,0,0,0,0,0,0,0,0,0,0,0,0,0,1,1,1,1,1,1,0,0,0,2860,0,0,0,0,0,0,0,0,0
0.179000,0.00,0.000,0.000,0,0,0.000,0,0,18.000,39.000,55.000,0,0,0,0,0,0,0,0,0,0,0,144,0,3,70,0,28.000,0,0,0,0,0,0,0,0,0,0,0,0,0,0,0,0,1,1,1,1,1,1,0,0,0,2864,0,0,0,0,0,0,0,0,0
0.179250,0.00,0.000,0.000,0,0,0.000,0,0,18.000,39.000,55.000,0,0,0,0,0,0,0,0,0,0,0,144,0,3,70,0,28.000,0,0,0,0,0,0,0,0,0,0,0,0,0,0,0,0,1,1,1,1,1,1,0,0,0,2868,0,0,0,0,0,0,0,0,0
0.179500,0.00,0.000,0.000,0,0,0.000,0,0,18.000,39.000,55.000,0,0,0,0,0,0,0,0,0,0,0,144,0,3,70,0,28.000,0,0,0,0,0,0,0,0,0,0,0,0,0,0,0,0,1,1,1,1,1,1,0,0,0,2872,0,0,0,0,0,0,0,0,0
0.179750,0.00,0.000,0.000,0,0,0.000,0,0,18.000,39.000,55.000,0,0,0,0,0,0,0,0,0,0,0,144,0,3,70,0,28.000,0,0,0,0,0,0,0,0,0,0,0,0,0,0,0,0,1,1,1,1,1,1,0,0,0,2876,0,0,0,0,0,0,0,0,0
0.180000,0.00,0.000,0.000,0,0,0.000,0,0,18.000,39.000,55.000,0,0,0,0,0,0,0,0,0,0,0,144,0,3,70,0,28.000,0,0,0,0,0,0,0,0,0,0,0,0,0,0,0,0,1,1,1,1,1,1,0,0,0,2880,0,0,0,0,0,0,0,0,0
0.180250,0.00,0.000,0.000,0,0,0.000,0,0,18.000,39.000,55.000,0,0,0,0,0,0,0,0,0,0,0,144,0,3,70,0,28.000,0,0,0,0,0,0,0,0,0,0,0,0,0,0,0,0,1,1,1,1,1,1,0,0,0,2884,0,0,0,0,0,0,0,0,0
0.180500,0.00,0.000,0.000,0,0,0.000,0,0,18.000,39.000,55.000,0,0,0,0,0,0,0,0,0,0,0,144,0,3,70,0,28.000,0,0,0,0,0,0,0,0,0,0,0,0,0,0,0,0,1,1,1,1,1,1,0,0,0,2888,0,0,0,0,0,0,0,0,0
0.180750,0.00,0.000,0.000,0,0,0.000,0,0,18.000,39.000,55.000,0,0,0,0,0,0,0,0,0,0,0,144,0,3,70,0,28.000,0,0,0,0,0,0,0,0,0,0,0,0,0,0,0,0,1,1,1,1,1,1,0,0,0,2892,0,0,0,0,0,0,0,0,0
0.181000,0.00,0.000,0.000,0,0,0.000,0,0,18.000,39.000,55.000,0,0,0,0,0,0,0,0,0,0,0,144,0,3,70,0,28.000,0,0,0,0,0,0,0,0,0,0,0,0,0,0,0,0,1,1,1,1,1,1,0,0,0,2896,0,0,0,0,0,0,0,0,0
0.181250,0.00,0.000,0.000,0,0,0.000,0,0,18.000,39.000,55.000,0,0,0,0,0,0,0,0,0,0,0,144,0,3,70,0,28.000,0,0,0,0,0,0,0,0,0,0,0,0,0,0,0,0,1,1,1,1,1,1,0,0,0,2900,0,0,0,0,0,0,0,0,0
0.181500,0.00,0.000,0.000,0,0,0.000,0,0,18.000,39.000,55.000,0,0,0,0,0,0,0,0,0,0,0,144,0,3,70,0,28.000,0,0,0,0,0,0,0,0,0,0,0,0,0,0,0,0,1,1,1,1,1,1,0,0,0,2904,0,0,0,0,0,0,0,0,0
0.181750,0.00,0.000,0.000,0,0,0.000,0,0,18.000,39.000,55.000,0,0,0,0,0,0,0,0,0,0,0,144,0,3,70,0,28.000,0,0,0,0,0,0,0,0,0,0,0,0,0,0,0,0,1,1,1,1,1,1,0,0,0,2908,0,0,0,0,0,0,0,0,0
0.182000,0.00,0.000,0.000,0,0,0.000,0,0,18.000,39.000,55.000,0,0,0,0,0,0,0,0,0,0,0,144,0,3,70,0,28.000,0,0,0,0,0,0,0,0,0,0,0,0,0,0,0,0,1,1,1,1,1,1,0,0,0,2912,0,0,0,0,0,0,0,0,0
0.182250,0.00,0.000,0.000,0,0,0.000,0,0,18.000,39.000,55.000,0,0,0,0,0,0,0,0,0,0,0,144,0,3,70,0,28.000,0,0,0,0,0,0,0,0,0,0,0,0,0,0,0,0,1,1,1,1,1,1,0,0,0,2916,0,0,0,0,0,0,0,0,0
0.182500,0.00,0.000,0.000,0,0,0.000,0,0,18.000,39.000,55.000,0,0,0,0,0,0,0,0,0,0,0,144,0,3,70,0,28.000,0,0,0,0,0,0,0,0,0,0,0,0,0,0,0,0,1,1,1,1,1,1,0,0,0,2920,0,0,0,0,0,0,0,0,0
0.182750,0.00,0.000,0.000,0,0,0.000,0,0,18.000,39.000,55.000,0,0,0,0,0,0,0,0,0,0,0,144,0,3,70,0,28.000,0,0,0,0,0,0,0,0,0,0,0,0,0,0,0,0,1,1,1,1,1,1,0,0,0,2924,0,0,0,0,0,0,0,0,0
0.183000,0.00,0.000,0.000,0,0,0.000,0,0,18.000,39.000,55.000,0,0,0,0,0,0,0,0,0,0,0,144,0,3,70,0,28.000,0,0,0,0,0,0,0,0,0,0,0,0,0,0,0,0,1,1,1,1,1,1,0,0,0,2928,0,0,0,0,0,0,0,0,0
0.183250,0.00,0.000,0.000,0,0,0.000,0,0,18.000,39.000,55.000,0,0,0,0,0,0,0,0,0,0,0,144,0,3,70,0,28.000,0,0,0,0,0,0,0,0,0,0,0,0,0,0,0,0,1,1,1,1,1,1,0,0,0,2932,0,0,0,0,0,0,0,0,0
0.183500,0.00,0.000,0.000,0,0,0.000,0,0,18.000,39.000,55.000,0,0,0,0,0,0,0,0,0,0,0,144,0,3,70,0,28.000,0,0,0,0,0,0,0,0,0,0,0,0,0,0,0,0,1,1,1,1,1,1,0,0,0,2936,0,0,0,0,0,0,0,0,0
0.183750,0.00,0.000,0.000,0,0,0.000,0,0,18.000,39.000,55.000,0,0,0,0,0,0,0,0,0,0,0,144,0,3,70,0,28.000,0,0,0,0,0,0,0,0,0,0,0,0,0,0,0,0,1,1,1,1,1,1,0,0,0,2940,0,0,0,0,0,0,0,0,0
0.184000,0.00,0.000,0.000,0,0,0.000,0,0,18.000,39.000,55.000,0,0,0,0,0,0,0,0,0,0,0,144,0,3,70,0,28.000,0,0,0,0,0,0,0,0,0,0,0,0,0,0,0,0,1,1,1,1,1,1,0,0,0,2944,0,0,0,0,0,0,0,0,0
0.184250,0.00,0.000,0.000,0,0,0.000,0,0,18.000,39.000,55.000,0,0,0,0,0,0,0,0,0,0,0,144,0,3,70,0,28.000,0,0,0,0,0,0,0,0,0,0,0,0,0,0,0,0,1,1,1,1,1,1,0,0,0,2948,0,0,0,0,0,0,0,0,0
0.184500,0.00,0.000,0.000,0,0,0.000,0,0,18.000,39.000,55.000,0,0,0,0,0,0,0,0,0,0,0,144,0,3,70,0,28.000,0,0,0,0,0,0,0,0,0,0,0,0,0,0,0,0,1,1,1,1,1,1,0,0,0,2952,0,0,0,0,0,0,0,0,0
0.184750,0.00,0.000,0.000,0,0,0.000,0,0,18.000,39.000,55.000,0,0,0,0,0,0,0,0,0,0,0,144,0,3,70,0,28.000,0,0,0,0,0,0,0,0,0,0,0,0,0,0,0,0,1,1,1,1,1,1,0,0,0,2956,0,0,0,0,0,0,0,0,0
0.185000,0.00,0.000,0.000,0,0,0.000,0,0,18.000,39.000,55.000,0,0,0,0,0,0,0,0,0,0,0,144,0,3,70,0,28.000,0,0,0,0,0,0,0,0,0,0,0,0,0,0,0,0,1,1,1,1,1,1,0,0,0,2960,0,0,0,0,0,0,0,0,0
0.185250,0.00,0.000,0.000,0,0,0.000,0,0,18.000,39.000,55.000,0,0,0,0,0,0,0,0,0,0,0,144,0,3,70,0,28.000,0,0,0,0,0,0,0,0,0,0,0,0,0,0,0,0,1,1,1,1,1,1,0,0,0,2964,0,0,0,0,0,0,0,0,0
0.185500,0.00,0.000,0.000,0,0,0.000,0,0,18.000,39.000,55.000,0,0,0,0,0,0,0,0,0,0,0,144,0,3,70,0,28.000,0,0,0,0,0,0,0,0,0,0,0,0,0,0,0,0,1,1,1,1,1,1,0,0,0,2968,0,0,0,0,0,0,0,0,0
0.185750,0.00,0.000,0.000,0,0,0.000,0,0,18.000,39.000,55.000,0,0,0,0,0,0,0,0,0,0,0,144,0,3,70,0,28.000,0,0,0,0,0,0,0,0,0,0,0,0,0,0,0,0,1,1,1,1,1,1,0,0,0,2972,0,0,0,0,0,0,0,0,0
0.186000,0.00,0.000,0.000,0,0,0.000,0,0,18.000,39.000,55.000,0,0,0,0,0,0,0,0,0,0,0,144,0,3,70,0,28.000,0,0,0,0,0,0,0,0,0,0,0,0,0,0,0,0,1,1,1,1,1,1,0,0,0,2976,0,0,0,0,0,0,0,0,0
0.186250,0.00,0.000,0.000,0,0,0.000,0,0,18.000,39.000,55.000,0,0,0,0,0,0,0,0,0,0,0,144,0,3,70,0,28.000,0,0,0,0,0,0,0,0,0,0,0,0,0,0,0,0,1,1,1,1,1,1,0,0,0,2980,0,0,0,0,0,0,0,0,0
0.186500,0.00,0.000,0.000,0,0,0.000,0,0,18.000,39.000,55.000,0,0,0,0,0,0,0,0,0,0,0,144,0,3,70,0,28.000,0,0,0,0,0,0,0,0,0,0,0,0,0,0,0,0,1,1,1,1,1,1,0,0,0,2984,0,0,0,0,0,0,0,0,0
0.186750,0.00,0.000,0.000,0,0,0.000,0,0,18.000,39.000,55.000,0,0,0,0,0,0,0,0,0,0,0,144,0,3,70,0,28.000,0,0,0,0,0,0,0,0,0,0,0,0,0,0,0,0,1,1,1,1,1,1,0,0,0,2988,0,0,0,0,0,0,0,0,0
0.187000,0.00,0.000,0.000,0,0,0.000,0,0,18.000,39.000,55.000,0,0,0,0,0,0,0,0,0,0,0,144,0,3,70,0,28.000,0,0,0,0,0,0,0,0,0,0,0,0,0,0,0,0,1,1,1,1,1,1,0,0,0,2992,0,0,0,0,0,0,0,0,0
0.187250,0.00,0.000,0.000,0,0,0.000,0,0,18.000,39.000,55.000,0,0,0,0,0,0,0,0,0,0,0,144,0,3,70,0,28.000,0,0,0,0,0,0,0,0,0,0,0,0,0,0,0,0,1,1,1,1,1,1,0,0,0,2996,0,0,0,0,0,0,0,0,0
0.187500,0.00,0.000,0.000,0,0,0.000,0,0,18.000,39.000,55.000,0,0,0,0,0,0,0,0,0,0,0,144,0,3,70,0,28.000,0,0,0,0,0,0,0,0,0,0,0,0,0,0,0,0,1,1,1,1,1,1,0,0,0,3000,0,0,0,0,0,0,0,0,0
0.187750,0.00,0.000,0.000,0,0,0.000,0,0,18.000,39.000,55.000,0,0,0,0,0,0,0,0,0,0,0,144,0,3,70,0,28.000,0,0,0,0,0,0,0,0,0,0,0,0,0,0,0,0,1,1,1,1,1,1,0,0,0,3004,0,0,0,0,0,0,0,0,0
0.188000,0.00,0.000,0.000,0,0,0.000,0,0,18.000,39.000,55.000,0,0,0,0,0,0,0,0,0,0,0,144,0,3,70,0,28.000,0,0,0,0,0,0,0,0,0,0,0,0,0,0,0,0,1,1,1,1,1,1,0,0,0,3008,0,0,0,0,0,0,0,0,0
0.188250,0.00,0.000,0.000,0,0,0.000,0,0,18.000,39.000,55.000,0,0,0,0,0,0,0,0,0,0,0,144,0,3,70,0,28.000,0,0,0,0,0,0,0,0,0,0,0,0,0,0,0,0,1,1,1,1,1,1,0,0,0,3012,0,0,0,0,0,0,0,0,0
0.188500,0.00,0.000,0.000,0,0,0.000,0,0,18.000,39.000,55.000,0,0,0,0,0,0,0,0,0,0,0,144,0,3,70,0,28.000,0,0,0,0,0,0,0,0,0,0,0,0,0,0,0,0,1,1,1,1,1,1,0,0,0,3016,0,0,0,0,0,0,0,0,0
0.188750,0.00,0.000,0.000,0,0,0.000,0,0,18.000,39.000,55.000,0,0,0,0,0,0,0,0,0,0,0,144,0,3,70,0,28.000,0,0,0,0,0,0,0,0,0,0,0,0,0,0,0,0,1,1,1,1,1,1,0,0,0,3020,0,0,0,0,0,0,0,0,0
0.189000,0.00,0.000,0.000,0,0,0.000,0,0,18.000,39.000,55.000,0,0,0,0,0,0,0,0,0,0,0,144,0,3,70,0,28.000,0,0,0,0,0,0,0,0,0,0,0,0,0,0,0,0,1,1,1,1,1,1,0,0,0,3024,0,0,0,0,0,0,0,0,0
0.189250,0.00,0.000,0.000,0,0,0.000,0,0,18.000,39.000,55.000,0,0,0,0,0,0,0,0,0,0,0,144,0,3,70,0,28.000,0,0,0,0,0,0,0,0,0,0,0,0,0,0,0,0,1,1,1,1,1,1,0,0,0,3028,0,0,0,0,0,0,0,0,0
0.189500,0.00,0.000,0.000,0,0,0.000,0,0,18.000,39.000,55.000,0,0,0,0,0,0,0,0,0,0,0,144,0,3,70,0,28.000,0,0,0,0,0,0,0,0,0,0,0,0,0,0,0,0,1,1,1,1,1,1,0,0,0,3032,0,0,0,0,0,0,0,0,0
0.189750,0.00,0.000,0.000,0,0,0.000,0,0,18.000,39.000,55.000,0,0,0,0,0,0,0,0,0,0,0,144,0,3,70,0,28.000,0,0,0,0,0,0,0,0,0,0,0,0,0,0,0,0,1,1,1,1,1,1,0,0,0,3036,0,0,0,0,0,0,0,0,0
0.190000,0.00,0.000,0.000,0,0,0.000,0,0,18.000,39.000,55.000,0,0,0,0,0,0,0,0,0,0,0,144,0,3,70,0,28.000,0,0,0,0,0,0,0,0,0,0,0,0,0,0,0,0,1,1,1,1,1,1,0,0,0,3040,0,0,0,0,0,0,0,0,0
0.190250,0.00,0.000,0.000,0,0,0.000,0,0,18.000,39.000,55.000,0,0,0,0,0,0,0,0,0,0,0,144,0,3,70,0,28.000,0,0,0,0,0,0,0,0,0,0,0,0,0,0,0,0,1,1,1,1,1,1,0,0,0,3044,0,0,0,0,0,0,0,0,0
0.190500,0.00,0.000,0.000,0,0,0.000,0,0,18.000,39.000,55.000,0,0,0,0,0,0,0,0,0,0,0,144,0,3,70,0,28.000,0,0,0,0,0,0,0,0,0,0,0,0,0,0,0,0,1,1,1,1,1,1,0,0,0,3048,0,0,0,0,0,0,0,0,0
0.190750,0.00,0.000,0.000,0,0,0.000,0,0,18.000,39.000,55.000,0,0,0,0,0,0,0,0,0,0,0,144,0,3,70,0,28.000,0,0,0,0,0,0,0,0,0,0,0,0,0,0,0,0,1,1,1,1,1,1,0,0,0,3052,0,0,0,0,0,0,0,0,0
0.191000,0.00,0.000,0.000,0,0,0.000,0,0,18.000,39.000,55.000,0,0,0,0,0,0,0,0,0,0,0,144,0,3,70,0,28.000,0,0,0,0,0,0,0,0,0,0,0,0,0,0,0,0,1,1,1,1,1,1,0,0,0,3056,0,0,0,0,0,0,0,0,0
0.191250,0.00,0.000,0.000,0,0,0.000,0,0,18.000,39.000,55.000,0,0,0,0,0,0,0,0,0,0,0,144,0,3,70,0,28.000,0,0,0,0,0,0,0,0,0,0,0,0,0,0,0,0,1,1,1,1,1,1,0,0,0,3060,0,0,0,0,0,0,0,0,0
0.191500,0.00,0.000,0.000,0,0,0.000,0,0,18.000,39.000,55.000,0,0,0,0,0,0,0,0,0,0,0,144,0,3,70,0,28.000,0,0,0,0,0,0,0,0,0,0,0,0,0,0,0,0,1,1,1,1,1,1,0,0,0,3064,0,0,0,0,0,0,0,0,0
0.191750,0.00,0.000,0.000,0,0,0.000,0,0,18.000,39.000,55.000,0,0,0,0,0,0,0,0,0,0,0,144,0,3,70,0,28.000,0,0,0,0,0,0,0,0,0,0,0,0,0,0,0,0,1,1,1,1,1,1,0,0,0,3068,0,0,0,0,0,0,0,0,0
0.192000,0.00,0.000,0.000,0,0,0.000,0,0,18.000,39.000,55.000,0,0,0,0,0,0,0,0,0,0,0,144,0,3,70,0,28.000,0,0,0,0,0,0,0,0,0,0,0,0,0,0,0,0,1,1,1,1,1,1,0,0,0,3072,0,0,0,0,0,0,0,0,0
0.192250,0.00,0.000,0.000,0,0,0.000,0,0,18.000,39.000,55.000,0,0,0,0,0,0,0,0,0,0,0,144,0,3,70,0,28.000,0,0,0,0,0,0,0,0,0,0,0,0,0,0,0,0,1,1,1,1,1,1,0,0,0,3076,0,0,0,0,0,0,0,0,0
0.192500,0.00,0.000,0.000,0,0,0.000,0,0,18.000,39.000,55.000,0,0,0,0,0,0,0,0,0,0,0,144,0,3,70,0,28.000,0,0,0,0,0,0,0,0,0,0,0,0,0,0,0,0,1,1,1,1,1,1,0,0,0,3080,0,0,0,0,0,0,0,0,0
0.192750,0.00,0.000,0.000,0,0,0.000,0,0,18.000,39.000,55.000,0,0,0,0,0,0,0,0,0,0,0,144,0,3,70,0,28.000,0,0,0,0,0,0,0,0,0,0,0,0,0,0,0,0,1,1,1,1,1,1,0,0,0,3084,0,0,0,0,0,0,0,0,0
0.193000,0.00,0.000,0.000,0,0,0.000,0,0,18.000,39.000,55.000,0,0,0,0,0,0,0,0,0,0,0,144,0,3,70,0,28.000,0,0,0,0,0,0,0,0,0,0,0,0,0,0,0,0,1,1,1,1,1,1,0,0,0,3088,0,0,0,0,0,0,0,0,0
0.193250,0.00,0.000,0.000,0,0,0.000,0,0,18.000,39.000,55.000,0,0,0,0,0,0,0,0,0,0,0,144,0,3,70,0,28.000,0,0,0,0,0,0,0,0,0,0,0,0,0,0,0,0,1,1,1,1,1,1,0,0,0,3092,0,0,0,0,0,0,0,0,0
0.193500,0.00,0.000,0.000,0,0,0.000,0,0,18.000,39.000,55.000,0,0,0,0,0,0,0,0,0,0,0,144,0,3,70,0,28.000,0,0,0,0,0,0,0,0,0,0,0,0,0,0,0,0,1,1,1,1,1,1,0,0,0,3096,0,0,0,0,0,0,0,0,0
0.193750,0.00,0.000,0.000,0,0,0.000,0,0,18.000,39.000,55.000,0,0,0,0,0,0,0,0,0,0,0,144,0,3,70,0,28.000,0,0,0,0,0,0,0,0,0,0,0,0,0,0,0,0,1,1,1,1,1,1,0,0,0,3100,0,0,0,0,0,0,0,0,0
0.194000,0.00,0.000,0.000,0,0,0.000,0,0,18.000,39.000,55.000,0,0,0,0,0,0,0,0,0,0,0,144,0,3,70,0,28.000,0,0,0,0,0,0,0,0,0,0,0,0,0,0,0,0,1,1,1,1,1,1,0,0,0,3104,0,0,0,0,0,0,0,0,0
0.194250,0.00,0.000,0.000,0,0,0.000,0,0,18.000,39.000,55.000,0,0,0,0,0,0,0,0,0,0,0,144,0,3,70,0,28.000,0,0,0,0,0,0,0,0,0,0,0,0,0,0,0,0,1,1,1,1,1,1,0,0,0,3108,0,0,0,0,0,0,0,0,0
0.194500,0.00,0.000,0.000,0,0,0.000,0,0,18.000,39.000,55.000,0,0,0,0,0,0,0,0,0,0,0,144,0,3,70,0,28.000,0,0,0,0,0,0,0,0,0,0,0,0,0,0,0,0,1,1,1,1,1,1,0,0,0,3112,0,0,0,0,0,0,0,0,0
0.194750,0.00,0.000,0.000,0,0,0.000,0,0,18.000,39.000,55.000,0,0,0,0,0,0,0,0,0,0,0,144,0,3,70,0,28.000,0,0,0,0,0,0,0,0,0,0,0,0,0,0,0,0,1,1,1,1,1,1,0,0,0,3116,0,0,0,0,0,0,0,0,0
0.195000,0.00,0.000,0.000,0,0,0.000,0,0,18.000,39.000,55.000,0,0,0,0,0,0,0,0,0,0,0,144,0,3,70,0,28.000,0,0,0,0,0,0,0,0,0,0,0,0,0,0,0,0,1,1,1,1,1,1,0,0,0,3120,0,0,0,0,0,0,0,0,0
0.195250,0.00,0.000,0.000,0,0,0.000,0,0,18.000,39.000,55.000,0,0,0,0,0,0,0,0,0,0,0,144,0,3,70,0,28.000,0,0,0,0,0,0,0,0,0,0,0,0,0,0,0,0,1,1,1,1,1,1,0,0,0,3124,0,0,0,0,0,0,0,0,0
0.195500,0.00,0.000,0.000,0,0,0.000,0,0,18.000,39.000,55.000,0,0,0,0,0,0,0,0,0,0,0,144,0,3,70,0,28.000,0,0,0,0,0,0,0,0,0,0,0,0,0,0,0,0,1,1,1,1,1,1,0,0,0,3128,0,0,0,0,0,0,0,0,0
0.195750,0.00,0.000,0.000,0,0,0.000,0,0,18.000,39.000,55.000,0,0,0,0,0,0,0,0,0,0,0,144,0,3,70,0,28.000,0,0,0,0,0,0,0,0,0,0,0,0,0,0,0,0,1,1,1,1,1,1,0,0,0,3132,0,0,0,0,0,0,0,0,0
0.196000,0.00,0.000,0.000,0,0,0.000,0,0,18.000,39.000,55.000,0,0,0,0,0,0,0,0,0,0,0,144,0,3,70,0,28.000,0,0,0,0,0,0,0,0,0,0,0,0,0,0,0,0,1,1,1,1,1,1,0,0,0,3136,0,0,0,0,0,0,0,0,0
0.196250,0.00,0.000,0.000,0,0,0.000,0,0,18.000,39.000,55.000,0,0,0,0,0,0,0,0,0,0,0,144,0,3,70,0,28.000,0,0,0,0,0,0,0,0,0,0,0,0,0,0,0,0,1,1,1,1,1,1,0,0,0,3140,0,0,0,0,0,0,0,0,0
0.196500,0.00,0.000,0.000,0,0,0.000,0,0,18.000,39.000,55.000,0,0,0,0,0,0,0,0,0,0,0,144,0,3,70,0,28.000,0,0,0,0,0,0,0,0,0,0,0,0,0,0,0,0,1,1,1,1,1,1,0,0,0,3144,0,0,0,0,0,0,0,0,0
0.196750,0.00,0.000,0.000,0,0,0.000,0,0,18.000,39.000,55.000,0,0,0,0,0,0,0,0,0,0,0,144,0,3,70,0,28.000,0,0,0,0,0,0,0,0,0,0,0,0,0,0,0,0,1,1,1,1,1,1,0,0,0,3148,0,0,0,0,0,0,0,0,0
0.197000,0.00,0.000,0.000,0,0,0.000,0,0,18.000,39.000,55.000,0,0,0,0,0,0,0,0,0,0,0,144,0,3,70,0,28.000,0,0,0,0,0,0,0,0,0,0,0,0,0,0,0,0,1,1,1,1,1,1,0,0,0,3152,0,0,0,0,0,0,0,0,0
0.197250,0.00,0.000,0.000,0,0,0.000,0,0,18.000,39.000,55.000,0,0,0,0,0,0,0,0,0,0,0,144,0,3,70,0,28.000,0,0,0,0,0,0,0,0,0,0,0,0,0,0,0,0,1,1,1,1,1,1,0,0,0,3156,0,0,0,0,0,0,0,0,0
0.197500,0.00,0.000,0.000,0,0,0.000,0,0,18.000,39.000,55.000,0,0,0,0,0,0,0,0,0,0,0,144,0,3,70,0,28.000,0,0,0,0,0,0,0,0,0,0,0,0,0,0,0,0,1,1,1,1,1,1,0,0,0,3160,0,0,0,0,0,0,0,0,0
0.197750,0.00,0.000,0.000,0,0,0.000,0,0,18.000,39.000,55.000,0,0,0,0,0,0,0,0,0,0,0,144,0,3,70,0,28.000,0,0,0,0,0,0,0,0,0,0,0,0,0,0,0,0,1,1,1,1,1,1,0,0,0,3164,0,0,0,0,0,0,0,0,0
0.198000,0.00,0.000,0.000,0,0,0.000,0,0,18.000,39.000,55.000,0,0,0,0,0,0,0,0,0,0,0,144,0,3,70,0,28.000,0,0,0,0,0,0,0,0,0,0,0,0,0,0,0,0,1,1,1,1,1,1,0,0,0,3168,0,0,0,0,0,0,0,0,0
0.198250,0.00,0.000,0.000,0,0,0.000,0,0,18.000,39.000,55.000,0,0,0,0,0,0,0,0,0,0,0,144,0,3,70,0,28.000,0,0,0,0,0,0,0,0,0,0,0,0,0,0,0,0,1,1,1,1,1,1,0,0,0,3172,0,0,0,0,0,0,0,0,0
0.198500,0.00,0.000,0.000,0,0,0.000,0,0,18.000,39.000,55.000,0,0,0,0,0,0,0,0,0,0,0,144,0,3,70,0,28.000,0,0,0,0,0,0,0,0,0,0,0,0,0,0,0,0,1,1,1,1,1,1,0,0,0,3176,0,0,0,0,0,0,0,0,0
0.198750,0.00,0.000,0.000,0,0,0.000,0,0,18.000,39.000,55.000,0,0,0,0,0,0,0,0,0,0,0,144,0,3,70,0,28.000,0,0,0,0,0,0,0,0,0,0,0,0,0,0,0,0,1,1,1,1,1,1,0,0,0,3180,0,0,0,0,0,0,0,0,0
0.199000,0.00,0.000,0.000,0,0,0.000,0,0,18.000,39.000,55.000,0,0,0,0,0,0,0,0,0,0,0,144,0,3,70,0,28.000,0,0,0,0,0,0,0,0,0,0,0,0,0,0,0,0,1,1,1,1,1,1,0,0,0,3184,0,0,0,0,0,0,0,0,0
0.199250,0.00,0.000,0.000,0,0,0.000,0,0,18.000,39.000,55.000,0,0,0,0,0,0,0,0,0,0,0,144,0,3,70,0,28.000,0,0,0,0,0,0,0,0,0,0,0,0,0,0,0,0,1,1,1,1,1,1,0,0,0,3188,0,0,0,0,0,0,0,0,0
0.199500,0.00,0.000,0.000,0,0,0.000,0,0,18.000,39.000,55.000,0,0,0,0,0,0,0,0,0,0,0,144,0,3,70,0,28.000,0,0,0,0,0,0,0,0,0,0,0,0,0,0,0,0,1,1,1,1,1,1,0,0,0,3192,0,0,0,0,0,0,0,0,0
0.199750,0.00,0.000,0.000,0,0,0.000,0,0,18.000,39.000,55.000,0,0,0,0,0,0,0,0,0,0,0,144,0,3,70,0,28.000,0,0,0,0,0,0,0,0,0,0,0,0,0,0,0,0,1,1,1,1,1,1,0,0,0,3196,0,0,0,0,0,0,0,0,0
0.200000,0.00,0.000,0.000,0,0,0.000,0,0,18.000,39.000,55.000,0,0,0,0,0,0,0,0,0,0,0,144,0,3,70,0,28.000,0,0,0,0,0,0,0,0,0,0,0,0,0,0,0,0,1,1,1,1,1,1,0,0,0,3200,0,0,0,0,0,0,0,0,0
0.200250,0.00,0.000,0.000,0,0,0.000,0,0,18.000,39.000,55.000,0,0,0,0,0,0,0,0,0,0,0,144,0,3,70,0,28.000,0,0,0,0,0,0,0,0,0,0,0,0,0,0,0,0,1,1,1,1,1,1,0,0,0,3204,0,0,0,0,0,0,0,0,0
0.200500,0.00,0.000,0.000,0,0,0.000,0,0,18.000,39.000,55.000,0,0,0,0,0,0,0,0,0,0,0,144,0,3,70,0,28.000,0,0,0,0,0,0,0,0,0,0,0,0,0,0,0,0,1,1,1,1,1,1,0,0,0,3208,0,0,0,0,0,0,0,0,0
0.200750,0.00,0.000,0.000,0,0,0.000,0,0,18.000,39.000,55.000,0,0,0,0,0,0,0,0,0,0,0,144,0,3,70,0,28.000,0,0,0,0,0,0,0,0,0,0,0,0,0,0,0,0,1,1,1,1,1,1,0,0,0,3212,0,0,0,0,0,0,0,0,0
0.201000,0.00,0.000,0.000,0,0,0.000,0,0,18.000,39.000,55.000,0,0,0,0,0,0,0,0,0,0,0,144,0,3,70,0,28.000,0,0,0,0,0,0,0,0,0,0,0,0,0,0,0,0,1,1,1,1,1,1,0,0,0,3216,0,0,0,0,0,0,0,0,0
0.201250,0.00,0.000,0.000,0,0,0.000,0,0,18.000,39.000,55.000,0,0,0,0,0,0,0,0,0,0,0,144,0,3,70,0,28.000,0,0,0,0,0,0,0,0,0,0,0,0,0,0,0,0,1,1,1,1,1,1,0,0,0,3220,0,0,0,0,0,0,0,0,0
0.201500,0.00,0.000,0.000,0,0,0.000,0,0,18.000,39.000,55.000,0,0,0,0,0,0,0,0,0,0,0,144,0,3,70,0,28.000,0,0,0,0,0,0,0,0,0,0,0,0,0,0,0,0,1,1,1,1,1,1,0,0,0,3224,0,0,0,0,0,0,0,0,0
0.201750,0.00,0.000,0.000,0,0,0.000,0,0,18.000,39.000,55.000,0,0,0,0,0,0,0,0,0,0,0,144,0,3,70,0,28.000,0,0,0,0,0,0,0,0,0,0,0,0,0,0,0,0,1,1,1,1,1,1,0,0,0,3228,0,0,0,0,0,0,0,0,0
0.202000,0.00,0.000,0.000,0,0,0.000,0,0,18.000,39.000,55.000,0,0,0,0,0,0,0,0,0,0,0,144,0,3,70,0,28.000,0,0,0,0,0,0,0,0,0,0,0,0,0,0,0,0,1,1,1,1,1,1,0,0,0,3232,0,0,0,0,0,0,0,0,0
0.202250,0.00,0.000,0.000,0,0,0.000,0,0,18.000,39.000,55.000,0,0,0,0,0,0,0,0,0,0,0,144,0,3,70,0,28.000,0,0,0,0,0,0,0,0,0,0,0,0,0,0,0,0,1,1,1,1,1,1,0,0,0,3236,0,0,0,0,0,0,0,0,0
0.202500,0.00,0.000,0.000,0,0,0.000,0,0,18.000,39.000,55.000,0,0,0,0,0,0,0,0,0,0,0,144,0,3,70,0,28.000,0,0,0,0,0,0,0,0,0,0,0,0,0,0,0,0,1,1,1,1,1,1,0,0,0,3240,0,0,0,0,0,0,0,0,0
0.202750,0.00,0.000,0.000,0,0,0.000,0,0,18.000,39.000,55.000,0,0,0,0,0,0,0,0,0,0,0,144,0,3,70,0,28.000,0,0,0,0,0,0,0,0,0,0,0,0,0,0,0,0,1,1,1,1,1,1,0,0,0,3244,0,0,0,0,0,0,0,0,0
0.203000,0.00,0.000,0.000,0,0,0.000,0,0,18.000,39.000,55.000,0,0,0,0,0,0,0,0,0,0,0,144,0,3,70,0,28.000,0,0,0,0,0,0,0,0,0,0,0,0,0,0,0,0,1,1,1,1,1,1,0,0,0,3248,0,0,0,0,0,0,0,0,0
0.203250,0.00,0.000,0.000,0,0,0.000,0,0,18.000,39.000,55.000,0,0,0,0,0,0,0,0,0,0,0,144,0,3,70,0,28.000,0,0,0,0,0,0,0,0,0,0,0,0,0,0,0,0,1,1,1,1,1,1,0,0,0,3252,0,0,0,0,0,0,0,0,0
0.203500,0.00,0.000,0.000,0,0,0.000,0,0,18.000,39.000,55.000,0,0,0,0,0,0,0,0,0,0,0,144,0,3,70,0,28.000,0,0,0,0,0,0,0,0,0,0,0,0,0,0,0,0,1,1,1,1,1,1,0,0,0,3256,0,0,0,0,0,0,0,0,0
0.203750,0.00,0.000,0.000,0,0,0.000,0,0,18.000,39.000,55.000,0,0,0,0,0,0,0,0,0,0,0,144,0,3,70,0,28.000,0,0,0,0,0,0,0,0,0,0,0,0,0,0,0,0,1,1,1,1,1,1,0,0,0,3260,0,0,0,0,0,0,0,0,0
0.204000,0.00,0.000,0.000,0,0,0.000,0,0,18.000,39.000,55.000,0,0,0,0,0,0,0,0,0,0,0,144,0,3,70,0,28.000,0,0,0,0,0,0,0,0,0,0,0,0,0,0,0,0,1,1,1,1,1,1,0,0,0,3264,0,0,0,0,0,0,0,0,0
0.204250,0.00,0.000,0.000,0,0,0.000,0,0,18.000,39.000,55.000,0,0,0,0,0,0,0,0,0,0,0,144,0,3,70,0,28.000,0,0,0,0,0,0,0,0,0,0,0,0,0,0,0,0,1,1,1,1,1,1,0,0,0,3268,0,0,0,0,0,0,0,0,0
0.204500,0.00,0.000,0.000,0,0,0.000,0,0,18.000,39.000,55.000,0,0,0,0,0,0,0,0,0,0,0,144,0,3,70,0,28.000,0,0,0,0,0,0,0,0,0,0,0,0,0,0,0,0,1,1,1,1,1,1,0,0,0,3272,0,0,0,0,0,0,0,0,0
0.204750,0.00,0.000,0.000,0,0,0.000,0,0,18.000,39.000,55.000,0,0,0,0,0,0,0,0,0,0,0,144,0,3,70,0,28.000,0,0,0,0,0,0,0,0,0,0,0,0,0,0,0,0,1,1,1,1,1,1,0,0,0,3276,0,0,0,0,0,0,0,0,0
0.205000,0.00,0.000,0.000,0,0,0.000,0,0,18.000,39.000,55.000,0,0,0,0,0,0,0,0,0,0,0,144,0,3,70,0,28.000,0,0,0,0,0,0,0,0,0,0,0,0,0,0,0,0,1,1,1,1,1,1,0,0,0,3280,0,0,0,0,0,0,0,0,0
0.205250,0.00,0.000,0.000,0,0,0.000,0,0,18.000,39.000,55.000,0,0,0,0,0,0,0,0,0,0,0,144,0,3,70,0,28.000,0,0,0,0,0,0,0,0,0,0,0,0,0,0,0,0,1,1,1,1,1,1,0,0,0,3284,0,0,0,0,0,0,0,0,0
0.205500,0.00,0.000,0.000,0,0,0.000,0,0,18.000,39.000,55.000,0,0,0,0,0,0,0,0,0,0,0,144,0,3,70,0,28.000,0,0,0,0,0,0,0,0,0,0,0,0,0,0,0,0,1,1,1,1,1,1,0,0,0,3288,0,0,0,0,0,0,0,0,0
0.205750,0.00,0.000,0.000,0,0,0.000,0,0,18.000,39.000,55.000,0,0,0,0,0,0,0,0,0,0,0,144,0,3,70,0,28.000,0,0,0,0,0,0,0,0,0,0,0,0,0,0,0,0,1,1,1,1,1,1,0,0,0,3292,0,0,0,0,0,0,0,0,0
0.206000,0.00,0.000,0.000,0,0,0.000,0,0,18.000,39.000,55.000,0,0,0,0,0,0,0,0,0,0,0,144,0,3,70,0,28.000,0,0,0,0,0,0,0,0,0,0,0,0,0,0,0,0,1,1,1,1,1,1,0,0,0,3296,0,0,0,0,0,0,0,0,0
0.206250,0.00,0.000,0.000,0,0,0.000,0,0,18.000,39.000,55.000,0,0,0,0,0,0,0,0,0,0,0,144,0,3,70,0,28.000,0,0,0,0,0,0,0,0,0,0,0,0,0,0,0,0,1,1,1,1,1,1,0,0,0,3300,0,0,0,0,0,0,0,0,0
0.206500,0.00,0.000,0.000,0,0,0.000,0,0,18.000,39.000,55.000,0,0,0,0,0,0,0,0,0,0,0,144,0,3,70,0,28.000,0,0,0,0,0,0,0,0,0,0,0,0,0,0,0,0,1,1,1,1,1,1,0,0,0,3304,0,0,0,0,0,0,0,0,0
0.206750,0.00,0.000,0.000,0,0,0.000,0,0,18.000,39.000,55.000,0,0,0,0,0,0,0,0,0,0,0,144,0,3,70,0,28.000,0,0,0,0,0,0,0,0,0,0,0,0,0,0,0,0,1,1,1,1,1,1,0,0,0,3308,0,0,0,0,0,0,0,0,0
0.207000,0.00,0.000,0.000,0,0,0.000,0,0,18.000,39.000,55.000,0,0,0,0,0,0,0,0,0,0,0,144,0,3,70,0,28.000,0,0,0,0,0,0,0,0,0,0,0,0,0,0,0,0,1,1,1,1,1,1,0,0,0,3312,0,0,0,0,0,0,0,0,0
0.207250,0.00,0.000,0.000,0,0,0.000,0,0,18.000,39.000,55.000,0,0,0,0,0,0,0,0,0,0,0,144,0,3,70,0,28.000,0,0,0,0,0,0,0,0,0,0,0,0,0,0,0,0,1,1,1,1,1,1,0,0,0,3316,0,0,0,0,0,0,0,0,0
0.207500,0.00,0.000,0.000,0,0,0.000,0,0,18.000,39.000,55.000,0,0,0,0,0,0,0,0,0,0,0,144,0,3,70,0,28.000,0,0,0,0,0,0,0,0,0,0,0,0,0,0,0,0,1,1,1,1,1,1,0,0,0,3320,0,0,0,0,0,0,0,0,0
0.207750,0.00,0.000,0.000,0,0,0.000,0,0,18.000,39.000,55.000,0,0,0,0,0,0,0,0,0,0,0,144,0,3,70,0,28.000,0,0,0,0,0,0,0,0,0,0,0,0,0,0,0,0,1,1,1,1,1,1,0,0,0,3324,0,0,0,0,0,0,0,0,0
0.208000,0.00,0.000,0.000,0,0,0.000,0,0,18.000,39.000,55.000,0,0,0,0,0,0,0,0,0,0,0,144,0,3,70,0,28.000,0,0,0,0,0,0,0,0,0,0,0,0,0,0,0,0,1,1,1,1,1,1,0,0,0,3328,0,0,0,0,0,0,0,0,0
0.208250,0.00,0.000,0.000,0,0,0.000,0,0,18.000,39.000,55.000,0,0,0,0,0,0,0,0,0,0,0,144,0,3,70,0,28.000,0,0,0,0,0,0,0,0,0,0,0,0,0,0,0,0,1,1,1,1,1,1,0,0,0,3332,0,0,0,0,0,0,0,0,0
0.208500,0.00,0.000,0.000,0,0,0.000,0,0,18.000,39.000,55.000,0,0,0,0,0,0,0,0,0,0,0,144,0,3,70,0,28.000,0,0,0,0,0,0,0,0,0,0,0,0,0,0,0,0,1,1,1,1,1,1,0,0,0,3336,0,0,0,0,0,0,0,0,0
0.208750,0.00,0.000,0.000,0,0,0.000,0,0,18.000,39.000,55.000,0,0,0,0,0,0,0,0,0,0,0,144,0,3,70,0,28.000,0,0,0,0,0,0,0,0,0,0,0,0,0,0,0,0,1,1,1,1,1,1,0,0,0,3340,0,0,0,0,0,0,0,0,0
0.209000,0.00,0.000,0.000,0,0,0.000,0,0,18.000,39.000,55.000,0,0,0,0,0,0,0,0,0,0,0,144,0,3,70,0,28.000,0,0,0,0,0,0,0,0,0,0,0,0,0,0,0,0,1,1,1,1,1,1,0,0,0,3344,0,0,0,0,0,0,0,0,0
0.209250,0.00,0.000,0.000,0,0,0.000,0,0,18.000,39.000,55.000,0,0,0,0,0,0,0,0,0,0,0,144,0,3,70,0,28.000,0,0,0,0,0,0,0,0,0,0,0,0,0,0,0,0,1,1,1,1,1,1,0,0,0,3348,0,0,0,0,0,0,0,0,0
0.209500,0.00,0.000,0.000,0,0,0.000,0,0,18.000,39.000,55.000,0,0,0,0,0,0,0,0,0,0,0,144,0,3,70,0,28.000,0,0,0,0,0,0,0,0,0,0,0,0,0,0,0,0,1,1,1,1,1,1,0,0,0,3352,0,0,0,0,0,0,0,0,0
0.209750,0.00,0.000,0.000,0,0,0.000,0,0,18.000,39.000,55.000,0,0,0,0,0,0,0,0,0,0,0,144,0,3,70,0,28.000,0,0,0,0,0,0,0,0,0,0,0,0,0,0,0,0,1,1,1,1,1,1,0,0,0,3356,0,0,0,0,0,0,0,0,0
0.210000,0.00,0.000,0.000,0,0,0.000,0,0,18.000,39.000,55.000,0,0,0,0,0,0,0,0,0,0,0,144,0,3,70,0,28.000,0,0,0,0,0,0,0,0,0,0,0,0,0,0,0,0,1,1,1,1,1,1,0,0,0,3360,0,0,0,0,0,0,0,0,0
0.210250,0.00,0.000,0.000,0,0,0.000,0,0,18.000,39.000,55.000,0,0,0,0,0,0,0,0,0,0,0,144,0,3,70,0,28.000,0,0,0,0,0,0,0,0,0,0,0,0,0,0,0,0,1,1,1,1,1,1,0,0,0,3364,0,0,0,0,0,0,0,0,0
0.210500,0.00,0.000,0.000,0,0,0.000,0,0,18.000,39.000,55.000,0,0,0,0,0,0,0,0,0,0,0,144,0,3,70,0,28.000,0,0,0,0,0,0,0,0,0,0,0,0,0,0,0,0,1,1,1,1,1,1,0,0,0,3368,0,0,0,0,0,0,0,0,0
0.210750,0.00,0.000,0.000,0,0,0.000,0,0,18.000,39.000,55.000,0,0,0,0,0,0,0,0,0,0,0,144,0,3,70,0,28.000,0,0,0,0,0,0,0,0,0,0,0,0,0,0,0,0,1,1,1,1,1,1,0,0,0,3372,0,0,0,0,0,0,0,0,0
0.211000,0.00,0.000,0.000,0,0,0.000,0,0,18.000,39.000,55.000,0,0,0,0,0,0,0,0,0,0,0,144,0,3,70,0,28.000,0,0,0,0,0,0,0,0,0,0,0,0,0,0,0,0,1,1,1,1,1,1,0,0,0,3376,0,0,0,0,0,0,0,0,0
0.211250,0.00,0.000,0.000,0,0,0.000,0,0,18.000,39.000,55.000,0,0,0,0,0,0,0,0,0,0,0,144,0,3,70,0,28.000,0,0,0,0,0,0,0,0,0,0,0,0,0,0,0,0,1,1,1,1,1,1,0,0,0,3380,0,0,0,0,0,0,0,0,0
0.211500,0.00,0.000,0.000,0,0,0.000,0,0,18.000,39.000,55.000,0,0,0,0,0,0,0,0,0,0,0,144,0,3,70,0,28.000,0,0,0,0,0,0,0,0,0,0,0,0,0,0,0,0,1,1,1,1,1,1,0,0,0,3384,0,0,0,0,0,0,0,0,0
0.211750,0.00,0.000,0.000,0,0,0.000,0,0,18.000,39.000,55.000,0,0,0,0,0,0,0,0,0,0,0,144,0,3,70,0,28.000,0,0,0,0,0,0,0,0,0,0,0,0,0,0,0,0,1,1,1,1,1,1,0,0,0,3388,0,0,0,0,0,0,0,0,0
0.212000,0.00,0.000,0.000,0,0,0.000,0,0,18.000,39.000,55.000,0,0,0,0,0,0,0,0,0,0,0,144,0,3,70,0,28.000,0,0,0,0,0,0,0,0,0,0,0,0,0,0,0,0,1,1,1,1,1,1,0,0,0,3392,0,0,0,0,0,0,0,0,0
0.212250,0.00,0.000,0.000,0,0,0.000,0,0,18.000,39.000,55.000,0,0,0,0,0,0,0,0,0,0,0,144,0,3,70,0,28.000,0,0,0,0,0,0,0,0,0,0,0,0,0,0,0,0,1,1,1,1,1,1,0,0,0,3396,0,0,0,0,0,0,0,0,0
0.212500,0.00,0.000,0.000,0,0,0.000,0,0,18.000,39.000,55.000,0,0,0,0,0,0,0,0,0,0,0,144,0,3,70,0,28.000,0,0,0,0,0,0,0,0,0,0,0,0,0,0,0,0,1,1,1,1,1,1,0,0,0,3400,0,0,0,0,0,0,0,0,0
0.212750,0.00,0.000,0.000,0,0,0.000,0,0,18.000,39.000,55.000,0,0,0,0,0,0,0,0,0,0,0,144,0,3,70,0,28.000,0,0,0,0,0,0,0,0,0,0,0,0,0,0,0,0,1,1,1,1,1,1,0,0,0,3404,0,0,0,0,0,0,0,0,0
0.213000,0.00,0.000,0.000,0,0,0.000,0,0,18.000,39.000,55.000,0,0,0,0,0,0,0,0,0,0,0,144,0,3,70,0,28.000,0,0,0,0,0,0,0,0,0,0,0,0,0,0,0,0,1,1,1,1,1,1,0,0,0,3408,0,0,0,0,0,0,0,0,0
0.213250,0.00,0.000,0.000,0,0,0.000,0,0,18.000,39.000,55.000,0,0,0,0,0,0,0,0,0,0,0,144,0,3,70,0,28.000,0,0,0,0,0,0,0,0,0,0,0,0,0,0,0,0,1,1,1,1,1,1,0,0,0,3412,0,0,0,0,0,0,0,0,0
0.213500,0.00,0.000,0.000,0,0,0.000,0,0,18.000,39.000,55.000,0,0,0,0,0,0,0,0,0,0,0,144,0,3,70,0,28.000,0,0,0,0,0,0,0,0,0,0,0,0,0,0,0,0,1,1,1,1,1,1,0,0,0,3416,0,0,0,0,0,0,0,0,0
0.213750,0.00,0.000,0.000,0,0,0.000,0,0,18.000,39.000,55.000,0,0,0,0,0,0,0,0,0,0,0,144,0,3,70,0,28.000,0,0,0,0,0,0,0,0,0,0,0,0,0,0,0,0,1,1,1,1,1,1,0,0,0,3420,0,0,0,0,0,0,0,0,0
0.214000,0.00,0.000,0.000,0,0,0.000,0,0,18.000,39.000,55.000,0,0,0,0,0,0,0,0,0,0,0,144,0,3,70,0,28.000,0,0,0,0,0,0,0,0,0,0,0,0,0,0,0,0,1,1,1,1,1,1,0,0,0,3424,0,0,0,0,0,0,0,0,0
0.214250,0.00,0.000,0.000,0,0,0.000,0,0,18.000,39.000,55.000,0,0,0,0,0,0,0,0,0,0,0,144,0,3,70,0,28.000,0,0,0,0,0,0,0,0,0,0,0,0,0,0,0,0,1,1,1,1,1,1,0,0,0,3428,0,0,0,0,0,0,0,0,0
0.214500,0.00,0.000,0.000,0,0,0.000,0,0,18.000,39.000,55.000,0,0,0,0,0,0,0,0,0,0,0,144,0,3,70,0,28.000,0,0,0,0,0,0,0,0,0,0,0,0,0,0,0,0,1,1,1,1,1,1,0,0,0,3432,0,0,0,0,0,0,0,0,0
0.214750,0.00,0.000,0.000,0,0,0.000,0,0,18.000,39.000,55.000,0,0,0,0,0,0,0,0,0,0,0,144,0,3,70,0,28.000,0,0,0,0,0,0,0,0,0,0,0,0,0,0,0,0,1,1,1,1,1,1,0,0,0,3436,0,0,0,0,0,0,0,0,0
0.215000,0.00,0.000,0.000,0,0,0.000,0,0,18.000,39.000,55.000,0,0,0,0,0,0,0,0,0,0,0,144,0,3,70,0,28.000,0,0,0,0,0,0,0,0,0,0,0,0,0,0,0,0,1,1,1,1,1,1,0,0,0,3440,0,0,0,0,0,0,0,0,0
0.215250,0.00,0.000,0.000,0,0,0.000,0,0,18.000,39.000,55.000,0,0,0,0,0,0,0,0,0,0,0,144,0,3,70,0,28.000,0,0,0,0,0,0,0,0,0,0,0,0,0,0,0,0,1,1,1,1,1,1,0,0,0,3444,0,0,0,0,0,0,0,0,0
0.215500,0.00,0.000,0.000,0,0,0.000,0,0,18.000,39.000,55.000,0,0,0,0,0,0,0,0,0,0,0,144,0,3,70,0,28.000,0,0,0,0,0,0,0,0,0,0,0,0,0,0,0,0,1,1,1,1,1,1,0,0,0,3448,0,0,0,0,0,0,0,0,0
0.215750,0.00,0.000,0.000,0,0,0.000,0,0,18.000,39.000,55.000,0,0,0,0,0,0,0,0,0,0,0,144,0,3,70,0,28.000,0,0,0,0,0,0,0,0,0,0,0,0,0,0,0,0,1,1,1,1,1,1,0,0,0,3452,0,0,0,0,0,0,0,0,0
0.216000,0.00,0.000,0.000,0,0,0.000,0,0,18.000,39.000,55.000,0,0,0,0,0,0,0,0,0,0,0,144,0,3,70,0,28.000,0,0,0,0,0,0,0,0,0,0,0,0,0,0,0,0,1,1,1,1,1,1,0,0,0,3456,0,0,0,0,0,0,0,0,0
0.216250,0.00,0.000,0.000,0,0,0.000,0,0,18.000,39.000,55.000,0,0,0,0,0,0,0,0,0,0,0,144,0,3,70,0,28.000,0,0,0,0,0,0,0,0,0,0,0,0,0,0,0,0,1,1,1,1,1,1,0,0,0,3460,0,0,0,0,0,0,0,0,0
0.216500,0.00,0.000,0.000,0,0,0.000,0,0,18.000,39.000,55.000,0,0,0,0,0,0,0,0,0,0,0,144,0,3,70,0,28.000,0,0,0,0,0,0,0,0,0,0,0,0,0,0,0,0,1,1,1,1,1,1,0,0,0,3464,0,0,0,0,0,0,0,0,0
0.216750,0.00,0.000,0.000,0,0,0.000,0,0,18.000,39.000,55.000,0,0,0,0,0,0,0,0,0,0,0,144,0,3,70,0,28.000,0,0,0,0,0,0,0,0,0,0,0,0,0,0,0,0,1,1,1,1,1,1,0,0,0,3468,0,0,0,0,0,0,0,0,0
0.217000,0.00,0.000,0.000,0,0,0.000,0,0,18.000,39.000,55.000,0,0,0,0,0,0,0,0,0,0,0,144,0,3,70,0,28.000,0,0,0,0,0,0,0,0,0,0,0,0,0,0,0,0,1,1,1,1,1,1,0,0,0,3472,0,0,0,0,0,0,0,0,0
0.217250,0.00,0.000,0.000,0,0,0.000,0,0,18.000,39.000,55.000,0,0,0,0,0,0,0,0,0,0,0,144,0,3,70,0,28.000,0,0,0,0,0,0,0,0,0,0,0,0,0,0,0,0,1,1,1,1,1,1,0,0,0,3476,0,0,0,0,0,0,0,0,0
0.217500,0.00,0.000,0.000,0,0,0.000,0,0,18.000,39.000,55.000,0,0,0,0,0,0,0,0,0,0,0,144,0,3,70,0,28.000,0,0,0,0,0,0,0,0,0,0,0,0,0,0,0,0,1,1,1,1,1,1,0,0,0,3480,0,0,0,0,0,0,0,0,0
0.217750,0.00,0.000,0.000,0,0,0.000,0,0,18.000,39.000,55.000,0,0,0,0,0,0,0,0,0,0,0,144,0,3,70,0,28.000,0,0,0,0,0,0,0,0,0,0,0,0,0,0,0,0,1,1,1,1,1,1,0,0,0,3484,0,0,0,0,0,0,0,0,0
0.218000,0.00,0.000,0.000,0,0,0.000,0,0,18.000,39.000,55.000,0,0,0,0,0,0,0,0,0,0,0,144,0,3,70,0,28.000,0,0,0,0,0,0,0,0,0,0,0,0,0,0,0,0,1,1,1,1,1,1,0,0,0,3488,0,0,0,0,0,0,0,0,0
0.218250,0.00,0.000,0.000,0,0,0.000,0,0,18.000,39.000,55.000,0,0,0,0,0,0,0,0,0,0,0,144,0,3,70,0,28.000,0,0,0,0,0,0,0,0,0,0,0,0,0,0,0,0,1,1,1,1,1,1,0,0,0,3492,0,0,0,0,0,0,0,0,0
0.218500,0.00,0.000,0.000,0,0,0.000,0,0,18.000,39.000,55.000,0,0,0,0,0,0,0,0,0,0,0,144,0,3,70,0,28.000,0,0,0,0,0,0,0,0,0,0,0,0,0,0,0,0,1,1,1,1,1,1,0,0,0,3496,0,0,0,0,0,0,0,0,0
0.218750,0.00,0.000,0.000,0,0,0.000,0,0,18.000,39.000,55.000,0,0,0,0,0,0,0,0,0,0,0,144,0,3,70,0,28.000,0,0,0,0,0,0,0,0,0,0,0,0,0,0,0,0,1,1,1,1,1,1,0,0,0,3500,0,0,0,0,0,0,0,0,0
0.219000,0.00,0.000,0.000,0,0,0.000,0,0,18.000,39.000,55.000,0,0,0,0,0,0,0,0,0,0,0,144,0,3,70,0,28.000,0,0,0,0,0,0,0,0,0,0,0,0,0,0,0,0,1,1,1,1,1,1,0,0,0,3504,0,0,0,0,0,0,0,0,0
0.219250,0.00,0.000,0.000,0,0,0.000,0,0,18.000,39.000,55.000,0,0,0,0,0,0,0,0,0,0,0,144,0,3,70,0,28.000,0,0,0,0,0,0,0,0,0,0,0,0,0,0,0,0,1,1,1,1,1,1,0,0,0,3508,0,0,0,0,0,0,0,0,0
0.219500,0.00,0.000,0.000,0,0,0.000,0,0,18.000,39.000,55.000,0,0,0,0,0,0,0,0,0,0,0,144,0,3,70,0,28.000,0,0,0,0,0,0,0,0,0,0,0,0,0,0,0,0,1,1,1,1,1,1,0,0,0,3512,0,0,0,0,0,0,0,0,0
0.219750,0.00,0.000,0.000,0,0,0.000,0,0,18.000,39.000,55.000,0,0,0,0,0,0,0,0,0,0,0,144,0,3,70,0,28.000,0,0,0,0,0,0,0,0,0,0,0,0,0,0,0,0,1,1,1,1,1,1,0,0,0,3516,0,0,0,0,0,0,0,0,0
0.220000,0.00,0.000,0.000,0,0,0.000,0,0,18.000,39.000,55.000,0,0,0,0,0,0,0,0,0,0,0,144,0,3,70,0,28.000,0,0,0,0,0,0,0,0,0,0,0,0,0,0,0,0,1,1,1,1,1,1,0,0,0,3520,0,0,0,0,0,0,0,0,0
0.220250,0.00,0.000,0.000,0,0,0.000,0,0,18.000,39.000,55.000,0,0,0,0,0,0,0,0,0,0,0,144,0,3,70,0,28.000,0,0,0,0,0,0,0,0,0,0,0,0,0,0,0,0,1,1,1,1,1,1,0,0,0,3524,0,0,0,0,0,0,0,0,0
0.220500,0.00,0.000,0.000,0,0,0.000,0,0,18.000,39.000,55.000,0,0,0,0,0,0,0,0,0,0,0,144,0,3,70,0,28.000,0,0,0,0,0,0,0,0,0,0,0,0,0,0,0,0,1,1,1,1,1,1,0,0,0,3528,0,0,0,0,0,0,0,0,0
0.220750,0.00,0.000,0.000,0,0,0.000,0,0,18.000,39.000,55.000,0,0,0,0,0,0,0,0,0,0,0,144,0,3,70,0,28.000,0,0,0,0,0,0,0,0,0,0,0,0,0,0,0,0,1,1,1,1,1,1,0,0,0,3532,0,0,0,0,0,0,0,0,0
0.221000,0.00,0.000,0.000,0,0,0.000,0,0,18.000,39.000,55.000,0,0,0,0,0,0,0,0,0,0,0,144,0,3,70,0,28.000,0,0,0,0,0,0,0,0,0,0,0,0,0,0,0,0,1,1,1,1,1,1,0,0,0,3536,0,0,0,0,0,0,0,0,0
0.221250,0.00,0.000,0.000,0,0,0.000,0,0,18.000,39.000,55.000,0,0,0,0,0,0,0,0,0,0,0,144,0,3,70,0,28.000,0,0,0,0,0,0,0,0,0,0,0,0,0,0,0,0,1,1,1,1,1,1,0,0,0,3540,0,0,0,0,0,0,0,0,0
0.221500,0.00,0.000,0.000,0,0,0.000,0,0,18.000,39.000,55.000,0,0,0,0,0,0,0,0,0,0,0,144,0,3,70,0,28.000,0,0,0,0,0,0,0,0,0,0,0,0,0,0,0,0,1,1,1,1,1,1,0,0,0,3544,0,0,0,0,0,0,0,0,0
0.221750,0.00,0.000,0.000,0,0,0.000,0,0,18.000,39.000,55.000,0,0,0,0,0,0,0,0,0,0,0,144,0,3,70,0,28.000,0,0,0,0,0,0,0,0,0,0,0,0,0,0,0,0,1,1,1,1,1,1,0,0,0,3548,0,0,0,0,0,0,0,0,0
0.222000,0.00,0.000,0.000,0,0,0.000,0,0,18.000,39.000,55.000,0,0,0,0,0,0,0,0,0,0,0,144,0,3,70,0,28.000,0,0,0,0,0,0,0,0,0,0,0,0,0,0,0,0,1,1,1,1,1,1,0,0,0,3552,0,0,0,0,0,0,0,0,0
0.222250,0.00,0.000,0.000,0,0,0.000,0,0,18.000,39.000,55.000,0,0,0,0,0,0,0,0,0,0,0,144,0,3,70,0,28.000,0,0,0,0,0,0,0,0,0,0,0,0,0,0,0,0,1,1,1,1,1,1,0,0,0,3556,0,0,0,0,0,0,0,0,0
0.222500,0.00,0.000,0.000,0,0,0.000,0,0,18.000,39.000,55.000,0,0,0,0,0,0,0,0,0,0,0,144,0,3,70,0,28.000,0,0,0,0,0,0,0,0,0,0,0,0,0,0,0,0,1,1,1,1,1,1,0,0,0,3560,0,0,0,0,0,0,0,0,0
0.222750,0.00,0.000,0.000,0,0,0.000,0,0,18.000,39.000,55.000,0,0,0,0,0,0,0,0,0,0,0,144,0,3,70,0,28.000,0,0,0,0,0,0,0,0,0,0,0,0,0,0,0,0,1,1,1,1,1,1,0,0,0,3564,0,0,0,0,0,0,0,0,0
0.223000,0.00,0.000,0.000,0,0,0.000,0,0,18.000,39.000,55.000,0,0,0,0,0,0,0,0,0,0,0,144,0,3,70,0,28.000,0,0,0,0,0,0,0,0,0,0,0,0,0,0,0,0,1,1,1,1,1,1,0,0,0,3568,0,0,0,0,0,0,0,0,0
0.223250,0.00,0.000,0.000,0,0,0.000,0,0,18.000,39.000,55.000,0,0,0,0,0,0,0,0,0,0,0,144,0,3,70,0,28.000,0,0,0,0,0,0,0,0,0,0,0,0,0,0,0,0,1,1,1,1,1,1,0,0,0,3572,0,0,0,0,0,0,0,0,0
0.223500,0.00,0.000,0.000,0,0,0.000,0,0,18.000,39.000,55.000,0,0,0,0,0,0,0,0,0,0,0,144,0,3,70,0,28.000,0,0,0,0,0,0,0,0,0,0,0,0,0,0,0,0,1,1,1,1,1,1,0,0,0,3576,0,0,0,0,0,0,0,0,0
0.223750,0.00,0.000,0.000,0,0,0.000,0,0,18.000,39.000,55.000,0,0,0,0,0,0,0,0,0,0,0,144,0,3,70,0,28.000,0,0,0,0,0,0,0,0,0,0,0,0,0,0,0,0,1,1,1,1,1,1,0,0,0,3580,0,0,0,0,0,0,0,0,0
0.224000,0.00,0.000,0.000,0,0,0.000,0,0,18.000,39.000,55.000,0,0,0,0,0,0,0,0,0,0,0,144,0,3,70,0,28.000,0,0,0,0,0,0,0,0,0,0,0,0,0,0,0,0,1,1,1,1,1,1,0,0,0,3584,0,0,0,0,0,0,0,0,0
0.224250,0.00,0.000,0.000,0,0,0.000,0,0,18.000,39.000,55.000,0,0,0,0,0,0,0,0,0,0,0,144,0,3,70,0,28.000,0,0,0,0,0,0,0,0,0,0,0,0,0,0,0,0,1,1,1,1,1,1,0,0,0,3588,0,0,0,0,0,0,0,0,0
0.224500,0.00,0.000,0.000,0,0,0.000,0,0,18.000,39.000,55.000,0,0,0,0,0,0,0,0,0,0,0,144,0,3,70,0,28.000,0,0,0,0,0,0,0,0,0,0,0,0,0,0,0,0,1,1,1,1,1,1,0,0,0,3592,0,0,0,0,0,0,0,0,0
0.224750,0.00,0.000,0.000,0,0,0.000,0,0,18.000,39.000,55.000,0,0,0,0,0,0,0,0,0,0,0,144,0,3,70,0,28.000,0,0,0,0,0,0,0,0,0,0,0,0,0,0,0,0,1,1,1,1,1,1,0,0,0,3596,0,0,0,0,0,0,0,0,0
0.225000,0.00,0.000,0.000,0,0,0.000,0,0,18.000,39.000,55.000,0,0,0,0,0,0,0,0,0,0,0,144,0,3,70,0,28.000,0,0,0,0,0,0,0,0,0,0,0,0,0,0,0,0,1,1,1,1,1,1,0,0,0,3600,0,0,0,0,0,0,0,0,0
0.225250,0.00,0.000,0.000,0,0,0.000,0,0,18.000,39.000,55.000,0,0,0,0,0,0,0,0,0,0,0,144,0,3,70,0,28.000,0,0,0,0,0,0,0,0,0,0,0,0,0,0,0,0,1,1,1,1,1,1,0,0,0,3604,0,0,0,0,0,0,0,0,0
0.225500,0.00,0.000,0.000,0,0,0.000,0,0,18.000,39.000,55.000,0,0,0,0,0,0,0,0,0,0,0,144,0,3,70,0,28.000,0,0,0,0,0,0,0,0,0,0,0,0,0,0,0,0,1,1,1,1,1,1,0,0,0,3608,0,0,0,0,0,0,0,0,0
0.225750,0.00,0.000,0.000,0,0,0.000,0,0,18.000,39.000,55.000,0,0,0,0,0,0,0,0,0,0,0,144,0,3,70,0,28.000,0,0,0,0,0,0,0,0,0,0,0,0,0,0,0,0,1,1,1,1,1,1,0,0,0,3612,0,0,0,0,0,0,0,0,0
0.226000,0.00,0.000,0.000,0,0,0.000,0,0,18.000,39.000,55.000,0,0,0,0,0,0,0,0,0,0,0,144,0,3,70,0,28.000,0,0,0,0,0,0,0,0,0,0,0,0,0,0,0,0,1,1,1,1,1,1,0,0,0,3616,0,0,0,0,0,0,0,0,0
0.226250,0.00,0.000,0.000,0,0,0.000,0,0,18.000,39.000,55.000,0,0,0,0,0,0,0,0,0,0,0,144,0,3,70,0,28.000,0,0,0,0,0,0,0,0,0,0,0,0,0,0,0,0,1,1,1,1,1,1,0,0,0,3620,0,0,0,0,0,0,0,0,0
0.226500,0.00,0.000,0.000,0,0,0.000,0,0,18.000,39.000,55.000,0,0,0,0,0,0,0,0,0,0,0,144,0,3,70,0,28.000,0,0,0,0,0,0,0,0,0,0,0,0,0,0,0,0,1,1,1,1,1,1,0,0,0,3624,0,0,0,0,0,0,0,0,0
0.226750,0.00,0.000,0.000,0,0,0.000,0,0,18.000,39.000,55.000,0,0,0,0,0,0,0,0,0,0,0,144,0,3,70,0,28.000,0,0,0,0,0,0,0,0,0,0,0,0,0,0,0,0,1,1,1,1,1,1,0,0,0,3628,0,0,0,0,0,0,0,0,0
0.227000,0.00,0.000,0.000,0,0,0.000,0,0,18.000,39.000,55.000,0,0,0,0,0,0,0,0,0,0,0,144,0,3,70,0,28.000,0,0,0,0,0,0,0,0,0,0,0,0,0,0,0,0,1,1,1,1,1,1,0,0,0,3632,0,0,0,0,0,0,0,0,0
0.227250,0.00,0.000,0.000,0,0,0.000,0,0,18.000,39.000,55.000,0,0,0,0,0,0,0,0,0,0,0,144,0,3,70,0,28.000,0,0,0,0,0,0,0,0,0,0,0,0,0,0,0,0,1,1,1,1,1,1,0,0,0,3636,0,0,0,0,0,0,0,0,0
0.227500,0.00,0.000,0.000,0,0,0.000,0,0,18.000,39.000,55.000,0,0,0,0,0,0,0,0,0,0,0,144,0,3,70,0,28.000,0,0,0,0,0,0,0,0,0,0,0,0,0,0,0,0,1,1,1,1,1,1,0,0,0,3640,0,0,0,0,0,0,0,0,0
0.227750,0.00,0.000,0.000,0,0,0.000,0,0,18.000,39.000,55.000,0,0,0,0,0,0,0,0,0,0,0,144,0,3,70,0,28.000,0,0,0,0,0,0,0,0,0,0,0,0,0,0,0,0,1,1,1,1,1,1,0,0,0,3644,0,0,0,0,0,0,0,0,0
0.228000,0.00,0.000,0.000,0,0,0.000,0,0,18.000,39.000,55.000,0,0,0,0,0,0,0,0,0,0,0,144,0,3,70,0,28.000,0,0,0,0,0,0,0,0,0,0,0,0,0,0,0,0,1,1,1,1,1,1,0,0,0,3648,0,0,0,0,0,0,0,0,0
0.228250,0.00,0.000,0.000,0,0,0.000,0,0,18.000,39.000,55.000,0,0,0,0,0,0,0,0,0,0,0,144,0,3,70,0,28.000,0,0,0,0,0,0,0,0,0,0,0,0,0,0,0,0,1,1,1,1,1,1,0,0,0,3652,0,0,0,0,0,0,0,0,0
0.228500,0.00,0.000,0.000,0,0,0.000,0,0,18.000,39.000,55.000,0,0,0,0,0,0,0,0,0,0,0,144,0,3,70,0,28.000,0,0,0,0,0,0,0,0,0,0,0,0,0,0,0,0,1,1,1,1,1,1,0,0,0,3656,0,0,0,0,0,0,0,0,0
0.228750,0.00,0.000,0.000,0,0,0.000,0,0,18.000,39.000,55.000,0,0,0,0,0,0,0,0,0,0,0,144,0,3,70,0,28.000,0,0,0,0,0,0,0,0,0,0,0,0,0,0,0,0,1,1,1,1,1,1,0,0,0,3660,0,0,0,0,0,0,0,0,0
0.229000,0.00,0.000,0.000,0,0,0.000,0,0,18.000,39.000,55.000,0,0,0,0,0,0,0,0,0,0,0,144,0,3,70,0,28.000,0,0,0,0,0,0,0,0,0,0,0,0,0,0,0,0,1,1,1,1,1,1,0,0,0,3664,0,0,0,0,0,0,0,0,0
0.229250,0.00,0.000,0.000,0,0,0.000,0,0,18.000,39.000,55.000,0,0,0,0,0,0,0,0,0,0,0,144,0,3,70,0,28.000,0,0,0,0,0,0,0,0,0,0,0,0,0,0,0,0,1,1,1,1,1,1,0,0,0,3668,0,0,0,0,0,0,0,0,0
0.229500,0.00,0.000,0.000,0,0,0.000,0,0,18.000,39.000,55.000,0,0,0,0,0,0,0,0,0,0,0,144,0,3,70,0,28.000,0,0,0,0,0,0,0,0,0,0,0,0,0,0,0,0,1,1,1,1,1,1,0,0,0,3672,0,0,0,0,0,0,0,0,0
0.229750,0.00,0.000,0.000,0,0,0.000,0,0,18.000,39.000,55.000,0,0,0,0,0,0,0,0,0,0,0,144,0,3,70,0,28.000,0,0,0,0,0,0,0,0,0,0,0,0,0,0,0,0,1,1,1,1,1,1,0,0,0,3676,0,0,0,0,0,0,0,0,0
0.230000,0.00,0.000,0.000,0,0,0.000,0,0,18.000,39.000,55.000,0,0,0,0,0,0,0,0,0,0,0,144,0,3,70,0,28.000,0,0,0,0,0,0,0,0,0,0,0,0,0,0,0,0,1,1,1,1,1,1,0,0,0,3680,0,0,0,0,0,0,0,0,0
0.230250,0.00,0.000,0.000,0,0,0.000,0,0,18.000,39.000,55.000,0,0,0,0,0,0,0,0,0,0,0,144,0,3,70,0,28.000,0,0,0,0,0,0,0,0,0,0,0,0,0,0,0,0,1,1,1,1,1,1,0,0,0,3684,0,0,0,0,0,0,0,0,0
0.230500,0.00,0.000,0.000,0,0,0.000,0,0,18.000,39.000,55.000,0,0,0,0,0,0,0,0,0,0,0,144,0,3,70,0,28.000,0,0,0,0,0,0,0,0,0,0,0,0,0,0,0,0,1,1,1,1,1,1,0,0,0,3688,0,0,0,0,0,0,0,0,0
0.230750,0.00,0.000,0.000,0,0,0.000,0,0,18.000,39.000,55.000,0,0,0,0,0,0,0,0,0,0,0,144,0,3,70,0,28.000,0,0,0,0,0,0,0,0,0,0,0,0,0,0,0,0,1,1,1,1,1,1,0,0,0,3692,0,0,0,0,0,0,0,0,0
0.231000,0.00,0.000,0.000,0,0,0.000,0,0,18.000,39.000,55.000,0,0,0,0,0,0,0,0,0,0,0,144,0,3,70,0,28.000,0,0,0,0,0,0,0,0,0,0,0,0,0,0,0,0,1,1,1,1,1,1,0,0,0,3696,0,0,0,0,0,0,0,0,0
0.231250,0.00,0.000,0.000,0,0,0.000,0,0,18.000,39.000,55.000,0,0,0,0,0,0,0,0,0,0,0,144,0,3,70,0,28.000,0,0,0,0,0,0,0,0,0,0,0,0,0,0,0,0,1,1,1,1,1,1,0,0,0,3700,0,0,0,0,0,0,0,0,0
0.231500,0.00,0.000,0.000,0,0,0.000,0,0,18.000,39.000,55.000,0,0,0,0,0,0,0,0,0,0,0,144,0,3,70,0,28.000,0,0,0,0,0,0,0,0,0,0,0,0,0,0,0,0,1,1,1,1,1,1,0,0,0,3704,0,0,0,0,0,0,0,0,0
0.231750,0.00,0.000,0.000,0,0,0.000,0,0,18.000,39.000,55.000,0,0,0,0,0,0,0,0,0,0,0,144,0,3,70,0,28.000,0,0,0,0,0,0,0,0,0,0,0,0,0,0,0,0,1,1,1,1,1,1,0,0,0,3708,0,0,0,0,0,0,0,0,0
0.232000,0.00,0.000,0.000,0,0,0.000,0,0,18.000,39.000,55.000,0,0,0,0,0,0,0,0,0,0,0,144,0,3,70,0,28.000,0,0,0,0,0,0,0,0,0,0,0,0,0,0,0,0,1,1,1,1,1,1,0,0,0,3712,0,0,0,0,0,0,0,0,0
0.232250,0.00,0.000,0.000,0,0,0.000,0,0,18.000,39.000,55.000,0,0,0,0,0,0,0,0,0,0,0,144,0,3,70,0,28.000,0,0,0,0,0,0,0,0,0,0,0,0,0,0,0,0,1,1,1,1,1,1,0,0,0,3716,0,0,0,0,0,0,0,0,0
0.232500,0.00,0.000,0.000,0,0,0.000,0,0,18.000,39.000,55.000,0,0,0,0,0,0,0,0,0,0,0,144,0,3,70,0,28.000,0,0,0,0,0,0,0,0,0,0,0,0,0,0,0,0,1,1,1,1,1,1,0,0,0,3720,0,0,0,0,0,0,0,0,0
0.232750,0.00,0.000,0.000,0,0,0.000,0,0,18.000,39.000,55.000,0,0,0,0,0,0,0,0,0,0,0,144,0,3,70,0,28.000,0,0,0,0,0,0,0,0,0,0,0,0,0,0,0,0,1,1,1,1,1,1,0,0,0,3724,0,0,0,0,0,0,0,0,0
0.233000,0.00,0.000,0.000,0,0,0.000,0,0,18.000,39.000,55.000,0,0,0,0,0,0,0,0,0,0,0,144,0,3,70,0,28.000,0,0,0,0,0,0,0,0,0,0,0,0,0,0,0,0,1,1,1,1,1,1,0,0,0,3728,0,0,0,0,0,0,0,0,0
0.233250,0.00,0.000,0.000,0,0,0.000,0,0,18.000,39.000,55.000,0,0,0,0,0,0,0,0,0,0,0,144,0,3,70,0,28.000,0,0,0,0,0,0,0,0,0,0,0,0,0,0,0,0,1,1,1,1,1,1,0,0,0,3732,0,0,0,0,0,0,0,0,0
0.233500,0.00,0.000,0.000,0,0,0.000,0,0,18.000,39.000,55.000,0,0,0,0,0,0,0,0,0,0,0,144,0,3,70,0,28.000,0,0,0,0,0,0,0,0,0,0,0,0,0,0,0,0,1,1,1,1,1,1,0,0,0,3736,0,0,0,0,0,0,0,0,0
0.233750,0.00,0.000,0.000,0,0,0.000,0,0,18.000,39.000,55.000,0,0,0,0,0,0,0,0,0,0,0,144,0,3,70,0,28.000,0,0,0,0,0,0,0,0,0,0,0,0,0,0,0,0,1,1,1,1,1,1,0,0,0,3740,0,0,0,0,0,0,0,0,0
0.234000,0.00,0.000,0.000,0,0,0.000,0,0,18.000,39.000,55.000,0,0,0,0,0,0,0,0,0,0,0,144,0,3,70,0,28.000,0,0,0,0,0,0,0,0,0,0,0,0,0,0,0,0,1,1,1,1,1,1,0,0,0,3744,0,0,0,0,0,0,0,0,0
0.234250,0.00,0.000,0.000,0,0,0.000,0,0,18.000,39.000,55.000,0,0,0,0,0,0,0,0,0,0,0,144,0,3,70,0,28.000,0,0,0,0,0,0,0,0,0,0,0,0,0,0,0,0,1,1,1,1,1,1,0,0,0,3748,0,0,0,0,0,0,0,0,0
0.234500,0.00,0.000,0.000,0,0,0.000,0,0,18.000,39.000,55.000,0,0,0,0,0,0,0,0,0,0,0,144,0,3,70,0,28.000,0,0,0,0,0,0,0,0,0,0,0,0,0,0,0,0,1,1,1,1,1,1,0,0,0,3752,0,0,0,0,0,0,0,0,0
0.234750,0.00,0.000,0.000,0,0,0.000,0,0,18.000,39.000,55.000,0,0,0,0,0,0,0,0,0,0,0,144,0,3,70,0,28.000,0,0,0,0,0,0,0,0,0,0,0,0,0,0,0,0,1,1,1,1,1,1,0,0,0,3756,0,0,0,0,0,0,0,0,0
0.235000,0.00,0.000,0.000,0,0,0.000,0,0,18.000,39.000,55.000,0,0,0,0,0,0,0,0,0,0,0,144,0,3,70,0,28.000,0,0,0,0,0,0,0,0,0,0,0,0,0,0,0,0,1,1,1,1,1,1,0,0,0,3760,0,0,0,0,0,0,0,0,0
0.235250,0.00,0.000,0.000,0,0,0.000,0,0,18.000,39.000,55.000,0,0,0,0,0,0,0,0,0,0,0,144,0,3,70,0,28.000,0,0,0,0,0,0,0,0,0,0,0,0,0,0,0,0,1,1,1,1,1,1,0,0,0,3764,0,0,0,0,0,0,0,0,0
0.235500,0.00,0.000,0.000,0,0,0.000,0,0,18.000,39.000,55.000,0,0,0,0,0,0,0,0,0,0,0,144,0,3,70,0,28.000,0,0,0,0,0,0,0,0,0,0,0,0,0,0,0,0,1,1,1,1,1,1,0,0,0,3768,0,0,0,0,0,0,0,0,0
0.235750,0.00,0.000,0.000,0,0,0.000,0,0,18.000,39.000,55.000,0,0,0,0,0,0,0,0,0,0,0,144,0,3,70,0,28.000,0,0,0,0,0,0,0,0,0,0,0,0,0,0,0,0,1,1,1,1,1,1,0,0,0,3772,0,0,0,0,0,0,0,0,0
0.236000,0.00,0.000,0.000,0,0,0.000,0,0,18.000,39.000,55.000,0,0,0,0,0,0,0,0,0,0,0,144,0,3,70,0,28.000,0,0,0,0,0,0,0,0,0,0,0,0,0,0,0,0,1,1,1,1,1,1,0,0,0,3776,0,0,0,0,0,0,0,0,0
0.236250,0.00,0.000,0.000,0,0,0.000,0,0,18.000,39.000,55.000,0,0,0,0,0,0,0,0,0,0,0,144,0,3,70,0,28.000,0,0,0,0,0,0,0,0,0,0,0,0,0,0,0,0,1,1,1,1,1,1,0,0,0,3780,0,0,0,0,0,0,0,0,0
0.236500,0.00,0.000,0.000,0,0,0.000,0,0,18.000,39.000,55.000,0,0,0,0,0,0,0,0,0,0,0,144,0,3,70,0,28.000,0,0,0,0,0,0,0,0,0,0,0,0,0,0,0,0,1,1,1,1,1,1,0,0,0,3784,0,0,0,0,0,0,0,0,0
0.236750,0.00,0.000,0.000,0,0,0.000,0,0,18.000,39.000,55.000,0,0,0,0,0,0,0,0,0,0,0,144,0,3,70,0,28.000,0,0,0,0,0,0,0,0,0,0,0,0,0,0,0,0,1,1,1,1,1,1,0,0,0,3788,0,0,0,0,0,0,0,0,0
0.237000,0.00,0.000,0.000,0,0,0.000,0,0,18.000,39.000,55.000,0,0,0,0,0,0,0,0,0,0,0,144,0,3,70,0,28.000,0,0,0,0,0,0,0,0,0,0,0,0,0,0,0,0,1,1,1,1,1,1,0,0,0,3792,0,0,0,0,0,0,0,0,0
0.237250,0.00,0.000,0.000,0,0,0.000,0,0,18.000,39.000,55.000,0,0,0,0,0,0,0,0,0,0,0,144,0,3,70,0,28.000,0,0,0,0,0,0,0,0,0,0,0,0,0,0,0,0,1,1,1,1,1,1,0,0,0,3796,0,0,0,0,0,0,0,0,0
0.237500,0.00,0.000,0.000,0,0,0.000,0,0,18.000,39.000,55.000,0,0,0,0,0,0,0,0,0,0,0,144,0,3,70,0,28.000,0,0,0,0,0,0,0,0,0,0,0,0,0,0,0,0,1,1,1,1,1,1,0,0,0,3800,0,0,0,0,0,0,0,0,0
0.237750,0.00,0.000,0.000,0,0,0.000,0,0,18.000,39.000,55.000,0,0,0,0,0,0,0,0,0,0,0,144,0,3,70,0,28.000,0,0,0,0,0,0,0,0,0,0,0,0,0,0,0,0,1,1,1,1,1,1,0,0,0,3804,0,0,0,0,0,0,0,0,0
0.238000,0.00,0.000,0.000,0,0,0.000,0,0,18.000,39.000,55.000,0,0,0,0,0,0,0,0,0,0,0,144,0,3,70,0,28.000,0,0,0,0,0,0,0,0,0,0,0,0,0,0,0,0,1,1,1,1,1,1,0,0,0,3808,0,0,0,0,0,0,0,0,0
0.238250,0.00,0.000,0.000,0,0,0.000,0,0,18.000,39.000,55.000,0,0,0,0,0,0,0,0,0,0,0,144,0,3,70,0,28.000,0,0,0,0,0,0,0,0,0,0,0,0,0,0,0,0,1,1,1,1,1,1,0,0,0,3812,0,0,0,0,0,0,0,0,0
0.238500,0.00,0.000,0.000,0,0,0.000,0,0,18.000,39.000,55.000,0,0,0,0,0,0,0,0,0,0,0,144,0,3,70,0,28.000,0,0,0,0,0,0,0,0,0,0,0,0,0,0,0,0,1,1,1,1,1,1,0,0,0,3816,0,0,0,0,0,0,0,0,0
0.238750,0.00,0.000,0.000,0,0,0.000,0,0,18.000,39.000,55.000,0,0,0,0,0,0,0,0,0,0,0,144,0,3,70,0,28.000,0,0,0,0,0,0,0,0,0,0,0,0,0,0,0,0,1,1,1,1,1,1,0,0,0,3820,0,0,0,0,0,0,0,0,0
0.239000,0.00,0.000,0.000,0,0,0.000,0,0,18.000,39.000,55.000,0,0,0,0,0,0,0,0,0,0,0,144,0,3,70,0,28.000,0,0,0,0,0,0,0,0,0,0,0,0,0,0,0,0,1,1,1,1,1,1,0,0,0,3824,0,0,0,0,0,0,0,0,0
0.239250,0.00,0.000,0.000,0,0,0.000,0,0,18.000,39.000,55.000,0,0,0,0,0,0,0,0,0,0,0,144,0,3,70,0,28.000,0,0,0,0,0,0,0,0,0,0,0,0,0,0,0,0,1,1,1,1,1,1,0,0,0,3828,0,0,0,0,0,0,0,0,0
0.239500,0.00,0.000,0.000,0,0,0.000,0,0,18.000,39.000,55.000,0,0,0,0,0,0,0,0,0,0,0,144,0,3,70,0,28.000,0,0,0,0,0,0,0,0,0,0,0,0,0,0,0,0,1,1,1,1,1,1,0,0,0,3832,0,0,0,0,0,0,0,0,0
0.239750,0.00,0.000,0.000,0,0,0.000,0,0,18.000,39.000,55.000,0,0,0,0,0,0,0,0,0,0,0,144,0,3,70,0,28.000,0,0,0,0,0,0,0,0,0,0,0,0,0,0,0,0,1,1,1,1,1,1,0,0,0,3836,0,0,0,0,0,0,0,0,0
0.240000,0.00,0.000,0.000,0,0,0.000,0,0,18.000,39.000,55.000,0,0,0,0,0,0,0,0,0,0,0,144,0,3,70,0,28.000,0,0,0,0,0,0,0,0,0,0,0,0,0,0,0,0,1,1,1,1,1,1,0,0,0,3840,0,0,0,0,0,0,0,0,0
0.240250,0.00,0.000,0.000,0,0,0.000,0,0,18.000,39.000,55.000,0,0,0,0,0,0,0,0,0,0,0,144,0,3,70,0,28.000,0,0,0,0,0,0,0,0,0,0,0,0,0,0,0,0,1,1,1,1,1,1,0,0,0,3844,0,0,0,0,0,0,0,0,0
0.240500,0.00,0.000,0.000,0,0,0.000,0,0,18.000,39.000,55.000,0,0,0,0,0,0,0,0,0,0,0,144,0,3,70,0,28.000,0,0,0,0,0,0,0,0,0,0,0,0,0,0,0,0,1,1,1,1,1,1,0,0,0,3848,0,0,0,0,0,0,0,0,0
0.240750,0.00,0.000,0.000,0,0,0.000,0,0,18.000,39.000,55.000,0,0,0,0,0,0,0,0,0,0,0,144,0,3,70,0,28.000,0,0,0,0,0,0,0,0,0,0,0,0,0,0,0,0,1,1,1,1,1,1,0,0,0,3852,0,0,0,0,0,0,0,0,0
0.241000,0.00,0.000,0.000,0,0,0.000,0,0,18.000,39.000,55.000,0,0,0,0,0,0,0,0,0,0,0,144,0,3,70,0,28.000,0,0,0,0,0,0,0,0,0,0,0,0,0,0,0,0,1,1,1,1,1,1,0,0,0,3856,0,0,0,0,0,0,0,0,0
0.241250,0.00,0.000,0.000,0,0,0.000,0,0,18.000,39.000,55.000,0,0,0,0,0,0,0,0,0,0,0,144,0,3,70,0,28.000,0,0,0,0,0,0,0,0,0,0,0,0,0,0,0,0,1,1,1,1,1,1,0,0,0,3860,0,0,0,0,0,0,0,0,0
0.241500,0.00,0.000,0.000,0,0,0.000,0,0,18.000,39.000,55.000,0,0,0,0,0,0,0,0,0,0,0,144,0,3,70,0,28.000,0,0,0,0,0,0,0,0,0,0,0,0,0,0,0,0,1,1,1,1,1,1,0,0,0,3864,0,0,0,0,0,0,0,0,0
0.241750,0.00,0.000,0.000,0,0,0.000,0,0,18.000,39.000,55.000,0,0,0,0,0,0,0,0,0,0,0,144,0,3,70,0,28.000,0,0,0,0,0,0,0,0,0,0,0,0,0,0,0,0,1,1,1,1,1,1,0,0,0,3868,0,0,0,0,0,0,0,0,0
0.242000,0.00,0.000,0.000,0,0,0.000,0,0,18.000,39.000,55.000,0,0,0,0,0,0,0,0,0,0,0,144,0,3,70,0,28.000,0,0,0,0,0,0,0,0,0,0,0,0,0,0,0,0,1,1,1,1,1,1,0,0,0,3872,0,0,0,0,0,0,0,0,0
0.242250,0.00,0.000,0.000,0,0,0.000,0,0,18.000,39.000,55.000,0,0,0,0,0,0,0,0,0,0,0,144,0,3,70,0,28.000,0,0,0,0,0,0,0,0,0,0,0,0,0,0,0,0,1,1,1,1,1,1,0,0,0,3876,0,0,0,0,0,0,0,0,0
0.242500,0.00,0.000,0.000,0,0,0.000,0,0,18.000,39.000,55.000,0,0,0,0,0,0,0,0,0,0,0,144,0,3,70,0,28.000,0,0,0,0,0,0,0,0,0,0,0,0,0,0,0,0,1,1,1,1,1,1,0,0,0,3880,0,0,0,0,0,0,0,0,0
0.242750,0.00,0.000,0.000,0,0,0.000,0,0,18.000,39.000,55.000,0,0,0,0,0,0,0,0,0,0,0,144,0,3,70,0,28.000,0,0,0,0,0,0,0,0,0,0,0,0,0,0,0,0,1,1,1,1,1,1,0,0,0,3884,0,0,0,0,0,0,0,0,0
0.243000,0.00,0.000,0.000,0,0,0.000,0,0,18.000,39.000,55.000,0,0,0,0,0,0,0,0,0,0,0,144,0,3,70,0,28.000,0,0,0,0,0,0,0,0,0,0,0,0,0,0,0,0,1,1,1,1,1,1,0,0,0,3888,0,0,0,0,0,0,0,0,0
0.243250,0.00,0.000,0.000,0,0,0.000,0,0,18.000,39.000,55.000,0,0,0,0,0,0,0,0,0,0,0,144,0,3,70,0,28.000,0,0,0,0,0,0,0,0,0,0,0,0,0,0,0,0,1,1,1,1,1,1,0,0,0,3892,0,0,0,0,0,0,0,0,0
0.243500,0.00,0.000,0.000,0,0,0.000,0,0,18.000,39.000,55.000,0,0,0,0,0,0,0,0,0,0,0,144,0,3,70,0,28.000,0,0,0,0,0,0,0,0,0,0,0,0,0,0,0,0,1,1,1,1,1,1,0,0,0,3896,0,0,0,0,0,0,0,0,0
0.243750,0.00,0.000,0.000,0,0,0.000,0,0,18.000,39.000,55.000,0,0,0,0,0,0,0,0,0,0,0,144,0,3,70,0,28.000,0,0,0,0,0,0,0,0,0,0,0,0,0,0,0,0,1,1,1,1,1,1,0,0,0,3900,0,0,0,0,0,0,0,0,0
0.244000,0.00,0.000,0.000,0,0,0.000,0,0,18.000,39.000,55.000,0,0,0,0,0,0,0,0,0,0,0,144,0,3,70,0,28.000,0,0,0,0,0,0,0,0,0,0,0,0,0,0,0,0,1,1,1,1,1,1,0,0,0,3904,0,0,0,0,0,0,0,0,0
0.244250,0.00,0.000,0.000,0,0,0.000,0,0,18.000,39.000,55.000,0,0,0,0,0,0,0,0,0,0,0,144,0,3,70,0,28.000,0,0,0,0,0,0,0,0,0,0,0,0,0,0,0,0,1,1,1,1,1,1,0,0,0,3908,0,0,0,0,0,0,0,0,0
0.244500,0.00,0.000,0.000,0,0,0.000,0,0,18.000,39.000,55.000,0,0,0,0,0,0,0,0,0,0,0,144,0,3,70,0,28.000,0,0,0,0,0,0,0,0,0,0,0,0,0,0,0,0,1,1,1,1,1,1,0,0,0,3912,0,0,0,0,0,0,0,0,0
0.244750,0.00,0.000,0.000,0,0,0.000,0,0,18.000,39.000,55.000,0,0,0,0,0,0,0,0,0,0,0,144,0,3,70,0,28.000,0,0,0,0,0,0,0,0,0,0,0,0,0,0,0,0,1,1,1,1,1,1,0,0,0,3916,0,0,0,0,0,0,0,0,0
0.245000,0.00,0.000,0.000,0,0,0.000,0,0,18.000,39.000,55.000,0,0,0,0,0,0,0,0,0,0,0,144,0,3,70,0,28.000,0,0,0,0,0,0,0,0,0,0,0,0,0,0,0,0,1,1,1,1,1,1,0,0,0,3920,0,0,0,0,0,0,0,0,0
0.245250,0.00,0.000,0.000,0,0,0.000,0,0,18.000,39.000,55.000,0,0,0,0,0,0,0,0,0,0,0,144,0,3,70,0,28.000,0,0,0,0,0,0,0,0,0,0,0,0,0,0,0,0,1,1,1,1,1,1,0,0,0,3924,0,0,0,0,0,0,0,0,0
0.245500,0.00,0.000,0.000,0,0,0.000,0,0,18.000,39.000,55.000,0,0,0,0,0,0,0,0,0,0,0,144,0,3,70,0,28.000,0,0,0,0,0,0,0,0,0,0,0,0,0,0,0,0,1,1,1,1,1,1,0,0,0,3928,0,0,0,0,0,0,0,0,0
0.245750,0.00,0.000,0.000,0,0,0.000,0,0,18.000,39.000,55.000,0,0,0,0,0,0,0,0,0,0,0,144,0,3,70,0,28.000,0,0,0,0,0,0,0,0,0,0,0,0,0,0,0,0,1,1,1,1,1,1,0,0,0,3932,0,0,0,0,0,0,0,0,0
0.246000,0.00,0.000,0.000,0,0,0.000,0,0,18.000,39.000,55.000,0,0,0,0,0,0,0,0,0,0,0,144,0,3,70,0,28.000,0,0,0,0,0,0,0,0,0,0,0,0,0,0,0,0,1,1,1,1,1,1,0,0,0,3936,0,0,0,0,0,0,0,0,0
0.246250,0.00,0.000,0.000,0,0,0.000,0,0,18.000,39.000,55.000,0,0,0,0,0,0,0,0,0,0,0,144,0,3,70,0,28.000,0,0,0,0,0,0,0,0,0,0,0,0,0,0,0,0,1,1,1,1,1,1,0,0,0,3940,0,0,0,0,0,0,0,0,0
0.246500,0.00,0.000,0.000,0,0,0.000,0,0,18.000,39.000,55.000,0,0,0,0,0,0,0,0,0,0,0,144,0,3,70,0,28.000,0,0,0,0,0,0,0,0,0,0,0,0,0,0,0,0,1,1,1,1,1,1,0,0,0,3944,0,0,0,0,0,0,0,0,0
0.246750,0.00,0.000,0.000,0,0,0.000,0,0,18.000,39.000,55.000,0,0,0,0,0,0,0,0,0,0,0,144,0,3,70,0,28.000,0,0,0,0,0,0,0,0,0,0,0,0,0,0,0,0,1,1,1,1,1,1,0,0,0,3948,0,0,0,0,0,0,0,0,0
0.247000,0.00,0.000,0.000,0,0,0.000,0,0,18.000,39.000,55.000,0,0,0,0,0,0,0,0,0,0,0,144,0,3,70,0,28.000,0,0,0,0,0,0,0,0,0,0,0,0,0,0,0,0,1,1,1,1,1,1,0,0,0,3952,0,0,0,0,0,0,0,0,0
0.247250,0.00,0.000,0.000,0,0,0.000,0,0,18.000,39.000,55.000,0,0,0,0,0,0,0,0,0,0,0,144,0,3,70,0,28.000,0,0,0,0,0,0,0,0,0,0,0,0,0,0,0,0,1,1,1,1,1,1,0,0,0,3956,0,0,0,0,0,0,0,0,0
0.247500,0.00,0.000,0.000,0,0,0.000,0,0,18.000,39.000,55.000,0,0,0,0,0,0,0,0,0,0,0,144,0,3,70,0,28.000,0,0,0,0,0,0,0,0,0,0,0,0,0,0,0,0,1,1,1,1,1,1,0,0,0,3960,0,0,0,0,0,0,0,0,0
0.247750,0.00,0.000,0.000,0,0,0.000,0,0,18.000,39.000,55.000,0,0,0,0,0,0,0,0,0,0,0,144,0,3,70,0,28.000,0,0,0,0,0,0,0,0,0,0,0,0,0,0,0,0,1,1,1,1,1,1,0,0,0,3964,0,0,0,0,0,0,0,0,0
0.248000,0.00,0.000,0.000,0,0,0.000,0,0,18.000,39.000,55.000,0,0,0,0,0,0,0,0,0,0,0,144,0,3,70,0,28.000,0,0,0,0,0,0,0,0,0,0,0,0,0,0,0,0,1,1,1,1,1,1,0,0,0,3968,0,0,0,0,0,0,0,0,0
0.248250,0.00,0.000,0.000,0,0,0.000,0,0,18.000,39.000,55.000,0,0,0,0,0,0,0,0,0,0,0,144,0,3,70,0,28.000,0,0,0,0,0,0,0,0,0,0,0,0,0,0,0,0,1,1,1,1,1,1,0,0,0,3972,0,0,0,0,0,0,0,0,0
0.248500,0.00,0.000,0.000,0,0,0.000,0,0,18.000,39.000,55.000,0,0,0,0,0,0,0,0,0,0,0,144,0,3,70,0,28.000,0,0,0,0,0,0,0,0,0,0,0,0,0,0,0,0,1,1,1,1,1,1,0,0,0,3976,0,0,0,0,0,0,0,0,0
0.248750,0.00,0.000,0.000,0,0,0.000,0,0,18.000,39.000,55.000,0,0,0,0,0,0,0,0,0,0,0,144,0,3,70,0,28.000,0,0,0,0,0,0,0,0,0,0,0,0,0,0,0,0,1,1,1,1,1,1,0,0,0,3980,0,0,0,0,0,0,0,0,0
0.249000,0.00,0.000,0.000,0,0,0.000,0,0,18.000,39.000,55.000,0,0,0,0,0,0,0,0,0,0,0,144,0,3,70,0,28.000,0,0,0,0,0,0,0,0,0,0,0,0,0,0,0,0,1,1,1,1,1,1,0,0,0,3984,0,0,0,0,0,0,0,0,0
0.249250,0.00,0.000,0.000,0,0,0.000,0,0,18.000,39.000,55.000,0,0,0,0,0,0,0,0,0,0,0,144,0,3,70,0,28.000,0,0,0,0,0,0,0,0,0,0,0,0,0,0,0,0,1,1,1,1,1,1,0,0,0,3988,0,0,0,0,0,0,0,0,0
0.249500,0.00,0.000,0.000,0,0,0.000,0,0,18.000,39.000,55.000,0,0,0,0,0,0,0,0,0,0,0,144,0,3,70,0,28.000,0,0,0,0,0,0,0,0,0,0,0,0,0,0,0,0,1,1,1,1,1,1,0,0,0,3992,0,0,0,0,0,0,0,0,0
0.249750,0.00,0.000,0.000,0,0,0.000,0,0,18.000,39.000,55.000,0,0,0,0,0,0,0,0,0,0,0,144,0,3,70,0,28.000,0,0,0,0,0,0,0,0,0,0,0,0,0,0,0,0,1,1,1,1,1,1,0,0,0,3996,0,0,0,0,0,0,0,0,0
0.250000,0.00,0.000,0.000,0,0,0.000,0,0,18.000,39.000,55.000,0,0,0,0,0,0,0,0,0,0,0,144,0,3,70,0,28.000,0,0,0,0,0,0,0,0,0,0,0,0,0,0,0,0,1,1,1,1,1,1,0,0,0,4000,0,0,0,0,0,0,0,0,0
0.250250,0.00,0.000,0.000,0,0,0.000,0,0,18.000,39.000,55.000,0,0,0,0,0,0,0,0,0,0,0,144,0,3,70,0,28.000,0,0,0,0,0,0,0,0,0,0,0,0,0,0,0,0,1,1,1,1,1,1,0,0,0,4004,0,0,0,0,0,0,0,0,0
0.250500,0.00,0.000,0.000,0,0,0.000,0,0,18.000,39.000,55.000,0,0,0,0,0,0,0,0,0,0,0,144,0,3,70,0,28.000,0,0,0,0,0,0,0,0,0,0,0,0,0,0,0,0,1,1,1,1,1,1,0,0,0,4008,0,0,0,0,0,0,0,0,0
0.250750,0.00,0.000,0.000,0,0,0.000,0,0,18.000,39.000,55.000,0,0,0,0,0,0,0,0,0,0,0,144,0,3,70,0,28.000,0,0,0,0,0,0,0,0,0,0,0,0,0,0,0,0,1,1,1,1,1,1,0,0,0,4012,0,0,0,0,0,0,0,0,0
0.251000,0.00,0.000,0.000,0,0,0.000,0,0,18.000,39.000,55.000,0,0,0,0,0,0,0,0,0,0,0,144,0,3,70,0,28.000,0,0,0,0,0,0,0,0,0,0,0,0,0,0,0,0,1,1,1,1,1,1,0,0,0,4016,0,0,0,0,0,0,0,0,0
0.251250,0.00,0.000,0.000,0,0,0.000,0,0,18.000,39.000,55.000,0,0,0,0,0,0,0,0,0,0,0,144,0,3,70,0,28.000,0,0,0,0,0,0,0,0,0,0,0,0,0,0,0,0,1,1,1,1,1,1,0,0,0,4020,0,0,0,0,0,0,0,0,0
0.251500,0.00,0.000,0.000,0,0,0.000,0,0,18.000,39.000,55.000,0,0,0,0,0,0,0,0,0,0,0,144,0,3,70,0,28.000,0,0,0,0,0,0,0,0,0,0,0,0,0,0,0,0,1,1,1,1,1,1,0,0,0,4024,0,0,0,0,0,0,0,0,0
0.251750,0.00,0.000,0.000,0,0,0.000,0,0,18.000,39.000,55.000,0,0,0,0,0,0,0,0,0,0,0,144,0,3,70,0,28.000,0,0,0,0,0,0,0,0,0,0,0,0,0,0,0,0,1,1,1,1,1,1,0,0,0,4028,0,0,0,0,0,0,0,0,0
0.252000,0.00,0.000,0.000,0,0,0.000,0,0,18.000,39.000,55.000,0,0,0,0,0,0,0,0,0,0,0,144,0,3,70,0,28.000,0,0,0,0,0,0,0,0,0,0,0,0,0,0,0,0,1,1,1,1,1,1,0,0,0,4032,0,0,0,0,0,0,0,0,0
0.252250,0.00,0.000,0.000,0,0,0.000,0,0,18.000,39.000,55.000,0,0,0,0,0,0,0,0,0,0,0,144,0,3,70,0,28.000,0,0,0,0,0,0,0,0,0,0,0,0,0,0,0,0,1,1,1,1,1,1,0,0,0,4036,0,0,0,0,0,0,0,0,0
0.252500,0.00,0.000,0.000,0,0,0.000,0,0,18.000,39.000,55.000,0,0,0,0,0,0,0,0,0,0,0,144,0,3,70,0,28.000,0,0,0,0,0,0,0,0,0,0,0,0,0,0,0,0,1,1,1,1,1,1,0,0,0,4040,0,0,0,0,0,0,0,0,0
0.252750,0.00,0.000,0.000,0,0,0.000,0,0,18.000,39.000,55.000,0,0,0,0,0,0,0,0,0,0,0,144,0,3,70,0,28.000,0,0,0,0,0,0,0,0,0,0,0,0,0,0,0,0,1,1,1,1,1,1,0,0,0,4044,0,0,0,0,0,0,0,0,0
0.253000,0.00,0.000,0.000,0,0,0.000,0,0,18.000,39.000,55.000,0,0,0,0,0,0,0,0,0,0,0,144,0,3,70,0,28.000,0,0,0,0,0,0,0,0,0,0,0,0,0,0,0,0,1,1,1,1,1,1,0,0,0,4048,0,0,0,0,0,0,0,0,0
0.253250,0.00,0.000,0.000,0,0,0.000,0,0,18.000,39.000,55.000,0,0,0,0,0,0,0,0,0,0,0,144,0,3,70,0,28.000,0,0,0,0,0,0,0,0,0,0,0,0,0,0,0,0,1,1,1,1,1,1,0,0,0,4052,0,0,0,0,0,0,0,0,0
0.253500,0.00,0.000,0.000,0,0,0.000,0,0,18.000,39.000,55.000,0,0,0,0,0,0,0,0,0,0,0,144,0,3,70,0,28.000,0,0,0,0,0,0,0,0,0,0,0,0,0,0,0,0,1,1,1,1,1,1,0,0,0,4056,0,0,0,0,0,0,0,0,0
0.253750,0.00,0.000,0.000,0,0,0.000,0,0,18.000,39.000,55.000,0,0,0,0,0,0,0,0,0,0,0,144,0,3,70,0,28.000,0,0,0,0,0,0,0,0,0,0,0,0,0,0,0,0,1,1,1,1,1,1,0,0,0,4060,0,0,0,0,0,0,0,0,0
0.254000,0.00,0.000,0.000,0,0,0.000,0,0,18.000,39.000,55.000,0,0,0,0,0,0,0,0,0,0,0,144,0,3,70,0,28.000,0,0,0,0,0,0,0,0,0,0,0,0,0,0,0,0,1,1,1,1,1,1,0,0,0,4064,0,0,0,0,0,0,0,0,0
0.254250,0.00,0.000,0.000,0,0,0.000,0,0,18.000,39.000,55.000,0,0,0,0,0,0,0,0,0,0,0,144,0,3,70,0,28.000,0,0,0,0,0,0,0,0,0,0,0,0,0,0,0,0,1,1,1,1,1,1,0,0,0,4068,0,0,0,0,0,0,0,0,0
0.254500,0.00,0.000,0.000,0,0,0.000,0,0,18.000,39.000,55.000,0,0,0,0,0,0,0,0,0,0,0,144,0,3,70,0,28.000,0,0,0,0,0,0,0,0,0,0,0,0,0,0,0,0,1,1,1,1,1,1,0,0,0,4072,0,0,0,0,0,0,0,0,0
0.254750,0.00,0.000,0.000,0,0,0.000,0,0,18.000,39.000,55.000,0,0,0,0,0,0,0,0,0,0,0,144,0,3,70,0,28.000,0,0,0,0,0,0,0,0,0,0,0,0,0,0,0,0,1,1,1,1,1,1,0,0,0,4076,0,0,0,0,0,0,0,0,0
0.255000,0.00,0.000,0.000,0,0,0.000,0,0,18.000,39.000,55.000,0,0,0,0,0,0,0,0,0,0,0,144,0,3,70,0,28.000,0,0,0,0,0,0,0,0,0,0,0,0,0,0,0,0,1,1,1,1,1,1,0,0,0,4080,0,0,0,0,0,0,0,0,0
0.255250,0.00,0.000,0.000,0,0,0.000,0,0,18.000,39.000,55.000,0,0,0,0,0,0,0,0,0,0,0,144,0,3,70,0,28.000,0,0,0,0,0,0,0,0,0,0,0,0,0,0,0,0,1,1,1,1,1,1,0,0,0,4084,0,0,0,0,0,0,0,0,0
0.255500,0.00,0.000,0.000,0,0,0.000,0,0,18.000,39.000,55.000,0,0,0,0,0,0,0,0,0,0,0,144,0,3,70,0,28.000,0,0,0,0,0,0,0,0,0,0,0,0,0,0,0,0,1,1,1,1,1,1,0,0,0,4088,0,0,0,0,0,0,0,0,0
0.255750,0.00,0.000,0.000,0,0,0.000,0,0,18.000,39.000,55.000,0,0,0,0,0,0,0,0,0,0,0,144,0,3,70,0,28.000,0,0,0,0,0,0,0,0,0,0,0,0,0,0,0,0,1,1,1,1,1,1,0,0,0,4092,0,0,0,0,0,0,0,0,0
0.256000,0.00,0.000,0.000,0,0,0.000,0,0,18.000,39.000,55.000,0,0,0,0,0,0,0,0,0,0,0,144,0,3,70,0,28.000,0,0,0,0,0,0,0,0,0,0,0,0,0,0,0,0,1,1,1,1,1,1,0,0,0,4096,0,0,0,0,0,0,0,0,0
0.256250,0.00,0.000,0.000,0,0,0.000,0,0,18.000,39.000,55.000,0,0,0,0,0,0,0,0,0,0,0,144,0,3,70,0,28.000,0,0,0,0,0,0,0,0,0,0,0,0,0,0,0,0,1,1,1,1,1,1,0,0,0,4100,0,0,0,0,0,0,0,0,0
0.256500,0.00,0.000,0.000,0,0,0.000,0,0,18.000,39.000,55.000,0,0,0,0,0,0,0,0,0,0,0,144,0,3,70,0,28.000,0,0,0,0,0,0,0,0,0,0,0,0,0,0,0,0,1,1,1,1,1,1,0,0,0,4104,0,0,0,0,0,0,0,0,0
0.256750,0.00,0.000,0.000,0,0,0.000,0,0,18.000,39.000,55.000,0,0,0,0,0,0,0,0,0,0,0,144,0,3,70,0,28.000,0,0,0,0,0,0,0,0,0,0,0,0,0,0,0,0,1,1,1,1,1,1,0,0,0,4108,0,0,0,0,0,0,0,0,0
0.257000,0.00,0.000,0.000,0,0,0.000,0,0,18.000,39.000,55.000,0,0,0,0,0,0,0,0,0,0,0,144,0,3,70,0,28.000,0,0,0,0,0,0,0,0,0,0,0,0,0,0,0,0,1,1,1,1,1,1,0,0,0,4112,0,0,0,0,0,0,0,0,0
0.257250,0.00,0.000,0.000,0,0,0.000,0,0,18.000,39.000,55.000,0,0,0,0,0,0,0,0,0,0,0,144,0,3,70,0,28.000,0,0,0,0,0,0,0,0,0,0,0,0,0,0,0,0,1,1,1,1,1,1,0,0,0,4116,0,0,0,0,0,0,0,0,0
0.257500,0.00,0.000,0.000,0,0,0.000,0,0,18.000,39.000,55.000,0,0,0,0,0,0,0,0,0,0,0,144,0,3,70,0,28.000,0,0,0,0,0,0,0,0,0,0,0,0,0,0,0,0,1,1,1,1,1,1,0,0,0,4120,0,0,0,0,0,0,0,0,0
0.257750,0.00,0.000,0.000,0,0,0.000,0,0,18.000,39.000,55.000,0,0,0,0,0,0,0,0,0,0,0,144,0,3,70,0,28.000,0,0,0,0,0,0,0,0,0,0,0,0,0,0,0,0,1,1,1,1,1,1,0,0,0,4124,0,0,0,0,0,0,0,0,0
0.258000,0.00,0.000,0.000,0,0,0.000,0,0,18.000,39.000,55.000,0,0,0,0,0,0,0,0,0,0,0,144,0,3,70,0,28.000,0,0,0,0,0,0,0,0,0,0,0,0,0,0,0,0,1,1,1,1,1,1,0,0,0,4128,0,0,0,0,0,0,0,0,0
0.258250,0.00,0.000,0.000,0,0,0.000,0,0,18.000,39.000,55.000,0,0,0,0,0,0,0,0,0,0,0,144,0,3,70,0,28.000,0,0,0,0,0,0,0,0,0,0,0,0,0,0,0,0,1,1,1,1,1,1,0,0,0,4132,0,0,0,0,0,0,0,0,0
0.258500,0.00,0.000,0.000,0,0,0.000,0,0,18.000,39.000,55.000,0,0,0,0,0,0,0,0,0,0,0,144,0,3,70,0,28.000,0,0,0,0,0,0,0,0,0,0,0,0,0,0,0,0,1,1,1,1,1,1,0,0,0,4136,0,0,0,0,0,0,0,0,0
0.258750,0.00,0.000,0.000,0,0,0.000,0,0,18.000,39.000,55.000,0,0,0,0,0,0,0,0,0,0,0,144,0,3,70,0,28.000,0,0,0,0,0,0,0,0,0,0,0,0,0,0,0,0,1,1,1,1,1,1,0,0,0,4140,0,0,0,0,0,0,0,0,0
0.259000,0.00,0.000,0.000,0,0,0.000,0,0,18.000,39.000,55.000,0,0,0,0,0,0,0,0,0,0,0,144,0,3,70,0,28.000,0,0,0,0,0,0,0,0,0,0,0,0,0,0,0,0,1,1,1,1,1,1,0,0,0,4144,0,0,0,0,0,0,0,0,0
0.259250,0.00,0.000,0.000,0,0,0.000,0,0,18.000,39.000,55.000,0,0,0,0,0,0,0,0,0,0,0,144,0,3,70,0,28.000,0,0,0,0,0,0,0,0,0,0,0,0,0,0,0,0,1,1,1,1,1,1,0,0,0,4148,0,0,0,0,0,0,0,0,0
0.259500,0.00,0.000,0.000,0,0,0.000,0,0,18.000,39.000,55.000,0,0,0,0,0,0,0,0,0,0,0,144,0,3,70,0,28.000,0,0,0,0,0,0,0,0,0,0,0,0,0,0,0,0,1,1,1,1,1,1,0,0,0,4152,0,0,0,0,0,0,0,0,0
0.259750,0.00,0.000,0.000,0,0,0.000,0,0,18.000,39.000,55.000,0,0,0,0,0,0,0,0,0,0,0,144,0,3,70,0,28.000,0,0,0,0,0,0,0,0,0,0,0,0,0,0,0,0,1,1,1,1,1,1,0,0,0,4156,0,0,0,0,0,0,0,0,0
0.260000,0.00,0.000,0.000,0,0,0.000,0,0,18.000,39.000,55.000,0,0,0,0,0,0,0,0,0,0,0,144,0,3,70,0,28.000,0,0,0,0,0,0,0,0,0,0,0,0,0,0,0,0,1,1,1,1,1,1,0,0,0,4160,0,0,0,0,0,0,0,0,0
0.260250,0.00,0.000,0.000,0,0,0.000,0,0,18.000,39.000,55.000,0,0,0,0,0,0,0,0,0,0,0,144,0,3,70,0,28.000,0,0,0,0,0,0,0,0,0,0,0,0,0,0,0,0,1,1,1,1,1,1,0,0,0,4164,0,0,0,0,0,0,0,0,0
0.260500,0.00,0.000,0.000,0,0,0.000,0,0,18.000,39.000,55.000,0,0,0,0,0,0,0,0,0,0,0,144,0,3,70,0,28.000,0,0,0,0,0,0,0,0,0,0,0,0,0,0,0,0,1,1,1,1,1,1,0,0,0,4168,0,0,0,0,0,0,0,0,0
0.260750,0.00,0.000,0.000,0,0,0.000,0,0,18.000,39.000,55.000,0,0,0,0,0,0,0,0,0,0,0,144,0,3,70,0,28.000,0,0,0,0,0,0,0,0,0,0,0,0,0,0,0,0,1,1,1,1,1,1,0,0,0,4172,0,0,0,0,0,0,0,0,0
0.261000,0.00,0.000,0.000,0,0,0.000,0,0,18.000,39.000,55.000,0,0,0,0,0,0,0,0,0,0,0,144,0,3,70,0,28.000,0,0,0,0,0,0,0,0,0,0,0,0,0,0,0,0,1,1,1,1,1,1,0,0,0,4176,0,0,0,0,0,0,0,0,0
0.261250,0.00,0.000,0.000,0,0,0.000,0,0,18.000,39.000,55.000,0,0,0,0,0,0,0,0,0,0,0,144,0,3,70,0,28.000,0,0,0,0,0,0,0,0,0,0,0,0,0,0,0,0,1,1,1,1,1,1,0,0,0,4180,0,0,0,0,0,0,0,0,0
0.261500,0.00,0.000,0.000,0,0,0.000,0,0,18.000,39.000,55.000,0,0,0,0,0,0,0,0,0,0,0,144,0,3,70,0,28.000,0,0,0,0,0,0,0,0,0,0,0,0,0,0,0,0,1,1,1,1,1,1,0,0,0,4184,0,0,0,0,0,0,0,0,0
0.261750,0.00,0.000,0.000,0,0,0.000,0,0,18.000,39.000,55.000,0,0,0,0,0,0,0,0,0,0,0,144,0,3,70,0,28.000,0,0,0,0,0,0,0,0,0,0,0,0,0,0,0,0,1,1,1,1,1,1,0,0,0,4188,0,0,0,0,0,0,0,0,0
0.262000,0.00,0.000,0.000,0,0,0.000,0,0,18.000,39.000,55.000,0,0,0,0,0,0,0,0,0,0,0,144,0,3,70,0,28.000,0,0,0,0,0,0,0,0,0,0,0,0,0,0,0,0,1,1,1,1,1,1,0,0,0,4192,0,0,0,0,0,0,0,0,0
0.262250,0.00,0.000,0.000,0,0,0.000,0,0,18.000,39.000,55.000,0,0,0,0,0,0,0,0,0,0,0,144,0,3,70,0,28.000,0,0,0,0,0,0,0,0,0,0,0,0,0,0,0,0,1,1,1,1,1,1,0,0,0,4196,0,0,0,0,0,0,0,0,0
0.262500,0.00,0.000,0.000,0,0,0.000,0,0,18.000,39.000,55.000,0,0,0,0,0,0,0,0,0,0,0,144,0,3,70,0,28.000,0,0,0,0,0,0,0,0,0,0,0,0,0,0,0,0,1,1,1,1,1,1,0,0,0,4200,0,0,0,0,0,0,0,0,0
0.262750,0.00,0.000,0.000,0,0,0.000,0,0,18.000,39.000,55.000,0,0,0,0,0,0,0,0,0,0,0,144,0,3,70,0,28.000,0,0,0,0,0,0,0,0,0,0,0,0,0,0,0,0,1,1,1,1,1,1,0,0,0,4204,0,0,0,0,0,0,0,0,0
0.263000,0.00,0.000,0.000,0,0,0.000,0,0,18.000,39.000,55.000,0,0,0,0,0,0,0,0,0,0,0,144,0,3,70,0,28.000,0,0,0,0,0,0,0,0,0,0,0,0,0,0,0,0,1,1,1,1,1,1,0,0,0,4208,0,0,0,0,0,0,0,0,0
0.263250,0.00,0.000,0.000,0,0,0.000,0,0,18.000,39.000,55.000,0,0,0,0,0,0,0,0,0,0,0,144,0,3,70,0,28.000,0,0,0,0,0,0,0,0,0,0,0,0,0,0,0,0,1,1,1,1,1,1,0,0,0,4212,0,0,0,0,0,0,0,0,0
0.263500,0.00,0.000,0.000,0,0,0.000,0,0,18.000,39.000,55.000,0,0,0,0,0,0,0,0,0,0,0,144,0,3,70,0,28.000,0,0,0,0,0,0,0,0,0,0,0,0,0,0,0,0,1,1,1,1,1,1,0,0,0,4216,0,0,0,0,0,0,0,0,0
0.263750,0.00,0.000,0.000,0,0,0.000,0,0,18.000,39.000,55.000,0,0,0,0,0,0,0,0,0,0,0,144,0,3,70,0,28.000,0,0,0,0,0,0,0,0,0,0,0,0,0,0,0,0,1,1,1,1,1,1,0,0,0,4220,0,0,0,0,0,0,0,0,0
0.264000,0.00,0.000,0.000,0,0,0.000,0,0,18.000,39.000,55.000,0,0,0,0,0,0,0,0,0,0,0,144,0,3,70,0,28.000,0,0,0,0,0,0,0,0,0,0,0,0,0,0,0,0,1,1,1,1,1,1,0,0,0,4224,0,0,0,0,0,0,0,0,0
0.264250,0.00,0.000,0.000,0,0,0.000,0,0,18.000,39.000,55.000,0,0,0,0,0,0,0,0,0,0,0,144,0,3,70,0,28.000,0,0,0,0,0,0,0,0,0,0,0,0,0,0,0,0,1,1,1,1,1,1,0,0,0,4228,0,0,0,0,0,0,0,0,0
0.264500,0.00,0.000,0.000,0,0,0.000,0,0,18.000,39.000,55.000,0,0,0,0,0,0,0,0,0,0,0,144,0,3,70,0,28.000,0,0,0,0,0,0,0,0,0,0,0,0,0,0,0,0,1,1,1,1,1,1,0,0,0,4232,0,0,0,0,0,0,0,0,0
0.264750,0.00,0.000,0.000,0,0,0.000,0,0,18.000,39.000,55.000,0,0,0,0,0,0,0,0,0,0,0,144,0,3,70,0,28.000,0,0,0,0,0,0,0,0,0,0,0,0,0,0,0,0,1,1,1,1,1,1,0,0,0,4236,0,0,0,0,0,0,0,0,0
0.265000,0.00,0.000,0.000,0,0,0.000,0,0,18.000,39.000,55.000,0,0,0,0,0,0,0,0,0,0,0,144,0,3,70,0,28.000,0,0,0,0,0,0,0,0,0,0,0,0,0,0,0,0,1,1,1,1,1,1,0,0,0,4240,0,0,0,0,0,0,0,0,0
0.265250,0.00,0.000,0.000,0,0,0.000,0,0,18.000,39.000,55.000,0,0,0,0,0,0,0,0,0,0,0,144,0,3,70,0,28.000,0,0,0,0,0,0,0,0,0,0,0,0,0,0,0,0,1,1,1,1,1,1,0,0,0,4244,0,0,0,0,0,0,0,0,0
0.265500,0.00,0.000,0.000,0,0,0.000,0,0,18.000,39.000,55.000,0,0,0,0,0,0,0,0,0,0,0,144,0,3,70,0,28.000,0,0,0,0,0,0,0,0,0,0,0,0,0,0,0,0,1,1,1,1,1,1,0,0,0,4248,0,0,0,0,0,0,0,0,0
0.265750,0.00,0.000,0.000,0,0,0.000,0,0,18.000,39.000,55.000,0,0,0,0,0,0,0,0,0,0,0,144,0,3,70,0,28.000,0,0,0,0,0,0,0,0,0,0,0,0,0,0,0,0,1,1,1,1,1,1,0,0,0,4252,0,0,0,0,0,0,0,0,0
0.266000,0.00,0.000,0.000,0,0,0.000,0,0,18.000,39.000,55.000,0,0,0,0,0,0,0,0,0,0,0,144,0,3,70,0,28.000,0,0,0,0,0,0,0,0,0,0,0,0,0,0,0,0,1,1,1,1,1,1,0,0,0,4256,0,0,0,0,0,0,0,0,0
0.266250,0.00,0.000,0.000,0,0,0.000,0,0,18.000,39.000,55.000,0,0,0,0,0,0,0,0,0,0,0,144,0,3,70,0,28.000,0,0,0,0,0,0,0,0,0,0,0,0,0,0,0,0,1,1,1,1,1,1,0,0,0,4260,0,0,0,0,0,0,0,0,0
0.266500,0.00,0.000,0.000,0,0,0.000,0,0,18.000,39.000,55.000,0,0,0,0,0,0,0,0,0,0,0,144,0,3,70,0,28.000,0,0,0,0,0,0,0,0,0,0,0,0,0,0,0,0,1,1,1,1,1,1,0,0,0,4264,0,0,0,0,0,0,0,0,0
0.266750,0.00,0.000,0.000,0,0,0.000,0,0,18.000,39.000,55.000,0,0,0,0,0,0,0,0,0,0,0,144,0,3,70,0,28.000,0,0,0,0,0,0,0,0,0,0,0,0,0,0,0,0,1,1,1,1,1,1,0,0,0,4268,0,0,0,0,0,0,0,0,0
0.267000,0.00,0.000,0.000,0,0,0.000,0,0,18.000,39.000,55.000,0,0,0,0,0,0,0,0,0,0,0,144,0,3,70,0,28.000,0,0,0,0,0,0,0,0,0,0,0,0,0,0,0,0,1,1,1,1,1,1,0,0,0,4272,0,0,0,0,0,0,0,0,0
0.267250,0.00,0.000,0.000,0,0,0.000,0,0,18.000,39.000,55.000,0,0,0,0,0,0,0,0,0,0,0,144,0,3,70,0,28.000,0,0,0,0,0,0,0,0,0,0,0,0,0,0,0,0,1,1,1,1,1,1,0,0,0,4276,0,0,0,0,0,0,0,0,0
0.267500,0.00,0.000,0.000,0,0,0.000,0,0,18.000,39.000,55.000,0,0,0,0,0,0,0,0,0,0,0,144,0,3,70,0,28.000,0,0,0,0,0,0,0,0,0,0,0,0,0,0,0,0,1,1,1,1,1,1,0,0,0,4280,0,0,0,0,0,0,0,0,0
0.267750,0.00,0.000,0.000,0,0,0.000,0,0,18.000,39.000,55.000,0,0,0,0,0,0,0,0,0,0,0,144,0,3,70,0,28.000,0,0,0,0,0,0,0,0,0,0,0,0,0,0,0,0,1,1,1,1,1,1,0,0,0,4284,0,0,0,0,0,0,0,0,0
0.268000,0.00,0.000,0.000,0,0,0.000,0,0,18.000,39.000,55.000,0,0,0,0,0,0,0,0,0,0,0,144,0,3,70,0,28.000,0,0,0,0,0,0,0,0,0,0,0,0,0,0,0,0,1,1,1,1,1,1,0,0,0,4288,0,0,0,0,0,0,0,0,0
0.268250,0.00,0.000,0.000,0,0,0.000,0,0,18.000,39.000,55.000,0,0,0,0,0,0,0,0,0,0,0,144,0,3,70,0,28.000,0,0,0,0,0,0,0,0,0,0,0,0,0,0,0,0,1,1,1,1,1,1,0,0,0,4292,0,0,0,0,0,0,0,0,0
0.268500,0.00,0.000,0.000,0,0,0.000,0,0,18.000,39.000,55.000,0,0,0,0,0,0,0,0,0,0,0,144,0,3,70,0,28.000,0,0,0,0,0,0,0,0,0,0,0,0,0,0,0,0,1,1,1,1,1,1,0,0,0,4296,0,0,0,0,0,0,0,0,0
0.268750,0.00,0.000,0.000,0,0,0.000,0,0,18.000,39.000,55.000,0,0,0,0,0,0,0,0,0,0,0,144,0,3,70,0,28.000,0,0,0,0,0,0,0,0,0,0,0,0,0,0,0,0,1,1,1,1,1,1,0,0,0,4300,0,0,0,0,0,0,0,0,0
0.269000,0.00,0.000,0.000,0,0,0.000,0,0,18.000,39.000,55.000,0,0,0,0,0,0,0,0,0,0,0,144,0,3,70,0,28.000,0,0,0,0,0,0,0,0,0,0,0,0,0,0,0,0,1,1,1,1,1,1,0,0,0,4304,0,0,0,0,0,0,0,0,0
0.269250,0.00,0.000,0.000,0,0,0.000,0,0,18.000,39.000,55.000,0,0,0,0,0,0,0,0,0,0,0,144,0,3,70,0,28.000,0,0,0,0,0,0,0,0,0,0,0,0,0,0,0,0,1,1,1,1,1,1,0,0,0,4308,0,0,0,0,0,0,0,0,0
0.269500,0.00,0.000,0.000,0,0,0.000,0,0,18.000,39.000,55.000,0,0,0,0,0,0,0,0,0,0,0,144,0,3,70,0,28.000,0,0,0,0,0,0,0,0,0,0,0,0,0,0,0,0,1,1,1,1,1,1,0,0,0,4312,0,0,0,0,0,0,0,0,0
0.269750,0.00,0.000,0.000,0,0,0.000,0,0,18.000,39.000,55.000,0,0,0,0,0,0,0,0,0,0,0,144,0,3,70,0,28.000,0,0,0,0,0,0,0,0,0,0,0,0,0,0,0,0,1,1,1,1,1,1,0,0,0,4316,0,0,0,0,0,0,0,0,0
0.270000,0.00,0.000,0.000,0,0,0.000,0,0,18.000,39.000,55.000,0,0,0,0,0,0,0,0,0,0,0,144,0,3,70,0,28.000,0,0,0,0,0,0,0,0,0,0,0,0,0,0,0,0,1,1,1,1,1,1,0,0,0,4320,0,0,0,0,0,0,0,0,0
0.270250,0.00,0.000,0.000,0,0,0.000,0,0,18.000,39.000,55.000,0,0,0,0,0,0,0,0,0,0,0,144,0,3,70,0,28.000,0,0,0,0,0,0,0,0,0,0,0,0,0,0,0,0,1,1,1,1,1,1,0,0,0,4324,0,0,0,0,0,0,0,0,0
0.270500,0.00,0.000,0.000,0,0,0.000,0,0,18.000,39.000,55.000,0,0,0,0,0,0,0,0,0,0,0,144,0,3,70,0,28.000,0,0,0,0,0,0,0,0,0,0,0,0,0,0,0,0,1,1,1,1,1,1,0,0,0,4328,0,0,0,0,0,0,0,0,0
0.270750,0.00,0.000,0.000,0,0,0.000,0,0,18.000,39.000,55.000,0,0,0,0,0,0,0,0,0,0,0,144,0,3,70,0,28.000,0,0,0,0,0,0,0,0,0,0,0,0,0,0,0,0,1,1,1,1,1,1,0,0,0,4332,0,0,0,0,0,0,0,0,0
0.271000,0.00,0.000,0.000,0,0,0.000,0,0,18.000,39.000,55.000,0,0,0,0,0,0,0,0,0,0,0,144,0,3,70,0,28.000,0,0,0,0,0,0,0,0,0,0,0,0,0,0,0,0,1,1,1,1,1,1,0,0,0,4336,0,0,0,0,0,0,0,0,0
0.271250,0.00,0.000,0.000,0,0,0.000,0,0,18.000,39.000,55.000,0,0,0,0,0,0,0,0,0,0,0,144,0,3,70,0,28.000,0,0,0,0,0,0,0,0,0,0,0,0,0,0,0,0,1,1,1,1,1,1,0,0,0,4340,0,0,0,0,0,0,0,0,0
0.271500,0.00,0.000,0.000,0,0,0.000,0,0,18.000,39.000,55.000,0,0,0,0,0,0,0,0,0,0,0,144,0,3,70,0,28.000,0,0,0,0,0,0,0,0,0,0,0,0,0,0,0,0,1,1,1,1,1,1,0,0,0,4344,0,0,0,0,0,0,0,0,0
0.271750,0.00,0.000,0.000,0,0,0.000,0,0,18.000,39.000,55.000,0,0,0,0,0,0,0,0,0,0,0,144,0,3,70,0,28.000,0,0,0,0,0,0,0,0,0,0,0,0,0,0,0,0,1,1,1,1,1,1,0,0,0,4348,0,0,0,0,0,0,0,0,0
0.272000,0.00,0.000,0.000,0,0,0.000,0,0,18.000,39.000,55.000,0,0,0,0,0,0,0,0,0,0,0,144,0,3,70,0,28.000,0,0,0,0,0,0,0,0,0,0,0,0,0,0,0,0,1,1,1,1,1,1,0,0,0,4352,0,0,0,0,0,0,0,0,0
0.272250,0.00,0.000,0.000,0,0,0.000,0,0,18.000,39.000,55.000,0,0,0,0,0,0,0,0,0,0,0,144,0,3,70,0,28.000,0,0,0,0,0,0,0,0,0,0,0,0,0,0,0,0,1,1,1,1,1,1,0,0,0,4356,0,0,0,0,0,0,0,0,0
0.272500,0.00,0.000,0.000,0,0,0.000,0,0,18.000,39.000,55.000,0,0,0,0,0,0,0,0,0,0,0,144,0,3,70,0,28.000,0,0,0,0,0,0,0,0,0,0,0,0,0,0,0,0,1,1,1,1,1,1,0,0,0,4360,0,0,0,0,0,0,0,0,0
0.272750,0.00,0.000,0.000,0,0,0.000,0,0,18.000,39.000,55.000,0,0,0,0,0,0,0,0,0,0,0,144,0,3,70,0,28.000,0,0,0,0,0,0,0,0,0,0,0,0,0,0,0,0,1,1,1,1,1,1,0,0,0,4364,0,0,0,0,0,0,0,0,0
0.273000,0.00,0.000,0.000,0,0,0.000,0,0,18.000,39.000,55.000,0,0,0,0,0,0,0,0,0,0,0,144,0,3,70,0,28.000,0,0,0,0,0,0,0,0,0,0,0,0,0,0,0,0,1,1,1,1,1,1,0,0,0,4368,0,0,0,0,0,0,0,0,0
0.273250,0.00,0.000,0.000,0,0,0.000,0,0,18.000,39.000,55.000,0,0,0,0,0,0,0,0,0,0,0,144,0,3,70,0,28.000,0,0,0,0,0,0,0,0,0,0,0,0,0,0,0,0,1,1,1,1,1,1,0,0,0,4372,0,0,0,0,0,0,0,0,0
0.273500,0.00,0.000,0.000,0,0,0.000,0,0,18.000,39.000,55.000,0,0,0,0,0,0,0,0,0,0,0,144,0,3,70,0,28.000,0,0,0,0,0,0,0,0,0,0,0,0,0,0,0,0,1,1,1,1,1,1,0,0,0,4376,0,0,0,0,0,0,0,0,0
0.273750,0.00,0.000,0.000,0,0,0.000,0,0,18.000,39.000,55.000,0,0,0,0,0,0,0,0,0,0,0,144,0,3,70,0,28.000,0,0,0,0,0,0,0,0,0,0,0,0,0,0,0,0,1,1,1,1,1,1,0,0,0,4380,0,0,0,0,0,0,0,0,0
0.274000,0.00,0.000,0.000,0,0,0.000,0,0,18.000,39.000,55.000,0,0,0,0,0,0,0,0,0,0,0,144,0,3,70,0,28.000,0,0,0,0,0,0,0,0,0,0,0,0,0,0,0,0,1,1,1,1,1,1,0,0,0,4384,0,0,0,0,0,0,0,0,0
0.274250,0.00,0.000,0.000,0,0,0.000,0,0,18.000,39.000,55.000,0,0,0,0,0,0,0,0,0,0,0,144,0,3,70,0,28.000,0,0,0,0,0,0,0,0,0,0,0,0,0,0,0,0,1,1,1,1,1,1,0,0,0,4388,0,0,0,0,0,0,0,0,0
0.274500,0.00,0.000,0.000,0,0,0.000,0,0,18.000,39.000,55.000,0,0,0,0,0,0,0,0,0,0,0,144,0,3,70,0,28.000,0,0,0,0,0,0,0,0,0,0,0,0,0,0,0,0,1,1,1,1,1,1,0,0,0,4392,0,0,0,0,0,0,0,0,0
0.274750,0.00,0.000,0.000,0,0,0.000,0,0,18.000,39.000,55.000,0,0,0,0,0,0,0,0,0,0,0,144,0,3,70,0,28.000,0,0,0,0,0,0,0,0,0,0,0,0,0,0,0,0,1,1,1,1,1,1,0,0,0,4396,0,0,0,0,0,0,0,0,0
0.275000,0.00,0.000,0.000,0,0,0.000,0,0,18.000,39.000,55.000,0,0,0,0,0,0,0,0,0,0,0,144,0,3,70,0,28.000,0,0,0,0,0,0,0,0,0,0,0,0,0,0,0,0,1,1,1,1,1,1,0,0,0,4400,0,0,0,0,0,0,0,0,0
0.275250,0.00,0.000,0.000,0,0,0.000,0,0,18.000,39.000,55.000,0,0,0,0,0,0,0,0,0,0,0,144,0,3,70,0,28.000,0,0,0,0,0,0,0,0,0,0,0,0,0,0,0,0,1,1,1,1,1,1,0,0,0,4404,0,0,0,0,0,0,0,0,0
0.275500,0.00,0.000,0.000,0,0,0.000,0,0,18.000,39.000,55.000,0,0,0,0,0,0,0,0,0,0,0,144,0,3,70,0,28.000,0,0,0,0,0,0,0,0,0,0,0,0,0,0,0,0,1,1,1,1,1,1,0,0,0,4408,0,0,0,0,0,0,0,0,0
0.275750,0.00,0.000,0.000,0,0,0.000,0,0,18.000,39.000,55.000,0,0,0,0,0,0,0,0,0,0,0,144,0,3,70,0,28.000,0,0,0,0,0,0,0,0,0,0,0,0,0,0,0,0,1,1,1,1,1,1,0,0,0,4412,0,0,0,0,0,0,0,0,0
0.276000,0.00,0.000,0.000,0,0,0.000,0,0,18.000,39.000,55.000,0,0,0,0,0,0,0,0,0,0,0,144,0,3,70,0,28.000,0,0,0,0,0,0,0,0,0,0,0,0,0,0,0,0,1,1,1,1,1,1,0,0,0,4416,0,0,0,0,0,0,0,0,0
0.276250,0.00,0.000,0.000,0,0,0.000,0,0,18.000,39.000,55.000,0,0,0,0,0,0,0,0,0,0,0,144,0,3,70,0,28.000,0,0,0,0,0,0,0,0,0,0,0,0,0,0,0,0,1,1,1,1,1,1,0,0,0,4420,0,0,0,0,0,0,0,0,0
0.276500,0.00,0.000,0.000,0,0,0.000,0,0,18.000,39.000,55.000,0,0,0,0,0,0,0,0,0,0,0,144,0,3,70,0,28.000,0,0,0,0,0,0,0,0,0,0,0,0,0,0,0,0,1,1,1,1,1,1,0,0,0,4424,0,0,0,0,0,0,0,0,0
0.276750,0.00,0.000,0.000,0,0,0.000,0,0,18.000,39.000,55.000,0,0,0,0,0,0,0,0,0,0,0,144,0,3,70,0,28.000,0,0,0,0,0,0,0,0,0,0,0,0,0,0,0,0,1,1,1,1,1,1,0,0,0,4428,0,0,0,0,0,0,0,0,0
0.277000,0.00,0.000,0.000,0,0,0.000,0,0,18.000,39.000,55.000,0,0,0,0,0,0,0,0,0,0,0,144,0,3,70,0,28.000,0,0,0,0,0,0,0,0,0,0,0,0,0,0,0,0,1,1,1,1,1,1,0,0,0,4432,0,0,0,0,0,0,0,0,0
0.277250,0.00,0.000,0.000,0,0,0.000,0,0,18.000,39.000,55.000,0,0,0,0,0,0,0,0,0,0,0,144,0,3,70,0,28.000,0,0,0,0,0,0,0,0,0,0,0,0,0,0,0,0,1,1,1,1,1,1,0,0,0,4436,0,0,0,0,0,0,0,0,0
0.277500,0.00,0.000,0.000,0,0,0.000,0,0,18.000,39.000,55.000,0,0,0,0,0,0,0,0,0,0,0,144,0,3,70,0,28.000,0,0,0,0,0,0,0,0,0,0,0,0,0,0,0,0,1,1,1,1,1,1,0,0,0,4440,0,0,0,0,0,0,0,0,0
0.277750,0.00,0.000,0.000,0,0,0.000,0,0,18.000,39.000,55.000,0,0,0,0,0,0,0,0,0,0,0,144,0,3,70,0,28.000,0,0,0,0,0,0,0,0,0,0,0,0,0,0,0,0,1,1,1,1,1,1,0,0,0,4444,0,0,0,0,0,0,0,0,0
0.278000,0.00,0.000,0.000,0,0,0.000,0,0,18.000,39.000,55.000,0,0,0,0,0,0,0,0,0,0,0,144,0,3,70,0,28.000,0,0,0,0,0,0,0,0,0,0,0,0,0,0,0,0,1,1,1,1,1,1,0,0,0,4448,0,0,0,0,0,0,0,0,0
0.278250,0.00,0.000,0.000,0,0,0.000,0,0,18.000,39.000,55.000,0,0,0,0,0,0,0,0,0,0,0,144,0,3,70,0,28.000,0,0,0,0,0,0,0,0,0,0,0,0,0,0,0,0,1,1,1,1,1,1,0,0,0,4452,0,0,0,0,0,0,0,0,0
0.278500,0.00,0.000,0.000,0,0,0.000,0,0,18.000,39.000,55.000,0,0,0,0,0,0,0,0,0,0,0,144,0,3,70,0,28.000,0,0,0,0,0,0,0,0,0,0,0,0,0,0,0,0,1,1,1,1,1,1,0,0,0,4456,0,0,0,0,0,0,0,0,0
0.278750,0.00,0.000,0.000,0,0,0.000,0,0,18.000,39.000,55.000,0,0,0,0,0,0,0,0,0,0,0,144,0,3,70,0,28.000,0,0,0,0,0,0,0,0,0,0,0,0,0,0,0,0,1,1,1,1,1,1,0,0,0,4460,0,0,0,0,0,0,0,0,0
0.279000,0.00,0.000,0.000,0,0,0.000,0,0,18.000,39.000,55.000,0,0,0,0,0,0,0,0,0,0,0,144,0,3,70,0,28.000,0,0,0,0,0,0,0,0,0,0,0,0,0,0,0,0,1,1,1,1,1,1,0,0,0,4464,0,0,0,0,0,0,0,0,0
0.279250,0.00,0.000,0.000,0,0,0.000,0,0,18.000,39.000,55.000,0,0,0,0,0,0,0,0,0,0,0,144,0,3,70,0,28.000,0,0,0,0,0,0,0,0,0,0,0,0,0,0,0,0,1,1,1,1,1,1,0,0,0,4468,0,0,0,0,0,0,0,0,0
0.279500,0.00,0.000,0.000,0,0,0.000,0,0,18.000,39.000,55.000,0,0,0,0,0,0,0,0,0,0,0,144,0,3,70,0,28.000,0,0,0,0,0,0,0,0,0,0,0,0,0,0,0,0,1,1,1,1,1,1,0,0,0,4472,0,0,0,0,0,0,0,0,0
0.279750,0.00,0.000,0.000,0,0,0.000,0,0,18.000,39.000,55.000,0,0,0,0,0,0,0,0,0,0,0,144,0,3,70,0,28.000,0,0,0,0,0,0,0,0,0,0,0,0,0,0,0,0,1,1,1,1,1,1,0,0,0,4476,0,0,0,0,0,0,0,0,0
0.280000,0.00,0.000,0.000,0,0,0.000,0,0,18.000,39.000,55.000,0,0,0,0,0,0,0,0,0,0,0,144,0,3,70,0,28.000,0,0,0,0,0,0,0,0,0,0,0,0,0,0,0,0,1,1,1,1,1,1,0,0,0,4480,0,0,0,0,0,0,0,0,0
0.280250,0.00,0.000,0.000,0,0,0.000,0,0,18.000,39.000,55.000,0,0,0,0,0,0,0,0,0,0,0,144,0,3,70,0,28.000,0,0,0,0,0,0,0,0,0,0,0,0,0,0,0,0,1,1,1,1,1,1,0,0,0,4484,0,0,0,0,0,0,0,0,0
0.280500,0.00,0.000,0.000,0,0,0.000,0,0,18.000,39.000,55.000,0,0,0,0,0,0,0,0,0,0,0,144,0,3,70,0,28.000,0,0,0,0,0,0,0,0,0,0,0,0,0,0,0,0,1,1,1,1,1,1,0,0,0,4488,0,0,0,0,0,0,0,0,0
0.280750,0.00,0.000,0.000,0,0,0.000,0,0,18.000,39.000,55.000,0,0,0,0,0,0,0,0,0,0,0,144,0,3,70,0,28.000,0,0,0,0,0,0,0,0,0,0,0,0,0,0,0,0,1,1,1,1,1,1,0,0,0,4492,0,0,0,0,0,0,0,0,0
0.281000,0.00,0.000,0.000,0,0,0.000,0,0,18.000,39.000,55.000,0,0,0,0,0,0,0,0,0,0,0,144,0,3,70,0,28.000,0,0,0,0,0,0,0,0,0,0,0,0,0,0,0,0,1,1,1,1,1,1,0,0,0,4496,0,0,0,0,0,0,0,0,0
0.281250,0.00,0.000,0.000,0,0,0.000,0,0,18.000,39.000,55.000,0,0,0,0,0,0,0,0,0,0,0,144,0,3,70,0,28.000,0,0,0,0,0,0,0,0,0,0,0,0,0,0,0,0,1,1,1,1,1,1,0,0,0,4500,0,0,0,0,0,0,0,0,0
0.281500,0.00,0.000,0.000,0,0,0.000,0,0,18.000,39.000,55.000,0,0,0,0,0,0,0,0,0,0,0,144,0,3,70,0,28.000,0,0,0,0,0,0,0,0,0,0,0,0,0,0,0,0,1,1,1,1,1,1,0,0,0,4504,0,0,0,0,0,0,0,0,0
0.281750,0.00,0.000,0.000,0,0,0.000,0,0,18.000,39.000,55.000,0,0,0,0,0,0,0,0,0,0,0,144,0,3,70,0,28.000,0,0,0,0,0,0,0,0,0,0,0,0,0,0,0,0,1,1,1,1,1,1,0,0,0,4508,0,0,0,0,0,0,0,0,0
0.282000,0.00,0.000,0.000,0,0,0.000,0,0,18.000,39.000,55.000,0,0,0,0,0,0,0,0,0,0,0,144,0,3,70,0,28.000,0,0,0,0,0,0,0,0,0,0,0,0,0,0,0,0,1,1,1,1,1,1,0,0,0,4512,0,0,0,0,0,0,0,0,0
0.282250,0.00,0.000,0.000,0,0,0.000,0,0,18.000,39.000,55.000,0,0,0,0,0,0,0,0,0,0,0,144,0,3,70,0,28.000,0,0,0,0,0,0,0,0,0,0,0,0,0,0,0,0,1,1,1,1,1,1,0,0,0,4516,0,0,0,0,0,0,0,0,0
0.282500,0.00,0.000,0.000,0,0,0.000,0,0,18.000,39.000,55.000,0,0,0,0,0,0,0,0,0,0,0,144,0,3,70,0,28.000,0,0,0,0,0,0,0,0,0,0,0,0,0,0,0,0,1,1,1,1,1,1,0,0,0,4520,0,0,0,0,0,0,0,0,0
0.282750,0.00,0.000,0.000,0,0,0.000,0,0,18.000,39.000,55.000,0,0,0,0,0,0,0,0,0,0,0,144,0,3,70,0,28.000,0,0,0,0,0,0,0,0,0,0,0,0,0,0,0,0,1,1,1,1,1,1,0,0,0,4524,0,0,0,0,0,0,0,0,0
0.283000,0.00,0.000,0.000,0,0,0.000,0,0,18.000,39.000,55.000,0,0,0,0,0,0,0,0,0,0,0,144,0,3,70,0,28.000,0,0,0,0,0,0,0,0,0,0,0,0,0,0,0,0,1,1,1,1,1,1,0,0,0,4528,0,0,0,0,0,0,0,0,0
0.283250,0.00,0.000,0.000,0,0,0.000,0,0,18.000,39.000,55.000,0,0,0,0,0,0,0,0,0,0,0,144,0,3,70,0,28.000,0,0,0,0,0,0,0,0,0,0,0,0,0,0,0,0,1,1,1,1,1,1,0,0,0,4532,0,0,0,0,0,0,0,0,0
0.283500,0.00,0.000,0.000,0,0,0.000,0,0,18.000,39.000,55.000,0,0,0,0,0,0,0,0,0,0,0,144,0,3,70,0,28.000,0,0,0,0,0,0,0,0,0,0,0,0,0,0,0,0,1,1,1,1,1,1,0,0,0,4536,0,0,0,0,0,0,0,0,0
0.283750,0.00,0.000,0.000,0,0,0.000,0,0,18.000,39.000,55.000,0,0,0,0,0,0,0,0,0,0,0,144,0,3,70,0,28.000,0,0,0,0,0,0,0,0,0,0,0,0,0,0,0,0,1,1,1,1,1,1,0,0,0,4540,0,0,0,0,0,0,0,0,0
0.284000,0.00,0.000,0.000,0,0,0.000,0,0,18.000,39.000,55.000,0,0,0,0,0,0,0,0,0,0,0,144,0,3,70,0,28.000,0,0,0,0,0,0,0,0,0,0,0,0,0,0,0,0,1,1,1,1,1,1,0,0,0,4544,0,0,0,0,0,0,0,0,0
0.284250,0.00,0.000,0.000,0,0,0.000,0,0,18.000,39.000,55.000,0,0,0,0,0,0,0,0,0,0,0,144,0,3,70,0,28.000,0,0,0,0,0,0,0,0,0,0,0,0,0,0,0,0,1,1,1,1,1,1,0,0,0,4548,0,0,0,0,0,0,0,0,0
0.284500,0.00,0.000,0.000,0,0,0.000,0,0,18.000,39.000,55.000,0,0,0,0,0,0,0,0,0,0,0,144,0,3,70,0,28.000,0,0,0,0,0,0,0,0,0,0,0,0,0,0,0,0,1,1,1,1,1,1,0,0,0,4552,0,0,0,0,0,0,0,0,0
0.284750,0.00,0.000,0.000,0,0,0.000,0,0,18.000,39.000,55.000,0,0,0,0,0,0,0,0,0,0,0,144,0,3,70,0,28.000,0,0,0,0,0,0,0,0,0,0,0,0,0,0,0,0,1,1,1,1,1,1,0,0,0,4556,0,0,0,0,0,0,0,0,0
0.285000,0.00,0.000,0.000,0,0,0.000,0,0,18.000,39.000,55.000,0,0,0,0,0,0,0,0,0,0,0,144,0,3,70,0,28.000,0,0,0,0,0,0,0,0,0,0,0,0,0,0,0,0,1,1,1,1,1,1,0,0,0,4560,0,0,0,0,0,0,0,0,0
0.285250,0.00,0.000,0.000,0,0,0.000,0,0,18.000,39.000,55.000,0,0,0,0,0,0,0,0,0,0,0,144,0,3,70,0,28.000,0,0,0,0,0,0,0,0,0,0,0,0,0,0,0,0,1,1,1,1,1,1,0,0,0,4564,0,0,0,0,0,0,0,0,0
0.285500,0.00,0.000,0.000,0,0,0.000,0,0,18.000,39.000,55.000,0,0,0,0,0,0,0,0,0,0,0,144,0,3,70,0,28.000,0,0,0,0,0,0,0,0,0,0,0,0,0,0,0,0,1,1,1,1,1,1,0,0,0,4568,0,0,0,0,0,0,0,0,0
0.285750,0.00,0.000,0.000,0,0,0.000,0,0,18.000,39.000,55.000,0,0,0,0,0,0,0,0,0,0,0,144,0,3,70,0,28.000,0,0,0,0,0,0,0,0,0,0,0,0,0,0,0,0,1,1,1,1,1,1,0,0,0,4572,0,0,0,0,0,0,0,0,0
0.286000,0.00,0.000,0.000,0,0,0.000,0,0,18.000,39.000,55.000,0,0,0,0,0,0,0,0,0,0,0,144,0,3,70,0,28.000,0,0,0,0,0,0,0,0,0,0,0,0,0,0,0,0,1,1,1,1,1,1,0,0,0,4576,0,0,0,0,0,0,0,0,0
0.286250,0.00,0.000,0.000,0,0,0.000,0,0,18.000,39.000,55.000,0,0,0,0,0,0,0,0,0,0,0,144,0,3,70,0,28.000,0,0,0,0,0,0,0,0,0,0,0,0,0,0,0,0,1,1,1,1,1,1,0,0,0,4580,0,0,0,0,0,0,0,0,0
0.286500,0.00,0.000,0.000,0,0,0.000,0,0,18.000,39.000,55.000,0,0,0,0,0,0,0,0,0,0,0,144,0,3,70,0,28.000,0,0,0,0,0,0,0,0,0,0,0,0,0,0,0,0,1,1,1,1,1,1,0,0,0,4584,0,0,0,0,0,0,0,0,0
0.286750,0.00,0.000,0.000,0,0,0.000,0,0,18.000,39.000,55.000,0,0,0,0,0,0,0,0,0,0,0,144,0,3,70,0,28.000,0,0,0,0,0,0,0,0,0,0,0,0,0,0,0,0,1,1,1,1,1,1,0,0,0,4588,0,0,0,0,0,0,0,0,0
0.287000,0.00,0.000,0.000,0,0,0.000,0,0,18.000,39.000,55.000,0,0,0,0,0,0,0,0,0,0,0,144,0,3,70,0,28.000,0,0,0,0,0,0,0,0,0,0,0,0,0,0,0,0,1,1,1,1,1,1,0,0,0,4592,0,0,0,0,0,0,0,0,0
0.287250,0.00,0.000,0.000,0,0,0.000,0,0,18.000,39.000,55.000,0,0,0,0,0,0,0,0,0,0,0,144,0,3,70,0,28.000,0,0,0,0,0,0,0,0,0,0,0,0,0,0,0,0,1,1,1,1,1,1,0,0,0,4596,0,0,0,0,0,0,0,0,0
0.287500,0.00,0.000,0.000,0,0,0.000,0,0,18.000,39.000,55.000,0,0,0,0,0,0,0,0,0,0,0,144,0,3,70,0,28.000,0,0,0,0,0,0,0,0,0,0,0,0,0,0,0,0,1,1,1,1,1,1,0,0,0,4600,0,0,0,0,0,0,0,0,0
0.287750,0.00,0.000,0.000,0,0,0.000,0,0,18.000,39.000,55.000,0,0,0,0,0,0,0,0,0,0,0,144,0,3,70,0,28.000,0,0,0,0,0,0,0,0,0,0,0,0,0,0,0,0,1,1,1,1,1,1,0,0,0,4604,0,0,0,0,0,0,0,0,0
0.288000,0.00,0.000,0.000,0,0,0.000,0,0,18.000,39.000,55.000,0,0,0,0,0,0,0,0,0,0,0,144,0,3,70,0,28.000,0,0,0,0,0,0,0,0,0,0,0,0,0,0,0,0,1,1,1,1,1,1,0,0,0,4608,0,0,0,0,0,0,0,0,0
0.288250,0.00,0.000,0.000,0,0,0.000,0,0,18.000,39.000,55.000,0,0,0,0,0,0,0,0,0,0,0,144,0,3,70,0,28.000,0,0,0,0,0,0,0,0,0,0,0,0,0,0,0,0,1,1,1,1,1,1,0,0,0,4612,0,0,0,0,0,0,0,0,0
0.288500,0.00,0.000,0.000,0,0,0.000,0,0,18.000,39.000,55.000,0,0,0,0,0,0,0,0,0,0,0,144,0,3,70,0,28.000,0,0,0,0,0,0,0,0,0,0,0,0,0,0,0,0,1,1,1,1,1,1,0,0,0,4616,0,0,0,0,0,0,0,0,0
0.288750,0.00,0.000,0.000,0,0,0.000,0,0,18.000,39.000,55.000,0,0,0,0,0,0,0,0,0,0,0,144,0,3,70,0,28.000,0,0,0,0,0,0,0,0,0,0,0,0,0,0,0,0,1,1,1,1,1,1,0,0,0,4620,0,0,0,0,0,0,0,0,0
0.289000,0.00,0.000,0.000,0,0,0.000,0,0,18.000,39.000,55.000,0,0,0,0,0,0,0,0,0,0,0,144,0,3,70,0,28.000,0,0,0,0,0,0,0,0,0,0,0,0,0,0,0,0,1,1,1,1,1,1,0,0,0,4624,0,0,0,0,0,0,0,0,0
0.289250,0.00,0.000,0.000,0,0,0.000,0,0,18.000,39.000,55.000,0,0,0,0,0,0,0,0,0,0,0,144,0,3,70,0,28.000,0,0,0,0,0,0,0,0,0,0,0,0,0,0,0,0,1,1,1,1,1,1,0,0,0,4628,0,0,0,0,0,0,0,0,0
0.289500,0.00,0.000,0.000,0,0,0.000,0,0,18.000,39.000,55.000,0,0,0,0,0,0,0,0,0,0,0,144,0,3,70,0,28.000,0,0,0,0,0,0,0,0,0,0,0,0,0,0,0,0,1,1,1,1,1,1,0,0,0,4632,0,0,0,0,0,0,0,0,0
0.289750,0.00,0.000,0.000,0,0,0.000,0,0,18.000,39.000,55.000,0,0,0,0,0,0,0,0,0,0,0,144,0,3,70,0,28.000,0,0,0,0,0,0,0,0,0,0,0,0,0,0,0,0,1,1,1,1,1,1,0,0,0,4636,0,0,0,0,0,0,0,0,0
0.290000,0.00,0.000,0.000,0,0,0.000,0,0,18.000,39.000,55.000,0,0,0,0,0,0,0,0,0,0,0,144,0,3,70,0,28.000,0,0,0,0,0,0,0,0,0,0,0,0,0,0,0,0,1,1,1,1,1,1,0,0,0,4640,0,0,0,0,0,0,0,0,0
0.290250,0.00,0.000,0.000,0,0,0.000,0,0,18.000,39.000,55.000,0,0,0,0,0,0,0,0,0,0,0,144,0,3,70,0,28.000,0,0,0,0,0,0,0,0,0,0,0,0,0,0,0,0,1,1,1,1,1,1,0,0,0,4644,0,0,0,0,0,0,0,0,0
0.290500,0.00,0.000,0.000,0,0,0.000,0,0,18.000,39.000,55.000,0,0,0,0,0,0,0,0,0,0,0,144,0,3,70,0,28.000,0,0,0,0,0,0,0,0,0,0,0,0,0,0,0,0,1,1,1,1,1,1,0,0,0,4648,0,0,0,0,0,0,0,0,0
0.290750,0.00,0.000,0.000,0,0,0.000,0,0,18.000,39.000,55.000,0,0,0,0,0,0,0,0,0,0,0,144,0,3,70,0,28.000,0,0,0,0,0,0,0,0,0,0,0,0,0,0,0,0,1,1,1,1,1,1,0,0,0,4652,0,0,0,0,0,0,0,0,0
0.291000,0.00,0.000,0.000,0,0,0.000,0,0,18.000,39.000,55.000,0,0,0,0,0,0,0,0,0,0,0,144,0,3,70,0,28.000,0,0,0,0,0,0,0,0,0,0,0,0,0,0,0,0,1,1,1,1,1,1,0,0,0,4656,0,0,0,0,0,0,0,0,0
0.291250,0.00,0.000,0.000,0,0,0.000,0,0,18.000,39.000,55.000,0,0,0,0,0,0,0,0,0,0,0,144,0,3,70,0,28.000,0,0,0,0,0,0,0,0,0,0,0,0,0,0,0,0,1,1,1,1,1,1,0,0,0,4660,0,0,0,0,0,0,0,0,0
0.291500,0.00,0.000,0.000,0,0,0.000,0,0,18.000,39.000,55.000,0,0,0,0,0,0,0,0,0,0,0,144,0,3,70,0,28.000,0,0,0,0,0,0,0,0,0,0,0,0,0,0,0,0,1,1,1,1,1,1,0,0,0,4664,0,0,0,0,0,0,0,0,0
0.291750,0.00,0.000,0.000,0,0,0.000,0,0,18.000,39.000,55.000,0,0,0,0,0,0,0,0,0,0,0,144,0,3,70,0,28.000,0,0,0,0,0,0,0,0,0,0,0,0,0,0,0,0,1,1,1,1,1,1,0,0,0,4668,0,0,0,0,0,0,0,0,0
0.292000,0.00,0.000,0.000,0,0,0.000,0,0,18.000,39.000,55.000,0,0,0,0,0,0,0,0,0,0,0,144,0,3,70,0,28.000,0,0,0,0,0,0,0,0,0,0,0,0,0,0,0,0,1,1,1,1,1,1,0,0,0,4672,0,0,0,0,0,0,0,0,0
0.292250,0.00,0.000,0.000,0,0,0.000,0,0,18.000,39.000,55.000,0,0,0,0,0,0,0,0,0,0,0,144,0,3,70,0,28.000,0,0,0,0,0,0,0,0,0,0,0,0,0,0,0,0,1,1,1,1,1,1,0,0,0,4676,0,0,0,0,0,0,0,0,0
0.292500,0.00,0.000,0.000,0,0,0.000,0,0,18.000,39.000,55.000,0,0,0,0,0,0,0,0,0,0,0,144,0,3,70,0,28.000,0,0,0,0,0,0,0,0,0,0,0,0,0,0,0,0,1,1,1,1,1,1,0,0,0,4680,0,0,0,0,0,0,0,0,0
0.292750,0.00,0.000,0.000,0,0,0.000,0,0,18.000,39.000,55.000,0,0,0,0,0,0,0,0,0,0,0,144,0,3,70,0,28.000,0,0,0,0,0,0,0,0,0,0,0,0,0,0,0,0,1,1,1,1,1,1,0,0,0,4684,0,0,0,0,0,0,0,0,0
0.293000,0.00,0.000,0.000,0,0,0.000,0,0,18.000,39.000,55.000,0,0,0,0,0,0,0,0,0,0,0,144,0,3,70,0,28.000,0,0,0,0,0,0,0,0,0,0,0,0,0,0,0,0,1,1,1,1,1,1,0,0,0,4688,0,0,0,0,0,0,0,0,0
0.293250,0.00,0.000,0.000,0,0,0.000,0,0,18.000,39.000,55.000,0,0,0,0,0,0,0,0,0,0,0,144,0,3,70,0,28.000,0,0,0,0,0,0,0,0,0,0,0,0,0,0,0,0,1,1,1,1,1,1,0,0,0,4692,0,0,0,0,0,0,0,0,0
0.293500,0.00,0.000,0.000,0,0,0.000,0,0,18.000,39.000,55.000,0,0,0,0,0,0,0,0,0,0,0,144,0,3,70,0,28.000,0,0,0,0,0,0,0,0,0,0,0,0,0,0,0,0,1,1,1,1,1,1,0,0,0,4696,0,0,0,0,0,0,0,0,0
0.293750,0.00,0.000,0.000,0,0,0.000,0,0,18.000,39.000,55.000,0,0,0,0,0,0,0,0,0,0,0,144,0,3,70,0,28.000,0,0,0,0,0,0,0,0,0,0,0,0,0,0,0,0,1,1,1,1,1,1,0,0,0,4700,0,0,0,0,0,0,0,0,0
0.294000,0.00,0.000,0.000,0,0,0.000,0,0,18.000,39.000,55.000,0,0,0,0,0,0,0,0,0,0,0,144,0,3,70,0,28.000,0,0,0,0,0,0,0,0,0,0,0,0,0,0,0,0,1,1,1,1,1,1,0,0,0,4704,0,0,0,0,0,0,0,0,0
0.294250,0.00,0.000,0.000,0,0,0.000,0,0,18.000,39.000,55.000,0,0,0,0,0,0,0,0,0,0,0,144,0,3,70,0,28.000,0,0,0,0,0,0,0,0,0,0,0,0,0,0,0,0,1,1,1,1,1,1,0,0,0,4708,0,0,0,0,0,0,0,0,0
0.294500,0.00,0.000,0.000,0,0,0.000,0,0,18.000,39.000,55.000,0,0,0,0,0,0,0,0,0,0,0,144,0,3,70,0,28.000,0,0,0,0,0,0,0,0,0,0,0,0,0,0,0,0,1,1,1,1,1,1,0,0,0,4712,0,0,0,0,0,0,0,0,0
0.294750,0.00,0.000,0.000,0,0,0.000,0,0,18.000,39.000,55.000,0,0,0,0,0,0,0,0,0,0,0,144,0,3,70,0,28.000,0,0,0,0,0,0,0,0,0,0,0,0,0,0,0,0,1,1,1,1,1,1,0,0,0,4716,0,0,0,0,0,0,0,0,0
0.295000,0.00,0.000,0.000,0,0,0.000,0,0,18.000,39.000,55.000,0,0,0,0,0,0,0,0,0,0,0,144,0,3,70,0,28.000,0,0,0,0,0,0,0,0,0,0,0,0,0,0,0,0,1,1,1,1,1,1,0,0,0,4720,0,0,0,0,0,0,0,0,0
0.295250,0.00,0.000,0.000,0,0,0.000,0,0,18.000,39.000,55.000,0,0,0,0,0,0,0,0,0,0,0,144,0,3,70,0,28.000,0,0,0,0,0,0,0,0,0,0,0,0,0,0,0,0,1,1,1,1,1,1,0,0,0,4724,0,0,0,0,0,0,0,0,0
0.295500,0.00,0.000,0.000,0,0,0.000,0,0,18.000,39.000,55.000,0,0,0,0,0,0,0,0,0,0,0,144,0,3,70,0,28.000,0,0,0,0,0,0,0,0,0,0,0,0,0,0,0,0,1,1,1,1,1,1,0,0,0,4728,0,0,0,0,0,0,0,0,0
0.295750,0.00,0.000,0.000,0,0,0.000,0,0,18.000,39.000,55.000,0,0,0,0,0,0,0,0,0,0,0,144,0,3,70,0,28.000,0,0,0,0,0,0,0,0,0,0,0,0,0,0,0,0,1,1,1,1,1,1,0,0,0,4732,0,0,0,0,0,0,0,0,0
0.296000,0.00,0.000,0.000,0,0,0.000,0,0,18.000,39.000,55.000,0,0,0,0,0,0,0,0,0,0,0,144,0,3,70,0,28.000,0,0,0,0,0,0,0,0,0,0,0,0,0,0,0,0,1,1,1,1,1,1,0,0,0,4736,0,0,0,0,0,0,0,0,0
0.296250,0.00,0.000,0.000,0,0,0.000,0,0,18.000,39.000,55.000,0,0,0,0,0,0,0,0,0,0,0,144,0,3,70,0,28.000,0,0,0,0,0,0,0,0,0,0,0,0,0,0,0,0,1,1,1,1,1,1,0,0,0,4740,0,0,0,0,0,0,0,0,0
0.296500,0.00,0.000,0.000,0,0,0.000,0,0,18.000,39.000,55.000,0,0,0,0,0,0,0,0,0,0,0,144,0,3,70,0,28.000,0,0,0,0,0,0,0,0,0,0,0,0,0,0,0,0,1,1,1,1,1,1,0,0,0,4744,0,0,0,0,0,0,0,0,0
0.296750,0.00,0.000,0.000,0,0,0.000,0,0,18.000,39.000,55.000,0,0,0,0,0,0,0,0,0,0,0,144,0,3,70,0,28.000,0,0,0,0,0,0,0,0,0,0,0,0,0,0,0,0,1,1,1,1,1,1,0,0,0,4748,0,0,0,0,0,0,0,0,0
0.297000,0.00,0.000,0.000,0,0,0.000,0,0,18.000,39.000,55.000,0,0,0,0,0,0,0,0,0,0,0,144,0,3,70,0,28.000,0,0,0,0,0,0,0,0,0,0,0,0,0,0,0,0,1,1,1,1,1,1,0,0,0,4752,0,0,0,0,0,0,0,0,0
0.297250,0.00,0.000,0.000,0,0,0.000,0,0,18.000,39.000,55.000,0,0,0,0,0,0,0,0,0,0,0,144,0,3,70,0,28.000,0,0,0,0,0,0,0,0,0,0,0,0,0,0,0,0,1,1,1,1,1,1,0,0,0,4756,0,0,0,0,0,0,0,0,0
0.297500,0.00,0.000,0.000,0,0,0.000,0,0,18.000,39.000,55.000,0,0,0,0,0,0,0,0,0,0,0,144,0,3,70,0,28.000,0,0,0,0,0,0,0,0,0,0,0,0,0,0,0,0,1,1,1,1,1,1,0,0,0,4760,0,0,0,0,0,0,0,0,0
0.297750,0.00,0.000,0.000,0,0,0.000,0,0,18.000,39.000,55.000,0,0,0,0,0,0,0,0,0,0,0,144,0,3,70,0,28.000,0,0,0,0,0,0,0,0,0,0,0,0,0,0,0,0,1,1,1,1,1,1,0,0,0,4764,0,0,0,0,0,0,0,0,0
0.298000,0.00,0.000,0.000,0,0,0.000,0,0,18.000,39.000,55.000,0,0,0,0,0,0,0,0,0,0,0,144,0,3,70,0,28.000,0,0,0,0,0,0,0,0,0,0,0,0,0,0,0,0,1,1,1,1,1,1,0,0,0,4768,0,0,0,0,0,0,0,0,0
0.298250,0.00,0.000,0.000,0,0,0.000,0,0,18.000,39.000,55.000,0,0,0,0,0,0,0,0,0,0,0,144,0,3,70,0,28.000,0,0,0,0,0,0,0,0,0,0,0,0,0,0,0,0,1,1,1,1,1,1,0,0,0,4772,0,0,0,0,0,0,0,0,0
0.298500,0.00,0.000,0.000,0,0,0.000,0,0,18.000,39.000,55.000,0,0,0,0,0,0,0,0,0,0,0,144,0,3,70,0,28.000,0,0,0,0,0,0,0,0,0,0,0,0,0,0,0,0,1,1,1,1,1,1,0,0,0,4776,0,0,0,0,0,0,0,0,0
0.298750,0.00,0.000,0.000,0,0,0.000,0,0,18.000,39.000,55.000,0,0,0,0,0,0,0,0,0,0,0,144,0,3,70,0,28.000,0,0,0,0,0,0,0,0,0,0,0,0,0,0,0,0,1,1,1,1,1,1,0,0,0,4780,0,0,0,0,0,0,0,0,0
0.299000,0.00,0.000,0.000,0,0,0.000,0,0,18.000,39.000,55.000,0,0,0,0,0,0,0,0,0,0,0,144,0,3,70,0,28.000,0,0,0,0,0,0,0,0,0,0,0,0,0,0,0,0,1,1,1,1,1,1,0,0,0,4784,0,0,0,0,0,0,0,0,0
0.299250,0.00,0.000,0.000,0,0,0.000,0,0,18.000,39.000,55.000,0,0,0,0,0,0,0,0,0,0,0,144,0,3,70,0,28.000,0,0,0,0,0,0,0,0,0,0,0,0,0,0,0,0,1,1,1,1,1,1,0,0,0,4788,0,0,0,0,0,0,0,0,0
0.299500,0.00,0.000,0.000,0,0,0.000,0,0,18.000,39.000,55.000,0,0,0,0,0,0,0,0,0,0,0,144,0,3,70,0,28.000,0,0,0,0,0,0,0,0,0,0,0,0,0,0,0,0,1,1,1,1,1,1,0,0,0,4792,0,0,0,0,0,0,0,0,0
0.299750,0.00,0.000,0.000,0,0,0.000,0,0,18.000,39.000,55.000,0,0,0,0,0,0,0,0,0,0,0,144,0,3,70,0,28.000,0,0,0,0,0,0,0,0,0,0,0,0,0,0,0,0,1,1,1,1,1,1,0,0,0,4796,0,0,0,0,0,0,0,0,0
0.300000,0.00,0.000,0.000,0,0,0.000,0,0,18.000,39.000,55.000,0,0,0,0,0,0,0,0,0,0,0,144,0,3,70,0,28.000,0,0,0,0,0,0,0,0,0,0,0,0,0,0,0,0,1,1,1,1,1,1,0,0,0,4800,0,0,0,0,0,0,0,0,0
0.300250,0.00,0.000,0.000,0,0,0.000,0,0,18.000,39.000,55.000,0,0,0,0,0,0,0,0,0,0,0,144,0,3,70,0,28.000,0,0,0,0,0,0,0,0,0,0,0,0,0,0,0,0,1,1,1,1,1,1,0,0,0,4804,0,0,0,0,0,0,0,0,0
0.300500,0.00,0.000,0.000,0,0,0.000,0,0,18.000,39.000,55.000,0,0,0,0,0,0,0,0,0,0,0,144,0,3,70,0,28.000,0,0,0,0,0,0,0,0,0,0,0,0,0,0,0,0,1,1,1,1,1,1,0,0,0,4808,0,0,0,0,0,0,0,0,0
0.300750,0.00,0.000,0.000,0,0,0.000,0,0,18.000,39.000,55.000,0,0,0,0,0,0,0,0,0,0,0,144,0,3,70,0,28.000,0,0,0,0,0,0,0,0,0,0,0,0,0,0,0,0,1,1,1,1,1,1,0,0,0,4812,0,0,0,0,0,0,0,0,0
0.301000,0.00,0.000,0.000,0,0,0.000,0,0,18.000,39.000,55.000,0,0,0,0,0,0,0,0,0,0,0,144,0,3,70,0,28.000,0,0,0,0,0,0,0,0,0,0,0,0,0,0,0,0,1,1,1,1,1,1,0,0,0,4816,0,0,0,0,0,0,0,0,0
0.301250,0.00,0.000,0.000,0,0,0.000,0,0,18.000,39.000,55.000,0,0,0,0,0,0,0,0,0,0,0,144,0,3,70,0,28.000,0,0,0,0,0,0,0,0,0,0,0,0,0,0,0,0,1,1,1,1,1,1,0,0,0,4820,0,0,0,0,0,0,0,0,0
0.301500,0.00,0.000,0.000,0,0,0.000,0,0,18.000,39.000,55.000,0,0,0,0,0,0,0,0,0,0,0,144,0,3,70,0,28.000,0,0,0,0,0,0,0,0,0,0,0,0,0,0,0,0,1,1,1,1,1,1,0,0,0,4824,0,0,0,0,0,0,0,0,0
0.301750,0.00,0.000,0.000,0,0,0.000,0,0,18.000,39.000,55.000,0,0,0,0,0,0,0,0,0,0,0,144,0,3,70,0,28.000,0,0,0,0,0,0,0,0,0,0,0,0,0,0,0,0,1,1,1,1,1,1,0,0,0,4828,0,0,0,0,0,0,0,0,0
0.302000,0.00,0.000,0.000,0,0,0.000,0,0,18.000,39.000,55.000,0,0,0,0,0,0,0,0,0,0,0,144,0,3,70,0,28.000,0,0,0,0,0,0,0,0,0,0,0,0,0,0,0,0,1,1,1,1,1,1,0,0,0,4832,0,0,0,0,0,0,0,0,0
0.302250,0.00,0.000,0.000,0,0,0.000,0,0,18.000,39.000,55.000,0,0,0,0,0,0,0,0,0,0,0,144,0,3,70,0,28.000,0,0,0,0,0,0,0,0,0,0,0,0,0,0,0,0,1,1,1,1,1,1,0,0,0,4836,0,0,0,0,0,0,0,0,0
0.302500,0.00,0.000,0.000,0,0,0.000,0,0,18.000,39.000,55.000,0,0,0,0,0,0,0,0,0,0,0,144,0,3,70,0,28.000,0,0,0,0,0,0,0,0,0,0,0,0,0,0,0,0,1,1,1,1,1,1,0,0,0,4840,0,0,0,0,0,0,0,0,0
0.302750,0.00,0.000,0.000,0,0,0.000,0,0,18.000,39.000,55.000,0,0,0,0,0,0,0,0,0,0,0,144,0,3,70,0,28.000,0,0,0,0,0,0,0,0,0,0,0,0,0,0,0,0,1,1,1,1,1,1,0,0,0,4844,0,0,0,0,0,0,0,0,0
0.303000,0.00,0.000,0.000,0,0,0.000,0,0,18.000,39.000,55.000,0,0,0,0,0,0,0,0,0,0,0,144,0,3,70,0,28.000,0,0,0,0,0,0,0,0,0,0,0,0,0,0,0,0,1,1,1,1,1,1,0,0,0,4848,0,0,0,0,0,0,0,0,0
0.303250,0.00,0.000,0.000,0,0,0.000,0,0,18.000,39.000,55.000,0,0,0,0,0,0,0,0,0,0,0,144,0,3,70,0,28.000,0,0,0,0,0,0,0,0,0,0,0,0,0,0,0,0,1,1,1,1,1,1,0,0,0,4852,0,0,0,0,0,0,0,0,0
0.303500,0.00,0.000,0.000,0,0,0.000,0,0,18.000,39.000,55.000,0,0,0,0,0,0,0,0,0,0,0,144,0,3,70,0,28.000,0,0,0,0,0,0,0,0,0,0,0,0,0,0,0,0,1,1,1,1,1,1,0,0,0,4856,0,0,0,0,0,0,0,0,0
0.303750,0.00,0.000,0.000,0,0,0.000,0,0,18.000,39.000,55.000,0,0,0,0,0,0,0,0,0,0,0,144,0,3,70,0,28.000,0,0,0,0,0,0,0,0,0,0,0,0,0,0,0,0,1,1,1,1,1,1,0,0,0,4860,0,0,0,0,0,0,0,0,0
0.304000,0.00,0.000,0.000,0,0,0.000,0,0,18.000,39.000,55.000,0,0,0,0,0,0,0,0,0,0,0,144,0,3,70,0,28.000,0,0,0,0,0,0,0,0,0,0,0,0,0,0,0,0,1,1,1,1,1,1,0,0,0,4864,0,0,0,0,0,0,0,0,0
0.304250,0.00,0.000,0.000,0,0,0.000,0,0,18.000,39.000,55.000,0,0,0,0,0,0,0,0,0,0,0,144,0,3,70,0,28.000,0,0,0,0,0,0,0,0,0,0,0,0,0,0,0,0,1,1,1,1,1,1,0,0,0,4868,0,0,0,0,0,0,0,0,0
0.304500,0.00,0.000,0.000,0,0,0.000,0,0,18.000,39.000,55.000,0,0,0,0,0,0,0,0,0,0,0,144,0,3,70,0,28.000,0,0,0,0,0,0,0,0,0,0,0,0,0,0,0,0,1,1,1,1,1,1,0,0,0,4872,0,0,0,0,0,0,0,0,0
0.304750,0.00,0.000,0.000,0,0,0.000,0,0,18.000,39.000,55.000,0,0,0,0,0,0,0,0,0,0,0,144,0,3,70,0,28.000,0,0,0,0,0,0,0,0,0,0,0,0,0,0,0,0,1,1,1,1,1,1,0,0,0,4876,0,0,0,0,0,0,0,0,0
0.305000,0.00,0.000,0.000,0,0,0.000,0,0,18.000,39.000,55.000,0,0,0,0,0,0,0,0,0,0,0,144,0,3,70,0,28.000,0,0,0,0,0,0,0,0,0,0,0,0,0,0,0,0,1,1,1,1,1,1,0,0,0,4880,0,0,0,0,0,0,0,0,0
0.305250,0.00,0.000,0.000,0,0,0.000,0,0,18.000,39.000,55.000,0,0,0,0,0,0,0,0,0,0,0,144,0,3,70,0,28.000,0,0,0,0,0,0,0,0,0,0,0,0,0,0,0,0,1,1,1,1,1,1,0,0,0,4884,0,0,0,0,0,0,0,0,0
0.305500,0.00,0.000,0.000,0,0,0.000,0,0,18.000,39.000,55.000,0,0,0,0,0,0,0,0,0,0,0,144,0,3,70,0,28.000,0,0,0,0,0,0,0,0,0,0,0,0,0,0,0,0,1,1,1,1,1,1,0,0,0,4888,0,0,0,0,0,0,0,0,0
0.305750,0.00,0.000,0.000,0,0,0.000,0,0,18.000,39.000,55.000,0,0,0,0,0,0,0,0,0,0,0,144,0,3,70,0,28.000,0,0,0,0,0,0,0,0,0,0,0,0,0,0,0,0,1,1,1,1,1,1,0,0,0,4892,0,0,0,0,0,0,0,0,0
0.306000,0.00,0.000,0.000,0,0,0.000,0,0,18.000,39.000,55.000,0,0,0,0,0,0,0,0,0,0,0,144,0,3,70,0,28.000,0,0,0,0,0,0,0,0,0,0,0,0,0,0,0,0,1,1,1,1,1,1,0,0,0,4896,0,0,0,0,0,0,0,0,0
0.306250,0.00,0.000,0.000,0,0,0.000,0,0,18.000,39.000,55.000,0,0,0,0,0,0,0,0,0,0,0,144,0,3,70,0,28.000,0,0,0,0,0,0,0,0,0,0,0,0,0,0,0,0,1,1,1,1,1,1,0,0,0,4900,0,0,0,0,0,0,0,0,0
0.306500,0.00,0.000,0.000,0,0,0.000,0,0,18.000,39.000,55.000,0,0,0,0,0,0,0,0,0,0,0,144,0,3,70,0,28.000,0,0,0,0,0,0,0,0,0,0,0,0,0,0,0,0,1,1,1,1,1,1,0,0,0,4904,0,0,0,0,0,0,0,0,0
0.306750,0.00,0.000,0.000,0,0,0.000,0,0,18.000,39.000,55.000,0,0,0,0,0,0,0,0,0,0,0,144,0,3,70,0,28.000,0,0,0,0,0,0,0,0,0,0,0,0,0,0,0,0,1,1,1,1,1,1,0,0,0,4908,0,0,0,0,0,0,0,0,0
0.307000,0.00,0.000,0.000,0,0,0.000,0,0,18.000,39.000,55.000,0,0,0,0,0,0,0,0,0,0,0,144,0,3,70,0,28.000,0,0,0,0,0,0,0,0,0,0,0,0,0,0,0,0,1,1,1,1,1,1,0,0,0,4912,0,0,0,0,0,0,0,0,0
0.307250,0.00,0.000,0.000,0,0,0.000,0,0,18.000,39.000,55.000,0,0,0,0,0,0,0,0,0,0,0,144,0,3,70,0,28.000,0,0,0,0,0,0,0,0,0,0,0,0,0,0,0,0,1,1,1,1,1,1,0,0,0,4916,0,0,0,0,0,0,0,0,0
0.307500,0.00,0.000,0.000,0,0,0.000,0,0,18.000,39.000,55.000,0,0,0,0,0,0,0,0,0,0,0,144,0,3,70,0,28.000,0,0,0,0,0,0,0,0,0,0,0,0,0,0,0,0,1,1,1,1,1,1,0,0,0,4920,0,0,0,0,0,0,0,0,0
0.307750,0.00,0.000,0.000,0,0,0.000,0,0,18.000,39.000,55.000,0,0,0,0,0,0,0,0,0,0,0,144,0,3,70,0,28.000,0,0,0,0,0,0,0,0,0,0,0,0,0,0,0,0,1,1,1,1,1,1,0,0,0,4924,0,0,0,0,0,0,0,0,0
0.308000,0.00,0.000,0.000,0,0,0.000,0,0,18.000,39.000,55.000,0,0,0,0,0,0,0,0,0,0,0,144,0,3,70,0,28.000,0,0,0,0,0,0,0,0,0,0,0,0,0,0,0,0,1,1,1,1,1,1,0,0,0,4928,0,0,0,0,0,0,0,0,0
0.308250,0.00,0.000,0.000,0,0,0.000,0,0,18.000,39.000,55.000,0,0,0,0,0,0,0,0,0,0,0,144,0,3,70,0,28.000,0,0,0,0,0,0,0,0,0,0,0,0,0,0,0,0,1,1,1,1,1,1,0,0,0,4932,0,0,0,0,0,0,0,0,0
0.308500,0.00,0.000,0.000,0,0,0.000,0,0,18.000,39.000,55.000,0,0,0,0,0,0,0,0,0,0,0,144,0,3,70,0,28.000,0,0,0,0,0,0,0,0,0,0,0,0,0,0,0,0,1,1,1,1,1,1,0,0,0,4936,0,0,0,0,0,0,0,0,0
0.308750,0.00,0.000,0.000,0,0,0.000,0,0,18.000,39.000,55.000,0,0,0,0,0,0,0,0,0,0,0,144,0,3,70,0,28.000,0,0,0,0,0,0,0,0,0,0,0,0,0,0,0,0,1,1,1,1,1,1,0,0,0,4940,0,0,0,0,0,0,0,0,0
0.309000,0.00,0.000,0.000,0,0,0.000,0,0,18.000,39.000,55.000,0,0,0,0,0,0,0,0,0,0,0,144,0,3,70,0,28.000,0,0,0,0,0,0,0,0,0,0,0,0,0,0,0,0,1,1,1,1,1,1,0,0,0,4944,0,0,0,0,0,0,0,0,0
0.309250,0.00,0.000,0.000,0,0,0.000,0,0,18.000,39.000,55.000,0,0,0,0,0,0,0,0,0,0,0,144,0,3,70,0,28.000,0,0,0,0,0,0,0,0,0,0,0,0,0,0,0,0,1,1,1,1,1,1,0,0,0,4948,0,0,0,0,0,0,0,0,0
0.309500,0.00,0.000,0.000,0,0,0.000,0,0,18.000,39.000,55.000,0,0,0,0,0,0,0,0,0,0,0,144,0,3,70,0,28.000,0,0,0,0,0,0,0,0,0,0,0,0,0,0,0,0,1,1,1,1,1,1,0,0,0,4952,0,0,0,0,0,0,0,0,0
0.309750,0.00,0.000,0.000,0,0,0.000,0,0,18.000,39.000,55.000,0,0,0,0,0,0,0,0,0,0,0,144,0,3,70,0,28.000,0,0,0,0,0,0,0,0,0,0,0,0,0,0,0,0,1,1,1,1,1,1,0,0,0,4956,0,0,0,0,0,0,0,0,0
0.310000,0.00,0.000,0.000,0,0,0.000,0,0,18.000,39.000,55.000,0,0,0,0,0,0,0,0,0,0,0,144,0,3,70,0,28.000,0,0,0,0,0,0,0,0,0,0,0,0,0,0,0,0,1,1,1,1,1,1,0,0,0,4960,0,0,0,0,0,0,0,0,0
0.310250,0.00,0.000,0.000,0,0,0.000,0,0,18.000,39.000,55.000,0,0,0,0,0,0,0,0,0,0,0,144,0,3,70,0,28.000,0,0,0,0,0,0,0,0,0,0,0,0,0,0,0,0,1,1,1,1,1,1,0,0,0,4964,0,0,0,0,0,0,0,0,0
0.310500,0.00,0.000,0.000,0,0,0.000,0,0,18.000,39.000,55.000,0,0,0,0,0,0,0,0,0,0,0,144,0,3,70,0,28.000,0,0,0,0,0,0,0,0,0,0,0,0,0,0,0,0,1,1,1,1,1,1,0,0,0,4968,0,0,0,0,0,0,0,0,0
0.310750,0.00,0.000,0.000,0,0,0.000,0,0,18.000,39.000,55.000,0,0,0,0,0,0,0,0,0,0,0,144,0,3,70,0,28.000,0,0,0,0,0,0,0,0,0,0,0,0,0,0,0,0,1,1,1,1,1,1,0,0,0,4972,0,0,0,0,0,0,0,0,0
0.311000,0.00,0.000,0.000,0,0,0.000,0,0,18.000,39.000,55.000,0,0,0,0,0,0,0,0,0,0,0,144,0,3,70,0,28.000,0,0,0,0,0,0,0,0,0,0,0,0,0,0,0,0,1,1,1,1,1,1,0,0,0,4976,0,0,0,0,0,0,0,0,0
0.311250,0.00,0.000,0.000,0,0,0.000,0,0,18.000,39.000,55.000,0,0,0,0,0,0,0,0,0,0,0,144,0,3,70,0,28.000,0,0,0,0,0,0,0,0,0,0,0,0,0,0,0,0,1,1,1,1,1,1,0,0,0,4980,0,0,0,0,0,0,0,0,0
0.311500,0.00,0.000,0.000,0,0,0.000,0,0,18.000,39.000,55.000,0,0,0,0,0,0,0,0,0,0,0,144,0,3,70,0,28.000,0,0,0,0,0,0,0,0,0,0,0,0,0,0,0,0,1,1,1,1,1,1,0,0,0,4984,0,0,0,0,0,0,0,0,0
0.311750,0.00,0.000,0.000,0,0,0.000,0,0,18.000,39.000,55.000,0,0,0,0,0,0,0,0,0,0,0,144,0,3,70,0,28.000,0,0,0,0,0,0,0,0,0,0,0,0,0,0,0,0,1,1,1,1,1,1,0,0,0,4988,0,0,0,0,0,0,0,0,0
0.312000,0.00,0.000,0.000,0,0,0.000,0,0,18.000,39.000,55.000,0,0,0,0,0,0,0,0,0,0,0,144,0,3,70,0,28.000,0,0,0,0,0,0,0,0,0,0,0,0,0,0,0,0,1,1,1,1,1,1,0,0,0,4992,0,0,0,0,0,0,0,0,0
0.312250,0.00,0.000,0.000,0,0,0.000,0,0,18.000,39.000,55.000,0,0,0,0,0,0,0,0,0,0,0,144,0,3,70,0,28.000,0,0,0,0,0,0,0,0,0,0,0,0,0,0,0,0,1,1,1,1,1,1,0,0,0,4996,0,0,0,0,0,0,0,0,0
0.312500,0.00,0.000,0.000,0,0,0.000,0,0,18.000,39.000,55.000,0,0,0,0,0,0,0,0,0,0,0,144,0,3,70,0,28.000,0,0,0,0,0,0,0,0,0,0,0,0,0,0,0,0,1,1,1,1,1,1,0,0,0,5000,0,0,0,0,0,0,0,0,0
0.312750,0.00,0.000,0.000,0,0,0.000,0,0,18.000,39.000,55.000,0,0,0,0,0,0,0,0,0,0,0,144,0,3,70,0,28.000,0,0,0,0,0,0,0,0,0,0,0,0,0,0,0,0,1,1,1,1,1,1,0,0,0,5004,0,0,0,0,0,0,0,0,0
0.313000,0.00,0.000,0.000,0,0,0.000,0,0,18.000,39.000,55.000,0,0,0,0,0,0,0,0,0,0,0,144,0,3,70,0,28.000,0,0,0,0,0,0,0,0,0,0,0,0,0,0,0,0,1,1,1,1,1,1,0,0,0,5008,0,0,0,0,0,0,0,0,0
0.313250,0.00,0.000,0.000,0,0,0.000,0,0,18.000,39.000,55.000,0,0,0,0,0,0,0,0,0,0,0,144,0,3,70,0,28.000,0,0,0,0,0,0,0,0,0,0,0,0,0,0,0,0,1,1,1,1,1,1,0,0,0,5012,0,0,0,0,0,0,0,0,0
0.313500,0.00,0.000,0.000,0,0,0.000,0,0,18.000,39.000,55.000,0,0,0,0,0,0,0,0,0,0,0,144,0,3,70,0,28.000,0,0,0,0,0,0,0,0,0,0,0,0,0,0,0,0,1,1,1,1,1,1,0,0,0,5016,0,0,0,0,0,0,0,0,0
0.313750,0.00,0.000,0.000,0,0,0.000,0,0,18.000,39.000,55.000,0,0,0,0,0,0,0,0,0,0,0,144,0,3,70,0,28.000,0,0,0,0,0,0,0,0,0,0,0,0,0,0,0,0,1,1,1,1,1,1,0,0,0,5020,0,0,0,0,0,0,0,0,0
0.314000,0.00,0.000,0.000,0,0,0.000,0,0,18.000,39.000,55.000,0,0,0,0,0,0,0,0,0,0,0,144,0,3,70,0,28.000,0,0,0,0,0,0,0,0,0,0,0,0,0,0,0,0,1,1,1,1,1,1,0,0,0,5024,0,0,0,0,0,0,0,0,0
0.314250,0.00,0.000,0.000,0,0,0.000,0,0,18.000,39.000,55.000,0,0,0,0,0,0,0,0,0,0,0,144,0,3,70,0,28.000,0,0,0,0,0,0,0,0,0,0,0,0,0,0,0,0,1,1,1,1,1,1,0,0,0,5028,0,0,0,0,0,0,0,0,0
0.314500,0.00,0.000,0.000,0,0,0.000,0,0,18.000,39.000,55.000,0,0,0,0,0,0,0,0,0,0,0,144,0,3,70,0,28.000,0,0,0,0,0,0,0,0,0,0,0,0,0,0,0,0,1,1,1,1,1,1,0,0,0,5032,0,0,0,0,0,0,0,0,0
0.314750,0.00,0.000,0.000,0,0,0.000,0,0,18.000,39.000,55.000,0,0,0,0,0,0,0,0,0,0,0,144,0,3,70,0,28.000,0,0,0,0,0,0,0,0,0,0,0,0,0,0,0,0,1,1,1,1,1,1,0,0,0,5036,0,0,0,0,0,0,0,0,0
0.315000,0.00,0.000,0.000,0,0,0.000,0,0,18.000,39.000,55.000,0,0,0,0,0,0,0,0,0,0,0,144,0,3,70,0,28.000,0,0,0,0,0,0,0,0,0,0,0,0,0,0,0,0,1,1,1,1,1,1,0,0,0,5040,0,0,0,0,0,0,0,0,0
0.315250,0.00,0.000,0.000,0,0,0.000,0,0,18.000,39.000,55.000,0,0,0,0,0,0,0,0,0,0,0,144,0,3,70,0,28.000,0,0,0,0,0,0,0,0,0,0,0,0,0,0,0,0,1,1,1,1,1,1,0,0,0,5044,0,0,0,0,0,0,0,0,0
0.315500,0.00,0.000,0.000,0,0,0.000,0,0,18.000,39.000,55.000,0,0,0,0,0,0,0,0,0,0,0,144,0,3,70,0,28.000,0,0,0,0,0,0,0,0,0,0,0,0,0,0,0,0,1,1,1,1,1,1,0,0,0,5048,0,0,0,0,0,0,0,0,0
0.315750,0.00,0.000,0.000,0,0,0.000,0,0,18.000,39.000,55.000,0,0,0,0,0,0,0,0,0,0,0,144,0,3,70,0,28.000,0,0,0,0,0,0,0,0,0,0,0,0,0,0,0,0,1,1,1,1,1,1,0,0,0,5052,0,0,0,0,0,0,0,0,0
0.316000,0.00,0.000,0.000,0,0,0.000,0,0,18.000,39.000,55.000,0,0,0,0,0,0,0,0,0,0,0,144,0,3,70,0,28.000,0,0,0,0,0,0,0,0,0,0,0,0,0,0,0,0,1,1,1,1,1,1,0,0,0,5056,0,0,0,0,0,0,0,0,0
0.316250,0.00,0.000,0.000,0,0,0.000,0,0,18.000,39.000,55.000,0,0,0,0,0,0,0,0,0,0,0,144,0,3,70,0,28.000,0,0,0,0,0,0,0,0,0,0,0,0,0,0,0,0,1,1,1,1,1,1,0,0,0,5060,0,0,0,0,0,0,0,0,0
0.316500,0.00,0.000,0.000,0,0,0.000,0,0,18.000,39.000,55.000,0,0,0,0,0,0,0,0,0,0,0,144,0,3,70,0,28.000,0,0,0,0,0,0,0,0,0,0,0,0,0,0,0,0,1,1,1,1,1,1,0,0,0,5064,0,0,0,0,0,0,0,0,0
0.316750,0.00,0.000,0.000,0,0,0.000,0,0,18.000,39.000,55.000,0,0,0,0,0,0,0,0,0,0,0,144,0,3,70,0,28.000,0,0,0,0,0,0,0,0,0,0,0,0,0,0,0,0,1,1,1,1,1,1,0,0,0,5068,0,0,0,0,0,0,0,0,0
0.317000,0.00,0.000,0.000,0,0,0.000,0,0,18.000,39.000,55.000,0,0,0,0,0,0,0,0,0,0,0,144,0,3,70,0,28.000,0,0,0,0,0,0,0,0,0,0,0,0,0,0,0,0,1,1,1,1,1,1,0,0,0,5072,0,0,0,0,0,0,0,0,0
0.317250,0.00,0.000,0.000,0,0,0.000,0,0,18.000,39.000,55.000,0,0,0,0,0,0,0,0,0,0,0,144,0,3,70,0,28.000,0,0,0,0,0,0,0,0,0,0,0,0,0,0,0,0,1,1,1,1,1,1,0,0,0,5076,0,0,0,0,0,0,0,0,0
0.317500,0.00,0.000,0.000,0,0,0.000,0,0,18.000,39.000,55.000,0,0,0,0,0,0,0,0,0,0,0,144,0,3,70,0,28.000,0,0,0,0,0,0,0,0,0,0,0,0,0,0,0,0,1,1,1,1,1,1,0,0,0,5080,0,0,0,0,0,0,0,0,0
0.317750,0.00,0.000,0.000,0,0,0.000,0,0,18.000,39.000,55.000,0,0,0,0,0,0,0,0,0,0,0,144,0,3,70,0,28.000,0,0,0,0,0,0,0,0,0,0,0,0,0,0,0,0,1,1,1,1,1,1,0,0,0,5084,0,0,0,0,0,0,0,0,0
0.318000,0.00,0.000,0.000,0,0,0.000,0,0,18.000,39.000,55.000,0,0,0,0,0,0,0,0,0,0,0,144,0,3,70,0,28.000,0,0,0,0,0,0,0,0,0,0,0,0,0,0,0,0,1,1,1,1,1,1,0,0,0,5088,0,0,0,0,0,0,0,0,0
0.318250,0.00,0.000,0.000,0,0,0.000,0,0,18.000,39.000,55.000,0,0,0,0,0,0,0,0,0,0,0,144,0,3,70,0,28.000,0,0,0,0,0,0,0,0,0,0,0,0,0,0,0,0,1,1,1,1,1,1,0,0,0,5092,0,0,0,0,0,0,0,0,0
0.318500,0.00,0.000,0.000,0,0,0.000,0,0,18.000,39.000,55.000,0,0,0,0,0,0,0,0,0,0,0,144,0,3,70,0,28.000,0,0,0,0,0,0,0,0,0,0,0,0,0,0,0,0,1,1,1,1,1,1,0,0,0,5096,0,0,0,0,0,0,0,0,0
0.318750,0.00,0.000,0.000,0,0,0.000,0,0,18.000,39.000,55.000,0,0,0,0,0,0,0,0,0,0,0,144,0,3,70,0,28.000,0,0,0,0,0,0,0,0,0,0,0,0,0,0,0,0,1,1,1,1,1,1,0,0,0,5100,0,0,0,0,0,0,0,0,0
0.319000,0.00,0.000,0.000,0,0,0.000,0,0,18.000,39.000,55.000,0,0,0,0,0,0,0,0,0,0,0,144,0,3,70,0,28.000,0,0,0,0,0,0,0,0,0,0,0,0,0,0,0,0,1,1,1,1,1,1,0,0,0,5104,0,0,0,0,0,0,0,0,0
0.319250,0.00,0.000,0.000,0,0,0.000,0,0,18.000,39.000,55.000,0,0,0,0,0,0,0,0,0,0,0,144,0,3,70,0,28.000,0,0,0,0,0,0,0,0,0,0,0,0,0,0,0,0,1,1,1,1,1,1,0,0,0,5108,0,0,0,0,0,0,0,0,0
0.319500,0.00,0.000,0.000,0,0,0.000,0,0,18.000,39.000,55.000,0,0,0,0,0,0,0,0,0,0,0,144,0,3,70,0,28.000,0,0,0,0,0,0,0,0,0,0,0,0,0,0,0,0,1,1,1,1,1,1,0,0,0,5112,0,0,0,0,0,0,0,0,0
0.319750,0.00,0.000,0.000,0,0,0.000,0,0,18.000,39.000,55.000,0,0,0,0,0,0,0,0,0,0,0,144,0,3,70,0,28.000,0,0,0,0,0,0,0,0,0,0,0,0,0,0,0,0,1,1,1,1,1,1,0,0,0,5116,0,0,0,0,0,0,0,0,0
0.320000,0.00,0.000,0.000,0,0,0.000,0,0,18.000,39.000,55.000,0,0,0,0,0,0,0,0,0,0,0,144,0,3,70,0,28.000,0,0,0,0,0,0,0,0,0,0,0,0,0,0,0,0,1,1,1,1,1,1,0,0,0,5120,0,0,0,0,0,0,0,0,0
0.320250,0.00,0.000,0.000,0,0,0.000,0,0,18.000,39.000,55.000,0,0,0,0,0,0,0,0,0,0,0,144,0,3,70,0,28.000,0,0,0,0,0,0,0,0,0,0,0,0,0,0,0,0,1,1,1,1,1,1,0,0,0,5124,0,0,0,0,0,0,0,0,0
0.320500,0.00,0.000,0.000,0,0,0.000,0,0,18.000,39.000,55.000,0,0,0,0,0,0,0,0,0,0,0,144,0,3,70,0,28.000,0,0,0,0,0,0,0,0,0,0,0,0,0,0,0,0,1,1,1,1,1,1,0,0,0,5128,0,0,0,0,0,0,0,0,0
0.320750,0.00,0.000,0.000,0,0,0.000,0,0,18.000,39.000,55.000,0,0,0,0,0,0,0,0,0,0,0,144,0,3,70,0,28.000,0,0,0,0,0,0,0,0,0,0,0,0,0,0,0,0,1,1,1,1,1,1,0,0,0,5132,0,0,0,0,0,0,0,0,0
0.321000,0.00,0.000,0.000,0,0,0.000,0,0,18.000,39.000,55.000,0,0,0,0,0,0,0,0,0,0,0,144,0,3,70,0,28.000,0,0,0,0,0,0,0,0,0,0,0,0,0,0,0,0,1,1,1,1,1,1,0,0,0,5136,0,0,0,0,0,0,0,0,0
0.321250,0.00,0.000,0.000,0,0,0.000,0,0,18.000,39.000,55.000,0,0,0,0,0,0,0,0,0,0,0,144,0,3,70,0,28.000,0,0,0,0,0,0,0,0,0,0,0,0,0,0,0,0,1,1,1,1,1,1,0,0,0,5140,0,0,0,0,0,0,0,0,0
0.321500,0.00,0.000,0.000,0,0,0.000,0,0,18.000,39.000,55.000,0,0,0,0,0,0,0,0,0,0,0,144,0,3,70,0,28.000,0,0,0,0,0,0,0,0,0,0,0,0,0,0,0,0,1,1,1,1,1,1,0,0,0,5144,0,0,0,0,0,0,0,0,0
0.321750,0.00,0.000,0.000,0,0,0.000,0,0,18.000,39.000,55.000,0,0,0,0,0,0,0,0,0,0,0,144,0,3,70,0,28.000,0,0,0,0,0,0,0,0,0,0,0,0,0,0,0,0,1,1,1,1,1,1,0,0,0,5148,0,0,0,0,0,0,0,0,0
0.322000,0.00,0.000,0.000,0,0,0.000,0,0,18.000,39.000,55.000,0,0,0,0,0,0,0,0,0,0,0,144,0,3,70,0,28.000,0,0,0,0,0,0,0,0,0,0,0,0,0,0,0,0,1,1,1,1,1,1,0,0,0,5152,0,0,0,0,0,0,0,0,0
0.322250,0.00,0.000,0.000,0,0,0.000,0,0,18.000,39.000,55.000,0,0,0,0,0,0,0,0,0,0,0,144,0,3,70,0,28.000,0,0,0,0,0,0,0,0,0,0,0,0,0,0,0,0,1,1,1,1,1,1,0,0,0,5156,0,0,0,0,0,0,0,0,0
0.322500,0.00,0.000,0.000,0,0,0.000,0,0,18.000,39.000,55.000,0,0,0,0,0,0,0,0,0,0,0,144,0,3,70,0,28.000,0,0,0,0,0,0,0,0,0,0,0,0,0,0,0,0,1,1,1,1,1,1,0,0,0,5160,0,0,0,0,0,0,0,0,0
0.322750,0.00,0.000,0.000,0,0,0.000,0,0,18.000,39.000,55.000,0,0,0,0,0,0,0,0,0,0,0,144,0,3,70,0,28.000,0,0,0,0,0,0,0,0,0,0,0,0,0,0,0,0,1,1,1,1,1,1,0,0,0,5164,0,0,0,0,0,0,0,0,0
0.323000,0.00,0.000,0.000,0,0,0.000,0,0,18.000,39.000,55.000,0,0,0,0,0,0,0,0,0,0,0,144,0,3,70,0,28.000,0,0,0,0,0,0,0,0,0,0,0,0,0,0,0,0,1,1,1,1,1,1,0,0,0,5168,0,0,0,0,0,0,0,0,0
0.323250,0.00,0.000,0.000,0,0,0.000,0,0,18.000,39.000,55.000,0,0,0,0,0,0,0,0,0,0,0,144,0,3,70,0,28.000,0,0,0,0,0,0,0,0,0,0,0,0,0,0,0,0,1,1,1,1,1,1,0,0,0,5172,0,0,0,0,0,0,0,0,0
0.323500,0.00,0.000,0.000,0,0,0.000,0,0,18.000,39.000,55.000,0,0,0,0,0,0,0,0,0,0,0,144,0,3,70,0,28.000,0,0,0,0,0,0,0,0,0,0,0,0,0,0,0,0,1,1,1,1,1,1,0,0,0,5176,0,0,0,0,0,0,0,0,0
0.323750,0.00,0.000,0.000,0,0,0.000,0,0,18.000,39.000,55.000,0,0,0,0,0,0,0,0,0,0,0,144,0,3,70,0,28.000,0,0,0,0,0,0,0,0,0,0,0,0,0,0,0,0,1,1,1,1,1,1,0,0,0,5180,0,0,0,0,0,0,0,0,0
0.324000,0.00,0.000,0.000,0,0,0.000,0,0,18.000,39.000,55.000,0,0,0,0,0,0,0,0,0,0,0,144,0,3,70,0,28.000,0,0,0,0,0,0,0,0,0,0,0,0,0,0,0,0,1,1,1,1,1,1,0,0,0,5184,0,0,0,0,0,0,0,0,0
0.324250,0.00,0.000,0.000,0,0,0.000,0,0,18.000,39.000,55.000,0,0,0,0,0,0,0,0,0,0,0,144,0,3,70,0,28.000,0,0,0,0,0,0,0,0,0,0,0,0,0,0,0,0,1,1,1,1,1,1,0,0,0,5188,0,0,0,0,0,0,0,0,0
0.324500,0.00,0.000,0.000,0,0,0.000,0,0,18.000,39.000,55.000,0,0,0,0,0,0,0,0,0,0,0,144,0,3,70,0,28.000,0,0,0,0,0,0,0,0,0,0,0,0,0,0,0,0,1,1,1,1,1,1,0,0,0,5192,0,0,0,0,0,0,0,0,0
0.324750,0.00,0.000,0.000,0,0,0.000,0,0,18.000,39.000,55.000,0,0,0,0,0,0,0,0,0,0,0,144,0,3,70,0,28.000,0,0,0,0,0,0,0,0,0,0,0,0,0,0,0,0,1,1,1,1,1,1,0,0,0,5196,0,0,0,0,0,0,0,0,0
0.325000,0.00,0.000,0.000,0,0,0.000,0,0,18.000,39.000,55.000,0,0,0,0,0,0,0,0,0,0,0,144,0,3,70,0,28.000,0,0,0,0,0,0,0,0,0,0,0,0,0,0,0,0,1,1,1,1,1,1,0,0,0,5200,0,0,0,0,0,0,0,0,0
0.325250,0.00,0.000,0.000,0,0,0.000,0,0,18.000,39.000,55.000,0,0,0,0,0,0,0,0,0,0,0,144,0,3,70,0,28.000,0,0,0,0,0,0,0,0,0,0,0,0,0,0,0,0,1,1,1,1,1,1,0,0,0,5204,0,0,0,0,0,0,0,0,0
0.325500,0.00,0.000,0.000,0,0,0.000,0,0,18.000,39.000,55.000,0,0,0,0,0,0,0,0,0,0,0,144,0,3,70,0,28.000,0,0,0,0,0,0,0,0,0,0,0,0,0,0,0,0,1,1,1,1,1,1,0,0,0,5208,0,0,0,0,0,0,0,0,0
0.325750,0.00,0.000,0.000,0,0,0.000,0,0,18.000,39.000,55.000,0,0,0,0,0,0,0,0,0,0,0,144,0,3,70,0,28.000,0,0,0,0,0,0,0,0,0,0,0,0,0,0,0,0,1,1,1,1,1,1,0,0,0,5212,0,0,0,0,0,0,0,0,0
0.326000,0.00,0.000,0.000,0,0,0.000,0,0,18.000,39.000,55.000,0,0,0,0,0,0,0,0,0,0,0,144,0,3,70,0,28.000,0,0,0,0,0,0,0,0,0,0,0,0,0,0,0,0,1,1,1,1,1,1,0,0,0,5216,0,0,0,0,0,0,0,0,0
0.326250,0.00,0.000,0.000,0,0,0.000,0,0,18.000,39.000,55.000,0,0,0,0,0,0,0,0,0,0,0,144,0,3,70,0,28.000,0,0,0,0,0,0,0,0,0,0,0,0,0,0,0,0,1,1,1,1,1,1,0,0,0,5220,0,0,0,0,0,0,0,0,0
0.326500,0.00,0.000,0.000,0,0,0.000,0,0,18.000,39.000,55.000,0,0,0,0,0,0,0,0,0,0,0,144,0,3,70,0,28.000,0,0,0,0,0,0,0,0,0,0,0,0,0,0,0,0,1,1,1,1,1,1,0,0,0,5224,0,0,0,0,0,0,0,0,0
0.326750,0.00,0.000,0.000,0,0,0.000,0,0,18.000,39.000,55.000,0,0,0,0,0,0,0,0,0,0,0,144,0,3,70,0,28.000,0,0,0,0,0,0,0,0,0,0,0,0,0,0,0,0,1,1,1,1,1,1,0,0,0,5228,0,0,0,0,0,0,0,0,0
0.327000,0.00,0.000,0.000,0,0,0.000,0,0,18.000,39.000,55.000,0,0,0,0,0,0,0,0,0,0,0,144,0,3,70,0,28.000,0,0,0,0,0,0,0,0,0,0,0,0,0,0,0,0,1,1,1,1,1,1,0,0,0,5232,0,0,0,0,0,0,0,0,0
0.327250,0.00,0.000,0.000,0,0,0.000,0,0,18.000,39.000,55.000,0,0,0,0,0,0,0,0,0,0,0,144,0,3,70,0,28.000,0,0,0,0,0,0,0,0,0,0,0,0,0,0,0,0,1,1,1,1,1,1,0,0,0,5236,0,0,0,0,0,0,0,0,0
0.327500,0.00,0.000,0.000,0,0,0.000,0,0,18.000,39.000,55.000,0,0,0,0,0,0,0,0,0,0,0,144,0,3,70,0,28.000,0,0,0,0,0,0,0,0,0,0,0,0,0,0,0,0,1,1,1,1,1,1,0,0,0,5240,0,0,0,0,0,0,0,0,0
0.327750,0.00,0.000,0.000,0,0,0.000,0,0,18.000,39.000,55.000,0,0,0,0,0,0,0,0,0,0,0,144,0,3,70,0,28.000,0,0,0,0,0,0,0,0,0,0,0,0,0,0,0,0,1,1,1,1,1,1,0,0,0,5244,0,0,0,0,0,0,0,0,0
0.328000,0.00,0.000,0.000,0,0,0.000,0,0,18.000,39.000,55.000,0,0,0,0,0,0,0,0,0,0,0,144,0,3,70,0,28.000,0,0,0,0,0,0,0,0,0,0,0,0,0,0,0,0,1,1,1,1,1,1,0,0,0,5248,0,0,0,0,0,0,0,0,0
0.328250,0.00,0.000,0.000,0,0,0.000,0,0,18.000,39.000,55.000,0,0,0,0,0,0,0,0,0,0,0,144,0,3,70,0,28.000,0,0,0,0,0,0,0,0,0,0,0,0,0,0,0,0,1,1,1,1,1,1,0,0,0,5252,0,0,0,0,0,0,0,0,0
0.328500,0.00,0.000,0.000,0,0,0.000,0,0,18.000,39.000,55.000,0,0,0,0,0,0,0,0,0,0,0,144,0,3,70,0,28.000,0,0,0,0,0,0,0,0,0,0,0,0,0,0,0,0,1,1,1,1,1,1,0,0,0,5256,0,0,0,0,0,0,0,0,0
0.328750,0.00,0.000,0.000,0,0,0.000,0,0,18.000,39.000,55.000,0,0,0,0,0,0,0,0,0,0,0,144,0,3,70,0,28.000,0,0,0,0,0,0,0,0,0,0,0,0,0,0,0,0,1,1,1,1,1,1,0,0,0,5260,0,0,0,0,0,0,0,0,0
0.329000,0.00,0.000,0.000,0,0,0.000,0,0,18.000,39.000,55.000,0,0,0,0,0,0,0,0,0,0,0,144,0,3,70,0,28.000,0,0,0,0,0,0,0,0,0,0,0,0,0,0,0,0,1,1,1,1,1,1,0,0,0,5264,0,0,0,0,0,0,0,0,0
0.329250,0.00,0.000,0.000,0,0,0.000,0,0,18.000,39.000,55.000,0,0,0,0,0,0,0,0,0,0,0,144,0,3,70,0,28.000,0,0,0,0,0,0,0,0,0,0,0,0,0,0,0,0,1,1,1,1,1,1,0,0,0,5268,0,0,0,0,0,0,0,0,0
0.329500,0.00,0.000,0.000,0,0,0.000,0,0,18.000,39.000,55.000,0,0,0,0,0,0,0,0,0,0,0,144,0,3,70,0,28.000,0,0,0,0,0,0,0,0,0,0,0,0,0,0,0,0,1,1,1,1,1,1,0,0,0,5272,0,0,0,0,0,0,0,0,0
0.329750,0.00,0.000,0.000,0,0,0.000,0,0,18.000,39.000,55.000,0,0,0,0,0,0,0,0,0,0,0,144,0,3,70,0,28.000,0,0,0,0,0,0,0,0,0,0,0,0,0,0,0,0,1,1,1,1,1,1,0,0,0,5276,0,0,0,0,0,0,0,0,0
0.330000,0.00,0.000,0.000,0,0,0.000,0,0,18.000,39.000,55.000,0,0,0,0,0,0,0,0,0,0,0,144,0,3,70,0,28.000,0,0,0,0,0,0,0,0,0,0,0,0,0,0,0,0,1,1,1,1,1,1,0,0,0,5280,0,0,0,0,0,0,0,0,0
0.330250,0.00,0.000,0.000,0,0,0.000,0,0,18.000,39.000,55.000,0,0,0,0,0,0,0,0,0,0,0,144,0,3,70,0,28.000,0,0,0,0,0,0,0,0,0,0,0,0,0,0,0,0,1,1,1,1,1,1,0,0,0,5284,0,0,0,0,0,0,0,0,0
0.330500,0.00,0.000,0.000,0,0,0.000,0,0,18.000,39.000,55.000,0,0,0,0,0,0,0,0,0,0,0,144,0,3,70,0,28.000,0,0,0,0,0,0,0,0,0,0,0,0,0,0,0,0,1,1,1,1,1,1,0,0,0,5288,0,0,0,0,0,0,0,0,0
0.330750,0.00,0.000,0.000,0,0,0.000,0,0,18.000,39.000,55.000,0,0,0,0,0,0,0,0,0,0,0,144,0,3,70,0,28.000,0,0,0,0,0,0,0,0,0,0,0,0,0,0,0,0,1,1,1,1,1,1,0,0,0,5292,0,0,0,0,0,0,0,0,0
0.331000,0.00,0.000,0.000,0,0,0.000,0,0,18.000,39.000,55.000,0,0,0,0,0,0,0,0,0,0,0,144,0,3,70,0,28.000,0,0,0,0,0,0,0,0,0,0,0,0,0,0,0,0,1,1,1,1,1,1,0,0,0,5296,0,0,0,0,0,0,0,0,0
0.331250,0.00,0.000,0.000,0,0,0.000,0,0,18.000,39.000,55.000,0,0,0,0,0,0,0,0,0,0,0,144,0,3,70,0,28.000,0,0,0,0,0,0,0,0,0,0,0,0,0,0,0,0,1,1,1,1,1,1,0,0,0,5300,0,0,0,0,0,0,0,0,0
0.331500,0.00,0.000,0.000,0,0,0.000,0,0,18.000,39.000,55.000,0,0,0,0,0,0,0,0,0,0,0,144,0,3,70,0,28.000,0,0,0,0,0,0,0,0,0,0,0,0,0,0,0,0,1,1,1,1,1,1,0,0,0,5304,0,0,0,0,0,0,0,0,0
0.331750,0.00,0.000,0.000,0,0,0.000,0,0,18.000,39.000,55.000,0,0,0,0,0,0,0,0,0,0,0,144,0,3,70,0,28.000,0,0,0,0,0,0,0,0,0,0,0,0,0,0,0,0,1,1,1,1,1,1,0,0,0,5308,0,0,0,0,0,0,0,0,0
0.332000,0.00,0.000,0.000,0,0,0.000,0,0,18.000,39.000,55.000,0,0,0,0,0,0,0,0,0,0,0,144,0,3,70,0,28.000,0,0,0,0,0,0,0,0,0,0,0,0,0,0,0,0,1,1,1,1,1,1,0,0,0,5312,0,0,0,0,0,0,0,0,0
0.332250,0.00,0.000,0.000,0,0,0.000,0,0,18.000,39.000,55.000,0,0,0,0,0,0,0,0,0,0,0,144,0,3,70,0,28.000,0,0,0,0,0,0,0,0,0,0,0,0,0,0,0,0,1,1,1,1,1,1,0,0,0,5316,0,0,0,0,0,0,0,0,0
0.332500,0.00,0.000,0.000,0,0,0.000,0,0,18.000,39.000,55.000,0,0,0,0,0,0,0,0,0,0,0,144,0,3,70,0,28.000,0,0,0,0,0,0,0,0,0,0,0,0,0,0,0,0,1,1,1,1,1,1,0,0,0,5320,0,0,0,0,0,0,0,0,0
0.332750,0.00,0.000,0.000,0,0,0.000,0,0,18.000,39.000,55.000,0,0,0,0,0,0,0,0,0,0,0,144,0,3,70,0,28.000,0,0,0,0,0,0,0,0,0,0,0,0,0,0,0,0,1,1,1,1,1,1,0,0,0,5324,0,0,0,0,0,0,0,0,0
0.333000,0.00,0.000,0.000,0,0,0.000,0,0,18.000,39.000,55.000,0,0,0,0,0,0,0,0,0,0,0,144,0,3,70,0,28.000,0,0,0,0,0,0,0,0,0,0,0,0,0,0,0,0,1,1,1,1,1,1,0,0,0,5328,0,0,0,0,0,0,0,0,0
0.333250,0.00,0.000,0.000,0,0,0.000,0,0,18.000,39.000,55.000,0,0,0,0,0,0,0,0,0,0,0,144,0,3,70,0,28.000,0,0,0,0,0,0,0,0,0,0,0,0,0,0,0,0,1,1,1,1,1,1,0,0,0,5332,0,0,0,0,0,0,0,0,0
0.333500,0.00,0.000,0.000,0,0,0.000,0,0,18.000,39.000,55.000,0,0,0,0,0,0,0,0,0,0,0,144,0,3,70,0,28.000,0,0,0,0,0,0,0,0,0,0,0,0,0,0,0,0,1,1,1,1,1,1,0,0,0,5336,0,0,0,0,0,0,0,0,0
0.333750,0.00,0.000,0.000,0,0,0.000,0,0,18.000,39.000,55.000,0,0,0,0,0,0,0,0,0,0,0,144,0,3,70,0,28.000,0,0,0,0,0,0,0,0,0,0,0,0,0,0,0,0,1,1,1,1,1,1,0,0,0,5340,0,0,0,0,0,0,0,0,0
0.334000,0.00,0.000,0.000,0,0,0.000,0,0,18.000,39.000,55.000,0,0,0,0,0,0,0,0,0,0,0,144,0,3,70,0,28.000,0,0,0,0,0,0,0,0,0,0,0,0,0,0,0,0,1,1,1,1,1,1,0,0,0,5344,0,0,0,0,0,0,0,0,0
0.334250,0.00,0.000,0.000,0,0,0.000,0,0,18.000,39.000,55.000,0,0,0,0,0,0,0,0,0,0,0,144,0,3,70,0,28.000,0,0,0,0,0,0,0,0,0,0,0,0,0,0,0,0,1,1,1,1,1,1,0,0,0,5348,0,0,0,0,0,0,0,0,0
0.334500,0.00,0.000,0.000,0,0,0.000,0,0,18.000,39.000,55.000,0,0,0,0,0,0,0,0,0,0,0,144,0,3,70,0,28.000,0,0,0,0,0,0,0,0,0,0,0,0,0,0,0,0,1,1,1,1,1,1,0,0,0,5352,0,0,0,0,0,0,0,0,0
0.334750,0.00,0.000,0.000,0,0,0.000,0,0,18.000,39.000,55.000,0,0,0,0,0,0,0,0,0,0,0,144,0,3,70,0,28.000,0,0,0,0,0,0,0,0,0,0,0,0,0,0,0,0,1,1,1,1,1,1,0,0,0,5356,0,0,0,0,0,0,0,0,0
0.335000,0.00,0.000,0.000,0,0,0.000,0,0,18.000,39.000,55.000,0,0,0,0,0,0,0,0,0,0,0,144,0,3,70,0,28.000,0,0,0,0,0,0,0,0,0,0,0,0,0,0,0,0,1,1,1,1,1,1,0,0,0,5360,0,0,0,0,0,0,0,0,0
0.335250,0.00,0.000,0.000,0,0,0.000,0,0,18.000,39.000,55.000,0,0,0,0,0,0,0,0,0,0,0,144,0,3,70,0,28.000,0,0,0,0,0,0,0,0,0,0,0,0,0,0,0,0,1,1,1,1,1,1,0,0,0,5364,0,0,0,0,0,0,0,0,0
0.335500,0.00,0.000,0.000,0,0,0.000,0,0,18.000,39.000,55.000,0,0,0,0,0,0,0,0,0,0,0,144,0,3,70,0,28.000,0,0,0,0,0,0,0,0,0,0,0,0,0,0,0,0,1,1,1,1,1,1,0,0,0,5368,0,0,0,0,0,0,0,0,0
0.335750,0.00,0.000,0.000,0,0,0.000,0,0,18.000,39.000,55.000,0,0,0,0,0,0,0,0,0,0,0,144,0,3,70,0,28.000,0,0,0,0,0,0,0,0,0,0,0,0,0,0,0,0,1,1,1,1,1,1,0,0,0,5372,0,0,0,0,0,0,0,0,0
0.336000,0.00,0.000,0.000,0,0,0.000,0,0,18.000,39.000,55.000,0,0,0,0,0,0,0,0,0,0,0,144,0,3,70,0,28.000,0,0,0,0,0,0,0,0,0,0,0,0,0,0,0,0,1,1,1,1,1,1,0,0,0,5376,0,0,0,0,0,0,0,0,0
0.336250,0.00,0.000,0.000,0,0,0.000,0,0,18.000,39.000,55.000,0,0,0,0,0,0,0,0,0,0,0,144,0,3,70,0,28.000,0,0,0,0,0,0,0,0,0,0,0,0,0,0,0,0,1,1,1,1,1,1,0,0,0,5380,0,0,0,0,0,0,0,0,0
0.336500,0.00,0.000,0.000,0,0,0.000,0,0,18.000,39.000,55.000,0,0,0,0,0,0,0,0,0,0,0,144,0,3,70,0,28.000,0,0,0,0,0,0,0,0,0,0,0,0,0,0,0,0,1,1,1,1,1,1,0,0,0,5384,0,0,0,0,0,0,0,0,0
0.336750,0.00,0.000,0.000,0,0,0.000,0,0,18.000,39.000,55.000,0,0,0,0,0,0,0,0,0,0,0,144,0,3,70,0,28.000,0,0,0,0,0,0,0,0,0,0,0,0,0,0,0,0,1,1,1,1,1,1,0,0,0,5388,0,0,0,0,0,0,0,0,0
0.337000,0.00,0.000,0.000,0,0,0.000,0,0,18.000,39.000,55.000,0,0,0,0,0,0,0,0,0,0,0,144,0,3,70,0,28.000,0,0,0,0,0,0,0,0,0,0,0,0,0,0,0,0,1,1,1,1,1,1,0,0,0,5392,0,0,0,0,0,0,0,0,0
0.337250,0.00,0.000,0.000,0,0,0.000,0,0,18.000,39.000,55.000,0,0,0,0,0,0,0,0,0,0,0,144,0,3,70,0,28.000,0,0,0,0,0,0,0,0,0,0,0,0,0,0,0,0,1,1,1,1,1,1,0,0,0,5396,0,0,0,0,0,0,0,0,0
0.337500,0.00,0.000,0.000,0,0,0.000,0,0,18.000,39.000,55.000,0,0,0,0,0,0,0,0,0,0,0,144,0,3,70,0,28.000,0,0,0,0,0,0,0,0,0,0,0,0,0,0,0,0,1,1,1,1,1,1,0,0,0,5400,0,0,0,0,0,0,0,0,0
0.337750,0.00,0.000,0.000,0,0,0.000,0,0,18.000,39.000,55.000,0,0,0,0,0,0,0,0,0,0,0,144,0,3,70,0,28.000,0,0,0,0,0,0,0,0,0,0,0,0,0,0,0,0,1,1,1,1,1,1,0,0,0,5404,0,0,0,0,0,0,0,0,0
0.338000,0.00,0.000,0.000,0,0,0.000,0,0,18.000,39.000,55.000,0,0,0,0,0,0,0,0,0,0,0,144,0,3,70,0,28.000,0,0,0,0,0,0,0,0,0,0,0,0,0,0,0,0,1,1,1,1,1,1,0,0,0,5408,0,0,0,0,0,0,0,0,0
0.338250,0.00,0.000,0.000,0,0,0.000,0,0,18.000,39.000,55.000,0,0,0,0,0,0,0,0,0,0,0,144,0,3,70,0,28.000,0,0,0,0,0,0,0,0,0,0,0,0,0,0,0,0,1,1,1,1,1,1,0,0,0,5412,0,0,0,0,0,0,0,0,0
0.338500,0.00,0.000,0.000,0,0,0.000,0,0,18.000,39.000,55.000,0,0,0,0,0,0,0,0,0,0,0,144,0,3,70,0,28.000,0,0,0,0,0,0,0,0,0,0,0,0,0,0,0,0,1,1,1,1,1,1,0,0,0,5416,0,0,0,0,0,0,0,0,0
0.338750,0.00,0.000,0.000,0,0,0.000,0,0,18.000,39.000,55.000,0,0,0,0,0,0,0,0,0,0,0,144,0,3,70,0,28.000,0,0,0,0,0,0,0,0,0,0,0,0,0,0,0,0,1,1,1,1,1,1,0,0,0,5420,0,0,0,0,0,0,0,0,0
0.339000,0.00,0.000,0.000,0,0,0.000,0,0,18.000,39.000,55.000,0,0,0,0,0,0,0,0,0,0,0,144,0,3,70,0,28.000,0,0,0,0,0,0,0,0,0,0,0,0,0,0,0,0,1,1,1,1,1,1,0,0,0,5424,0,0,0,0,0,0,0,0,0
0.339250,0.00,0.000,0.000,0,0,0.000,0,0,18.000,39.000,55.000,0,0,0,0,0,0,0,0,0,0,0,144,0,3,70,0,28.000,0,0,0,0,0,0,0,0,0,0,0,0,0,0,0,0,1,1,1,1,1,1,0,0,0,5428,0,0,0,0,0,0,0,0,0
0.339500,0.00,0.000,0.000,0,0,0.000,0,0,18.000,39.000,55.000,0,0,0,0,0,0,0,0,0,0,0,144,0,3,70,0,28.000,0,0,0,0,0,0,0,0,0,0,0,0,0,0,0,0,1,1,1,1,1,1,0,0,0,5432,0,0,0,0,0,0,0,0,0
0.339750,0.00,0.000,0.000,0,0,0.000,0,0,18.000,39.000,55.000,0,0,0,0,0,0,0,0,0,0,0,144,0,3,70,0,28.000,0,0,0,0,0,0,0,0,0,0,0,0,0,0,0,0,1,1,1,1,1,1,0,0,0,5436,0,0,0,0,0,0,0,0,0
0.340000,0.00,0.000,0.000,0,0,0.000,0,0,18.000,39.000,55.000,0,0,0,0,0,0,0,0,0,0,0,144,0,3,70,0,28.000,0,0,0,0,0,0,0,0,0,0,0,0,0,0,0,0,1,1,1,1,1,1,0,0,0,5440,0,0,0,0,0,0,0,0,0
0.340250,0.00,0.000,0.000,0,0,0.000,0,0,18.000,39.000,55.000,0,0,0,0,0,0,0,0,0,0,0,144,0,3,70,0,28.000,0,0,0,0,0,0,0,0,0,0,0,0,0,0,0,0,1,1,1,1,1,1,0,0,0,5444,0,0,0,0,0,0,0,0,0
0.340500,0.00,0.000,0.000,0,0,0.000,0,0,18.000,39.000,55.000,0,0,0,0,0,0,0,0,0,0,0,144,0,3,70,0,28.000,0,0,0,0,0,0,0,0,0,0,0,0,0,0,0,0,1,1,1,1,1,1,0,0,0,5448,0,0,0,0,0,0,0,0,0
0.340750,0.00,0.000,0.000,0,0,0.000,0,0,18.000,39.000,55.000,0,0,0,0,0,0,0,0,0,0,0,144,0,3,70,0,28.000,0,0,0,0,0,0,0,0,0,0,0,0,0,0,0,0,1,1,1,1,1,1,0,0,0,5452,0,0,0,0,0,0,0,0,0
0.341000,0.00,0.000,0.000,0,0,0.000,0,0,18.000,39.000,55.000,0,0,0,0,0,0,0,0,0,0,0,144,0,3,70,0,28.000,0,0,0,0,0,0,0,0,0,0,0,0,0,0,0,0,1,1,1,1,1,1,0,0,0,5456,0,0,0,0,0,0,0,0,0
0.341250,0.00,0.000,0.000,0,0,0.000,0,0,18.000,39.000,55.000,0,0,0,0,0,0,0,0,0,0,0,144,0,3,70,0,28.000,0,0,0,0,0,0,0,0,0,0,0,0,0,0,0,0,1,1,1,1,1,1,0,0,0,5460,0,0,0,0,0,0,0,0,0
0.341500,0.00,0.000,0.000,0,0,0.000,0,0,18.000,39.000,55.000,0,0,0,0,0,0,0,0,0,0,0,144,0,3,70,0,28.000,0,0,0,0,0,0,0,0,0,0,0,0,0,0,0,0,1,1,1,1,1,1,0,0,0,5464,0,0,0,0,0,0,0,0,0
0.341750,0.00,0.000,0.000,0,0,0.000,0,0,18.000,39.000,55.000,0,0,0,0,0,0,0,0,0,0,0,144,0,3,70,0,28.000,0,0,0,0,0,0,0,0,0,0,0,0,0,0,0,0,1,1,1,1,1,1,0,0,0,5468,0,0,0,0,0,0,0,0,0
0.342000,0.00,0.000,0.000,0,0,0.000,0,0,18.000,39.000,55.000,0,0,0,0,0,0,0,0,0,0,0,144,0,3,70,0,28.000,0,0,0,0,0,0,0,0,0,0,0,0,0,0,0,0,1,1,1,1,1,1,0,0,0,5472,0,0,0,0,0,0,0,0,0
0.342250,0.00,0.000,0.000,0,0,0.000,0,0,18.000,39.000,55.000,0,0,0,0,0,0,0,0,0,0,0,144,0,3,70,0,28.000,0,0,0,0,0,0,0,0,0,0,0,0,0,0,0,0,1,1,1,1,1,1,0,0,0,5476,0,0,0,0,0,0,0,0,0
0.342500,0.00,0.000,0.000,0,0,0.000,0,0,18.000,39.000,55.000,0,0,0,0,0,0,0,0,0,0,0,144,0,3,70,0,28.000,0,0,0,0,0,0,0,0,0,0,0,0,0,0,0,0,1,1,1,1,1,1,0,0,0,5480,0,0,0,0,0,0,0,0,0
0.342750,0.00,0.000,0.000,0,0,0.000,0,0,18.000,39.000,55.000,0,0,0,0,0,0,0,0,0,0,0,144,0,3,70,0,28.000,0,0,0,0,0,0,0,0,0,0,0,0,0,0,0,0,1,1,1,1,1,1,0,0,0,5484,0,0,0,0,0,0,0,0,0
0.343000,0.00,0.000,0.000,0,0,0.000,0,0,18.000,39.000,55.000,0,0,0,0,0,0,0,0,0,0,0,144,0,3,70,0,28.000,0,0,0,0,0,0,0,0,0,0,0,0,0,0,0,0,1,1,1,1,1,1,0,0,0,5488,0,0,0,0,0,0,0,0,0
0.343250,0.00,0.000,0.000,0,0,0.000,0,0,18.000,39.000,55.000,0,0,0,0,0,0,0,0,0,0,0,144,0,3,70,0,28.000,0,0,0,0,0,0,0,0,0,0,0,0,0,0,0,0,1,1,1,1,1,1,0,0,0,5492,0,0,0,0,0,0,0,0,0
0.343500,0.00,0.000,0.000,0,0,0.000,0,0,18.000,39.000,55.000,0,0,0,0,0,0,0,0,0,0,0,144,0,3,70,0,28.000,0,0,0,0,0,0,0,0,0,0,0,0,0,0,0,0,1,1,1,1,1,1,0,0,0,5496,0,0,0,0,0,0,0,0,0
0.343750,0.00,0.000,0.000,0,0,0.000,0,0,18.000,39.000,55.000,0,0,0,0,0,0,0,0,0,0,0,144,0,3,70,0,28.000,0,0,0,0,0,0,0,0,0,0,0,0,0,0,0,0,1,1,1,1,1,1,0,0,0,5500,0,0,0,0,0,0,0,0,0
0.344000,0.00,0.000,0.000,0,0,0.000,0,0,18.000,39.000,55.000,0,0,0,0,0,0,0,0,0,0,0,144,0,3,70,0,28.000,0,0,0,0,0,0,0,0,0,0,0,0,0,0,0,0,1,1,1,1,1,1,0,0,0,5504,0,0,0,0,0,0,0,0,0
0.344250,0.00,0.000,0.000,0,0,0.000,0,0,18.000,39.000,55.000,0,0,0,0,0,0,0,0,0,0,0,144,0,3,70,0,28.000,0,0,0,0,0,0,0,0,0,0,0,0,0,0,0,0,1,1,1,1,1,1,0,0,0,5508,0,0,0,0,0,0,0,0,0
0.344500,0.00,0.000,0.000,0,0,0.000,0,0,18.000,39.000,55.000,0,0,0,0,0,0,0,0,0,0,0,144,0,3,70,0,28.000,0,0,0,0,0,0,0,0,0,0,0,0,0,0,0,0,1,1,1,1,1,1,0,0,0,5512,0,0,0,0,0,0,0,0,0
0.344750,0.00,0.000,0.000,0,0,0.000,0,0,18.000,39.000,55.000,0,0,0,0,0,0,0,0,0,0,0,144,0,3,70,0,28.000,0,0,0,0,0,0,0,0,0,0,0,0,0,0,0,0,1,1,1,1,1,1,0,0,0,5516,0,0,0,0,0,0,0,0,0
0.345000,0.00,0.000,0.000,0,0,0.000,0,0,18.000,39.000,55.000,0,0,0,0,0,0,0,0,0,0,0,144,0,3,70,0,28.000,0,0,0,0,0,0,0,0,0,0,0,0,0,0,0,0,1,1,1,1,1,1,0,0,0,5520,0,0,0,0,0,0,0,0,0
0.345250,0.00,0.000,0.000,0,0,0.000,0,0,18.000,39.000,55.000,0,0,0,0,0,0,0,0,0,0,0,144,0,3,70,0,28.000,0,0,0,0,0,0,0,0,0,0,0,0,0,0,0,0,1,1,1,1,1,1,0,0,0,5524,0,0,0,0,0,0,0,0,0
0.345500,0.00,0.000,0.000,0,0,0.000,0,0,18.000,39.000,55.000,0,0,0,0,0,0,0,0,0,0,0,144,0,3,70,0,28.000,0,0,0,0,0,0,0,0,0,0,0,0,0,0,0,0,1,1,1,1,1,1,0,0,0,5528,0,0,0,0,0,0,0,0,0
0.345750,0.00,0.000,0.000,0,0,0.000,0,0,18.000,39.000,55.000,0,0,0,0,0,0,0,0,0,0,0,144,0,3,70,0,28.000,0,0,0,0,0,0,0,0,0,0,0,0,0,0,0,0,1,1,1,1,1,1,0,0,0,5532,0,0,0,0,0,0,0,0,0
0.346000,0.00,0.000,0.000,0,0,0.000,0,0,18.000,39.000,55.000,0,0,0,0,0,0,0,0,0,0,0,144,0,3,70,0,28.000,0,0,0,0,0,0,0,0,0,0,0,0,0,0,0,0,1,1,1,1,1,1,0,0,0,5536,0,0,0,0,0,0,0,0,0
0.346250,0.00,0.000,0.000,0,0,0.000,0,0,18.000,39.000,55.000,0,0,0,0,0,0,0,0,0,0,0,144,0,3,70,0,28.000,0,0,0,0,0,0,0,0,0,0,0,0,0,0,0,0,1,1,1,1,1,1,0,0,0,5540,0,0,0,0,0,0,0,0,0
0.346500,0.00,0.000,0.000,0,0,0.000,0,0,18.000,39.000,55.000,0,0,0,0,0,0,0,0,0,0,0,144,0,3,70,0,28.000,0,0,0,0,0,0,0,0,0,0,0,0,0,0,0,0,1,1,1,1,1,1,0,0,0,5544,0,0,0,0,0,0,0,0,0
0.346750,0.00,0.000,0.000,0,0,0.000,0,0,18.000,39.000,55.000,0,0,0,0,0,0,0,0,0,0,0,144,0,3,70,0,28.000,0,0,0,0,0,0,0,0,0,0,0,0,0,0,0,0,1,1,1,1,1,1,0,0,0,5548,0,0,0,0,0,0,0,0,0
0.347000,0.00,0.000,0.000,0,0,0.000,0,0,18.000,39.000,55.000,0,0,0,0,0,0,0,0,0,0,0,144,0,3,70,0,28.000,0,0,0,0,0,0,0,0,0,0,0,0,0,0,0,0,1,1,1,1,1,1,0,0,0,5552,0,0,0,0,0,0,0,0,0
0.347250,0.00,0.000,0.000,0,0,0.000,0,0,18.000,39.000,55.000,0,0,0,0,0,0,0,0,0,0,0,144,0,3,70,0,28.000,0,0,0,0,0,0,0,0,0,0,0,0,0,0,0,0,1,1,1,1,1,1,0,0,0,5556,0,0,0,0,0,0,0,0,0
0.347500,0.00,0.000,0.000,0,0,0.000,0,0,18.000,39.000,55.000,0,0,0,0,0,0,0,0,0,0,0,144,0,3,70,0,28.000,0,0,0,0,0,0,0,0,0,0,0,0,0,0,0,0,1,1,1,1,1,1,0,0,0,5560,0,0,0,0,0,0,0,0,0
0.347750,0.00,0.000,0.000,0,0,0.000,0,0,18.000,39.000,55.000,0,0,0,0,0,0,0,0,0,0,0,144,0,3,70,0,28.000,0,0,0,0,0,0,0,0,0,0,0,0,0,0,0,0,1,1,1,1,1,1,0,0,0,5564,0,0,0,0,0,0,0,0,0
0.348000,0.00,0.000,0.000,0,0,0.000,0,0,18.000,39.000,55.000,0,0,0,0,0,0,0,0,0,0,0,144,0,3,70,0,28.000,0,0,0,0,0,0,0,0,0,0,0,0,0,0,0,0,1,1,1,1,1,1,0,0,0,5568,0,0,0,0,0,0,0,0,0
0.348250,0.00,0.000,0.000,0,0,0.000,0,0,18.000,39.000,55.000,0,0,0,0,0,0,0,0,0,0,0,144,0,3,70,0,28.000,0,0,0,0,0,0,0,0,0,0,0,0,0,0,0,0,1,1,1,1,1,1,0,0,0,5572,0,0,0,0,0,0,0,0,0
0.348500,0.00,0.000,0.000,0,0,0.000,0,0,18.000,39.000,55.000,0,0,0,0,0,0,0,0,0,0,0,144,0,3,70,0,28.000,0,0,0,0,0,0,0,0,0,0,0,0,0,0,0,0,1,1,1,1,1,1,0,0,0,5576,0,0,0,0,0,0,0,0,0
0.348750,0.00,0.000,0.000,0,0,0.000,0,0,18.000,39.000,55.000,0,0,0,0,0,0,0,0,0,0,0,144,0,3,70,0,28.000,0,0,0,0,0,0,0,0,0,0,0,0,0,0,0,0,1,1,1,1,1,1,0,0,0,5580,0,0,0,0,0,0,0,0,0
0.349000,0.00,0.000,0.000,0,0,0.000,0,0,18.000,39.000,55.000,0,0,0,0,0,0,0,0,0,0,0,144,0,3,70,0,28.000,0,0,0,0,0,0,0,0,0,0,0,0,0,0,0,0,1,1,1,1,1,1,0,0,0,5584,0,0,0,0,0,0,0,0,0
0.349250,0.00,0.000,0.000,0,0,0.000,0,0,18.000,39.000,55.000,0,0,0,0,0,0,0,0,0,0,0,144,0,3,70,0,28.000,0,0,0,0,0,0,0,0,0,0,0,0,0,0,0,0,1,1,1,1,1,1,0,0,0,5588,0,0,0,0,0,0,0,0,0
0.349500,0.00,0.000,0.000,0,0,0.000,0,0,18.000,39.000,55.000,0,0,0,0,0,0,0,0,0,0,0,144,0,3,70,0,28.000,0,0,0,0,0,0,0,0,0,0,0,0,0,0,0,0,1,1,1,1,1,1,0,0,0,5592,0,0,0,0,0,0,0,0,0
0.349750,0.00,0.000,0.000,0,0,0.000,0,0,18.000,39.000,55.000,0,0,0,0,0,0,0,0,0,0,0,144,0,3,70,0,28.000,0,0,0,0,0,0,0,0,0,0,0,0,0,0,0,0,1,1,1,1,1,1,0,0,0,5596,0,0,0,0,0,0,0,0,0
0.350000,0.00,0.000,0.000,0,0,0.000,0,0,18.000,39.000,55.000,0,0,0,0,0,0,0,0,0,0,0,144,0,3,70,0,28.000,0,0,0,0,0,0,0,0,0,0,0,0,0,0,0,0,1,1,1,1,1,1,0,0,0,5600,0,0,0,0,0,0,0,0,0
0.350250,0.00,0.000,0.000,0,0,0.000,0,0,18.000,39.000,55.000,0,0,0,0,0,0,0,0,0,0,0,144,0,3,70,0,28.000,0,0,0,0,0,0,0,0,0,0,0,0,0,0,0,0,1,1,1,1,1,1,0,0,0,5604,0,0,0,0,0,0,0,0,0
0.350500,0.00,0.000,0.000,0,0,0.000,0,0,18.000,39.000,55.000,0,0,0,0,0,0,0,0,0,0,0,144,0,3,70,0,28.000,0,0,0,0,0,0,0,0,0,0,0,0,0,0,0,0,1,1,1,1,1,1,0,0,0,5608,0,0,0,0,0,0,0,0,0
0.350750,0.00,0.000,0.000,0,0,0.000,0,0,18.000,39.000,55.000,0,0,0,0,0,0,0,0,0,0,0,144,0,3,70,0,28.000,0,0,0,0,0,0,0,0,0,0,0,0,0,0,0,0,1,1,1,1,1,1,0,0,0,5612,0,0,0,0,0,0,0,0,0
0.351000,0.00,0.000,0.000,0,0,0.000,0,0,18.000,39.000,55.000,0,0,0,0,0,0,0,0,0,0,0,144,0,3,70,0,28.000,0,0,0,0,0,0,0,0,0,0,0,0,0,0,0,0,1,1,1,1,1,1,0,0,0,5616,0,0,0,0,0,0,0,0,0
0.351250,0.00,0.000,0.000,0,0,0.000,0,0,18.000,39.000,55.000,0,0,0,0,0,0,0,0,0,0,0,144,0,3,70,0,28.000,0,0,0,0,0,0,0,0,0,0,0,0,0,0,0,0,1,1,1,1,1,1,0,0,0,5620,0,0,0,0,0,0,0,0,0
0.351500,0.00,0.000,0.000,0,0,0.000,0,0,18.000,39.000,55.000,0,0,0,0,0,0,0,0,0,0,0,144,0,3,70,0,28.000,0,0,0,0,0,0,0,0,0,0,0,0,0,0,0,0,1,1,1,1,1,1,0,0,0,5624,0,0,0,0,0,0,0,0,0
0.351750,0.00,0.000,0.000,0,0,0.000,0,0,18.000,39.000,55.000,0,0,0,0,0,0,0,0,0,0,0,144,0,3,70,0,28.000,0,0,0,0,0,0,0,0,0,0,0,0,0,0,0,0,1,1,1,1,1,1,0,0,0,5628,0,0,0,0,0,0,0,0,0
0.352000,0.00,0.000,0.000,0,0,0.000,0,0,18.000,39.000,55.000,0,0,0,0,0,0,0,0,0,0,0,144,0,3,70,0,28.000,0,0,0,0,0,0,0,0,0,0,0,0,0,0,0,0,1,1,1,1,1,1,0,0,0,5632,0,0,0,0,0,0,0,0,0
0.352250,0.00,0.000,0.000,0,0,0.000,0,0,18.000,39.000,55.000,0,0,0,0,0,0,0,0,0,0,0,144,0,3,70,0,28.000,0,0,0,0,0,0,0,0,0,0,0,0,0,0,0,0,1,1,1,1,1,1,0,0,0,5636,0,0,0,0,0,0,0,0,0
0.352500,0.00,0.000,0.000,0,0,0.000,0,0,18.000,39.000,55.000,0,0,0,0,0,0,0,0,0,0,0,144,0,3,70,0,28.000,0,0,0,0,0,0,0,0,0,0,0,0,0,0,0,0,1,1,1,1,1,1,0,0,0,5640,0,0,0,0,0,0,0,0,0
0.352750,0.00,0.000,0.000,0,0,0.000,0,0,18.000,39.000,55.000,0,0,0,0,0,0,0,0,0,0,0,144,0,3,70,0,28.000,0,0,0,0,0,0,0,0,0,0,0,0,0,0,0,0,1,1,1,1,1,1,0,0,0,5644,0,0,0,0,0,0,0,0,0
0.353000,0.00,0.000,0.000,0,0,0.000,0,0,18.000,39.000,55.000,0,0,0,0,0,0,0,0,0,0,0,144,0,3,70,0,28.000,0,0,0,0,0,0,0,0,0,0,0,0,0,0,0,0,1,1,1,1,1,1,0,0,0,5648,0,0,0,0,0,0,0,0,0
0.353250,0.00,0.000,0.000,0,0,0.000,0,0,18.000,39.000,55.000,0,0,0,0,0,0,0,0,0,0,0,144,0,3,70,0,28.000,0,0,0,0,0,0,0,0,0,0,0,0,0,0,0,0,1,1,1,1,1,1,0,0,0,5652,0,0,0,0,0,0,0,0,0
0.353500,0.00,0.000,0.000,0,0,0.000,0,0,18.000,39.000,55.000,0,0,0,0,0,0,0,0,0,0,0,144,0,3,70,0,28.000,0,0,0,0,0,0,0,0,0,0,0,0,0,0,0,0,1,1,1,1,1,1,0,0,0,5656,0,0,0,0,0,0,0,0,0
0.353750,0.00,0.000,0.000,0,0,0.000,0,0,18.000,39.000,55.000,0,0,0,0,0,0,0,0,0,0,0,144,0,3,70,0,28.000,0,0,0,0,0,0,0,0,0,0,0,0,0,0,0,0,1,1,1,1,1,1,0,0,0,5660,0,0,0,0,0,0,0,0,0
0.354000,0.00,0.000,0.000,0,0,0.000,0,0,18.000,39.000,55.000,0,0,0,0,0,0,0,0,0,0,0,144,0,3,70,0,28.000,0,0,0,0,0,0,0,0,0,0,0,0,0,0,0,0,1,1,1,1,1,1,0,0,0,5664,0,0,0,0,0,0,0,0,0
0.354250,0.00,0.000,0.000,0,0,0.000,0,0,18.000,39.000,55.000,0,0,0,0,0,0,0,0,0,0,0,144,0,3,70,0,28.000,0,0,0,0,0,0,0,0,0,0,0,0,0,0,0,0,1,1,1,1,1,1,0,0,0,5668,0,0,0,0,0,0,0,0,0
0.354500,0.00,0.000,0.000,0,0,0.000,0,0,18.000,39.000,55.000,0,0,0,0,0,0,0,0,0,0,0,144,0,3,70,0,28.000,0,0,0,0,0,0,0,0,0,0,0,0,0,0,0,0,1,1,1,1,1,1,0,0,0,5672,0,0,0,0,0,0,0,0,0
0.354750,0.00,0.000,0.000,0,0,0.000,0,0,18.000,39.000,55.000,0,0,0,0,0,0,0,0,0,0,0,144,0,3,70,0,28.000,0,0,0,0,0,0,0,0,0,0,0,0,0,0,0,0,1,1,1,1,1,1,0,0,0,5676,0,0,0,0,0,0,0,0,0
0.355000,0.00,0.000,0.000,0,0,0.000,0,0,18.000,39.000,55.000,0,0,0,0,0,0,0,0,0,0,0,144,0,3,70,0,28.000,0,0,0,0,0,0,0,0,0,0,0,0,0,0,0,0,1,1,1,1,1,1,0,0,0,5680,0,0,0,0,0,0,0,0,0
0.355250,0.00,0.000,0.000,0,0,0.000,0,0,18.000,39.000,55.000,0,0,0,0,0,0,0,0,0,0,0,144,0,3,70,0,28.000,0,0,0,0,0,0,0,0,0,0,0,0,0,0,0,0,1,1,1,1,1,1,0,0,0,5684,0,0,0,0,0,0,0,0,0
0.355500,0.00,0.000,0.000,0,0,0.000,0,0,18.000,39.000,55.000,0,0,0,0,0,0,0,0,0,0,0,144,0,3,70,0,28.000,0,0,0,0,0,0,0,0,0,0,0,0,0,0,0,0,1,1,1,1,1,1,0,0,0,5688,0,0,0,0,0,0,0,0,0
0.355750,0.00,0.000,0.000,0,0,0.000,0,0,18.000,39.000,55.000,0,0,0,0,0,0,0,0,0,0,0,144,0,3,70,0,28.000,0,0,0,0,0,0,0,0,0,0,0,0,0,0,0,0,1,1,1,1,1,1,0,0,0,5692,0,0,0,0,0,0,0,0,0
0.356000,0.00,0.000,0.000,0,0,0.000,0,0,18.000,39.000,55.000,0,0,0,0,0,0,0,0,0,0,0,144,0,3,70,0,28.000,0,0,0,0,0,0,0,0,0,0,0,0,0,0,0,0,1,1,1,1,1,1,0,0,0,5696,0,0,0,0,0,0,0,0,0
0.356250,0.00,0.000,0.000,0,0,0.000,0,0,18.000,39.000,55.000,0,0,0,0,0,0,0,0,0,0,0,144,0,3,70,0,28.000,0,0,0,0,0,0,0,0,0,0,0,0,0,0,0,0,1,1,1,1,1,1,0,0,0,5700,0,0,0,0,0,0,0,0,0
0.356500,0.00,0.000,0.000,0,0,0.000,0,0,18.000,39.000,55.000,0,0,0,0,0,0,0,0,0,0,0,144,0,3,70,0,28.000,0,0,0,0,0,0,0,0,0,0,0,0,0,0,0,0,1,1,1,1,1,1,0,0,0,5704,0,0,0,0,0,0,0,0,0
0.356750,0.00,0.000,0.000,0,0,0.000,0,0,18.000,39.000,55.000,0,0,0,0,0,0,0,0,0,0,0,144,0,3,70,0,28.000,0,0,0,0,0,0,0,0,0,0,0,0,0,0,0,0,1,1,1,1,1,1,0,0,0,5708,0,0,0,0,0,0,0,0,0
0.357000,0.00,0.000,0.000,0,0,0.000,0,0,18.000,39.000,55.000,0,0,0,0,0,0,0,0,0,0,0,144,0,3,70,0,28.000,0,0,0,0,0,0,0,0,0,0,0,0,0,0,0,0,1,1,1,1,1,1,0,0,0,5712,0,0,0,0,0,0,0,0,0
0.357250,0.00,0.000,0.000,0,0,0.000,0,0,18.000,39.000,55.000,0,0,0,0,0,0,0,0,0,0,0,144,0,3,70,0,28.000,0,0,0,0,0,0,0,0,0,0,0,0,0,0,0,0,1,1,1,1,1,1,0,0,0,5716,0,0,0,0,0,0,0,0,0
0.357500,0.00,0.000,0.000,0,0,0.000,0,0,18.000,39.000,55.000,0,0,0,0,0,0,0,0,0,0,0,144,0,3,70,0,28.000,0,0,0,0,0,0,0,0,0,0,0,0,0,0,0,0,1,1,1,1,1,1,0,0,0,5720,0,0,0,0,0,0,0,0,0
0.357750,0.00,0.000,0.000,0,0,0.000,0,0,18.000,39.000,55.000,0,0,0,0,0,0,0,0,0,0,0,144,0,3,70,0,28.000,0,0,0,0,0,0,0,0,0,0,0,0,0,0,0,0,1,1,1,1,1,1,0,0,0,5724,0,0,0,0,0,0,0,0,0
0.358000,0.00,0.000,0.000,0,0,0.000,0,0,18.000,39.000,55.000,0,0,0,0,0,0,0,0,0,0,0,144,0,3,70,0,28.000,0,0,0,0,0,0,0,0,0,0,0,0,0,0,0,0,1,1,1,1,1,1,0,0,0,5728,0,0,0,0,0,0,0,0,0
0.358250,0.00,0.000,0.000,0,0,0.000,0,0,18.000,39.000,55.000,0,0,0,0,0,0,0,0,0,0,0,144,0,3,70,0,28.000,0,0,0,0,0,0,0,0,0,0,0,0,0,0,0,0,1,1,1,1,1,1,0,0,0,5732,0,0,0,0,0,0,0,0,0
0.358500,0.00,0.000,0.000,0,0,0.000,0,0,18.000,39.000,55.000,0,0,0,0,0,0,0,0,0,0,0,144,0,3,70,0,28.000,0,0,0,0,0,0,0,0,0,0,0,0,0,0,0,0,1,1,1,1,1,1,0,0,0,5736,0,0,0,0,0,0,0,0,0
0.358750,0.00,0.000,0.000,0,0,0.000,0,0,18.000,39.000,55.000,0,0,0,0,0,0,0,0,0,0,0,144,0,3,70,0,28.000,0,0,0,0,0,0,0,0,0,0,0,0,0,0,0,0,1,1,1,1,1,1,0,0,0,5740,0,0,0,0,0,0,0,0,0
0.359000,0.00,0.000,0.000,0,0,0.000,0,0,18.000,39.000,55.000,0,0,0,0,0,0,0,0,0,0,0,144,0,3,70,0,28.000,0,0,0,0,0,0,0,0,0,0,0,0,0,0,0,0,1,1,1,1,1,1,0,0,0,5744,0,0,0,0,0,0,0,0,0
0.359250,0.00,0.000,0.000,0,0,0.000,0,0,18.000,39.000,55.000,0,0,0,0,0,0,0,0,0,0,0,144,0,3,70,0,28.000,0,0,0,0,0,0,0,0,0,0,0,0,0,0,0,0,1,1,1,1,1,1,0,0,0,5748,0,0,0,0,0,0,0,0,0
0.359500,0.00,0.000,0.000,0,0,0.000,0,0,18.000,39.000,55.000,0,0,0,0,0,0,0,0,0,0,0,144,0,3,70,0,28.000,0,0,0,0,0,0,0,0,0,0,0,0,0,0,0,0,1,1,1,1,1,1,0,0,0,5752,0,0,0,0,0,0,0,0,0
0.359750,0.00,0.000,0.000,0,0,0.000,0,0,18.000,39.000,55.000,0,0,0,0,0,0,0,0,0,0,0,144,0,3,70,0,28.000,0,0,0,0,0,0,0,0,0,0,0,0,0,0,0,0,1,1,1,1,1,1,0,0,0,5756,0,0,0,0,0,0,0,0,0
0.360000,0.00,0.000,0.000,0,0,0.000,0,0,18.000,39.000,55.000,0,0,0,0,0,0,0,0,0,0,0,144,0,3,70,0,28.000,0,0,0,0,0,0,0,0,0,0,0,0,0,0,0,0,1,1,1,1,1,1,0,0,0,5760,0,0,0,0,0,0,0,0,0
0.360250,0.00,0.000,0.000,0,0,0.000,0,0,18.000,39.000,55.000,0,0,0,0,0,0,0,0,0,0,0,144,0,3,70,0,28.000,0,0,0,0,0,0,0,0,0,0,0,0,0,0,0,0,1,1,1,1,1,1,0,0,0,5764,0,0,0,0,0,0,0,0,0
0.360500,0.00,0.000,0.000,0,0,0.000,0,0,18.000,39.000,55.000,0,0,0,0,0,0,0,0,0,0,0,144,0,3,70,0,28.000,0,0,0,0,0,0,0,0,0,0,0,0,0,0,0,0,1,1,1,1,1,1,0,0,0,5768,0,0,0,0,0,0,0,0,0
0.360750,0.00,0.000,0.000,0,0,0.000,0,0,18.000,39.000,55.000,0,0,0,0,0,0,0,0,0,0,0,144,0,3,70,0,28.000,0,0,0,0,0,0,0,0,0,0,0,0,0,0,0,0,1,1,1,1,1,1,0,0,0,5772,0,0,0,0,0,0,0,0,0
0.361000,0.00,0.000,0.000,0,0,0.000,0,0,18.000,39.000,55.000,0,0,0,0,0,0,0,0,0,0,0,144,0,3,70,0,28.000,0,0,0,0,0,0,0,0,0,0,0,0,0,0,0,0,1,1,1,1,1,1,0,0,0,5776,0,0,0,0,0,0,0,0,0
0.361250,0.00,0.000,0.000,0,0,0.000,0,0,18.000,39.000,55.000,0,0,0,0,0,0,0,0,0,0,0,144,0,3,70,0,28.000,0,0,0,0,0,0,0,0,0,0,0,0,0,0,0,0,1,1,1,1,1,1,0,0,0,5780,0,0,0,0,0,0,0,0,0
0.361500,0.00,0.000,0.000,0,0,0.000,0,0,18.000,39.000,55.000,0,0,0,0,0,0,0,0,0,0,0,144,0,3,70,0,28.000,0,0,0,0,0,0,0,0,0,0,0,0,0,0,0,0,1,1,1,1,1,1,0,0,0,5784,0,0,0,0,0,0,0,0,0
0.361750,0.00,0.000,0.000,0,0,0.000,0,0,18.000,39.000,55.000,0,0,0,0,0,0,0,0,0,0,0,144,0,3,70,0,28.000,0,0,0,0,0,0,0,0,0,0,0,0,0,0,0,0,1,1,1,1,1,1,0,0,0,5788,0,0,0,0,0,0,0,0,0
0.362000,0.00,0.000,0.000,0,0,0.000,0,0,18.000,39.000,55.000,0,0,0,0,0,0,0,0,0,0,0,144,0,3,70,0,28.000,0,0,0,0,0,0,0,0,0,0,0,0,0,0,0,0,1,1,1,1,1,1,0,0,0,5792,0,0,0,0,0,0,0,0,0
0.362250,0.00,0.000,0.000,0,0,0.000,0,0,18.000,39.000,55.000,0,0,0,0,0,0,0,0,0,0,0,144,0,3,70,0,28.000,0,0,0,0,0,0,0,0,0,0,0,0,0,0,0,0,1,1,1,1,1,1,0,0,0,5796,0,0,0,0,0,0,0,0,0
0.362500,0.00,0.000,0.000,0,0,0.000,0,0,18.000,39.000,55.000,0,0,0,0,0,0,0,0,0,0,0,144,0,3,70,0,28.000,0,0,0,0,0,0,0,0,0,0,0,0,0,0,0,0,1,1,1,1,1,1,0,0,0,5800,0,0,0,0,0,0,0,0,0
0.362750,0.00,0.000,0.000,0,0,0.000,0,0,18.000,39.000,55.000,0,0,0,0,0,0,0,0,0,0,0,144,0,3,70,0,28.000,0,0,0,0,0,0,0,0,0,0,0,0,0,0,0,0,1,1,1,1,1,1,0,0,0,5804,0,0,0,0,0,0,0,0,0
0.363000,0.00,0.000,0.000,0,0,0.000,0,0,18.000,39.000,55.000,0,0,0,0,0,0,0,0,0,0,0,144,0,3,70,0,28.000,0,0,0,0,0,0,0,0,0,0,0,0,0,0,0,0,1,1,1,1,1,1,0,0,0,5808,0,0,0,0,0,0,0,0,0
0.363250,0.00,0.000,0.000,0,0,0.000,0,0,18.000,39.000,55.000,0,0,0,0,0,0,0,0,0,0,0,144,0,3,70,0,28.000,0,0,0,0,0,0,0,0,0,0,0,0,0,0,0,0,1,1,1,1,1,1,0,0,0,5812,0,0,0,0,0,0,0,0,0
0.363500,0.00,0.000,0.000,0,0,0.000,0,0,18.000,39.000,55.000,0,0,0,0,0,0,0,0,0,0,0,144,0,3,70,0,28.000,0,0,0,0,0,0,0,0,0,0,0,0,0,0,0,0,1,1,1,1,1,1,0,0,0,5816,0,0,0,0,0,0,0,0,0
0.363750,0.00,0.000,0.000,0,0,0.000,0,0,18.000,39.000,55.000,0,0,0,0,0,0,0,0,0,0,0,144,0,3,70,0,28.000,0,0,0,0,0,0,0,0,0,0,0,0,0,0,0,0,1,1,1,1,1,1,0,0,0,5820,0,0,0,0,0,0,0,0,0
0.364000,0.00,0.000,0.000,0,0,0.000,0,0,18.000,39.000,55.000,0,0,0,0,0,0,0,0,0,0,0,144,0,3,70,0,28.000,0,0,0,0,0,0,0,0,0,0,0,0,0,0,0,0,1,1,1,1,1,1,0,0,0,5824,0,0,0,0,0,0,0,0,0
0.364250,0.00,0.000,0.000,0,0,0.000,0,0,18.000,39.000,55.000,0,0,0,0,0,0,0,0,0,0,0,144,0,3,70,0,28.000,0,0,0,0,0,0,0,0,0,0,0,0,0,0,0,0,1,1,1,1,1,1,0,0,0,5828,0,0,0,0,0,0,0,0,0
0.364500,0.00,0.000,0.000,0,0,0.000,0,0,18.000,39.000,55.000,0,0,0,0,0,0,0,0,0,0,0,144,0,3,70,0,28.000,0,0,0,0,0,0,0,0,0,0,0,0,0,0,0,0,1,1,1,1,1,1,0,0,0,5832,0,0,0,0,0,0,0,0,0
0.364750,0.00,0.000,0.000,0,0,0.000,0,0,18.000,39.000,55.000,0,0,0,0,0,0,0,0,0,0,0,144,0,3,70,0,28.000,0,0,0,0,0,0,0,0,0,0,0,0,0,0,0,0,1,1,1,1,1,1,0,0,0,5836,0,0,0,0,0,0,0,0,0
0.365000,0.00,0.000,0.000,0,0,0.000,0,0,18.000,39.000,55.000,0,0,0,0,0,0,0,0,0,0,0,144,0,3,70,0,28.000,0,0,0,0,0,0,0,0,0,0,0,0,0,0,0,0,1,1,1,1,1,1,0,0,0,5840,0,0,0,0,0,0,0,0,0
0.365250,0.00,0.000,0.000,0,0,0.000,0,0,18.000,39.000,55.000,0,0,0,0,0,0,0,0,0,0,0,144,0,3,70,0,28.000,0,0,0,0,0,0,0,0,0,0,0,0,0,0,0,0,1,1,1,1,1,1,0,0,0,5844,0,0,0,0,0,0,0,0,0
0.365500,0.00,0.000,0.000,0,0,0.000,0,0,18.000,39.000,55.000,0,0,0,0,0,0,0,0,0,0,0,144,0,3,70,0,28.000,0,0,0,0,0,0,0,0,0,0,0,0,0,0,0,0,1,1,1,1,1,1,0,0,0,5848,0,0,0,0,0,0,0,0,0
0.365750,0.00,0.000,0.000,0,0,0.000,0,0,18.000,39.000,55.000,0,0,0,0,0,0,0,0,0,0,0,144,0,3,70,0,28.000,0,0,0,0,0,0,0,0,0,0,0,0,0,0,0,0,1,1,1,1,1,1,0,0,0,5852,0,0,0,0,0,0,0,0,0
0.366000,0.00,0.000,0.000,0,0,0.000,0,0,18.000,39.000,55.000,0,0,0,0,0,0,0,0,0,0,0,144,0,3,70,0,28.000,0,0,0,0,0,0,0,0,0,0,0,0,0,0,0,0,1,1,1,1,1,1,0,0,0,5856,0,0,0,0,0,0,0,0,0
0.366250,0.00,0.000,0.000,0,0,0.000,0,0,18.000,39.000,55.000,0,0,0,0,0,0,0,0,0,0,0,144,0,3,70,0,28.000,0,0,0,0,0,0,0,0,0,0,0,0,0,0,0,0,1,1,1,1,1,1,0,0,0,5860,0,0,0,0,0,0,0,0,0
0.366500,0.00,0.000,0.000,0,0,0.000,0,0,18.000,39.000,55.000,0,0,0,0,0,0,0,0,0,0,0,144,0,3,70,0,28.000,0,0,0,0,0,0,0,0,0,0,0,0,0,0,0,0,1,1,1,1,1,1,0,0,0,5864,0,0,0,0,0,0,0,0,0
0.366750,0.00,0.000,0.000,0,0,0.000,0,0,18.000,39.000,55.000,0,0,0,0,0,0,0,0,0,0,0,144,0,3,70,0,28.000,0,0,0,0,0,0,0,0,0,0,0,0,0,0,0,0,1,1,1,1,1,1,0,0,0,5868,0,0,0,0,0,0,0,0,0
0.367000,0.00,0.000,0.000,0,0,0.000,0,0,18.000,39.000,55.000,0,0,0,0,0,0,0,0,0,0,0,144,0,3,70,0,28.000,0,0,0,0,0,0,0,0,0,0,0,0,0,0,0,0,1,1,1,1,1,1,0,0,0,5872,0,0,0,0,0,0,0,0,0
0.367250,0.00,0.000,0.000,0,0,0.000,0,0,18.000,39.000,55.000,0,0,0,0,0,0,0,0,0,0,0,144,0,3,70,0,28.000,0,0,0,0,0,0,0,0,0,0,0,0,0,0,0,0,1,1,1,1,1,1,0,0,0,5876,0,0,0,0,0,0,0,0,0
0.367500,0.00,0.000,0.000,0,0,0.000,0,0,18.000,39.000,55.000,0,0,0,0,0,0,0,0,0,0,0,144,0,3,70,0,28.000,0,0,0,0,0,0,0,0,0,0,0,0,0,0,0,0,1,1,1,1,1,1,0,0,0,5880,0,0,0,0,0,0,0,0,0
0.367750,0.00,0.000,0.000,0,0,0.000,0,0,18.000,39.000,55.000,0,0,0,0,0,0,0,0,0,0,0,144,0,3,70,0,28.000,0,0,0,0,0,0,0,0,0,0,0,0,0,0,0,0,1,1,1,1,1,1,0,0,0,5884,0,0,0,0,0,0,0,0,0
0.368000,0.00,0.000,0.000,0,0,0.000,0,0,18.000,39.000,55.000,0,0,0,0,0,0,0,0,0,0,0,144,0,3,70,0,28.000,0,0,0,0,0,0,0,0,0,0,0,0,0,0,0,0,1,1,1,1,1,1,0,0,0,5888,0,0,0,0,0,0,0,0,0
0.368250,0.00,0.000,0.000,0,0,0.000,0,0,18.000,39.000,55.000,0,0,0,0,0,0,0,0,0,0,0,144,0,3,70,0,28.000,0,0,0,0,0,0,0,0,0,0,0,0,0,0,0,0,1,1,1,1,1,1,0,0,0,5892,0,0,0,0,0,0,0,0,0
0.368500,0.00,0.000,0.000,0,0,0.000,0,0,18.000,39.000,55.000,0,0,0,0,0,0,0,0,0,0,0,144,0,3,70,0,28.000,0,0,0,0,0,0,0,0,0,0,0,0,0,0,0,0,1,1,1,1,1,1,0,0,0,5896,0,0,0,0,0,0,0,0,0
0.368750,0.00,0.000,0.000,0,0,0.000,0,0,18.000,39.000,55.000,0,0,0,0,0,0,0,0,0,0,0,144,0,3,70,0,28.000,0,0,0,0,0,0,0,0,0,0,0,0,0,0,0,0,1,1,1,1,1,1,0,0,0,5900,0,0,0,0,0,0,0,0,0
0.369000,0.00,0.000,0.000,0,0,0.000,0,0,18.000,39.000,55.000,0,0,0,0,0,0,0,0,0,0,0,144,0,3,70,0,28.000,0,0,0,0,0,0,0,0,0,0,0,0,0,0,0,0,1,1,1,1,1,1,0,0,0,5904,0,0,0,0,0,0,0,0,0
0.369250,0.00,0.000,0.000,0,0,0.000,0,0,18.000,39.000,55.000,0,0,0,0,0,0,0,0,0,0,0,144,0,3,70,0,28.000,0,0,0,0,0,0,0,0,0,0,0,0,0,0,0,0,1,1,1,1,1,1,0,0,0,5908,0,0,0,0,0,0,0,0,0
0.369500,0.00,0.000,0.000,0,0,0.000,0,0,18.000,39.000,55.000,0,0,0,0,0,0,0,0,0,0,0,144,0,3,70,0,28.000,0,0,0,0,0,0,0,0,0,0,0,0,0,0,0,0,1,1,1,1,1,1,0,0,0,5912,0,0,0,0,0,0,0,0,0
0.369750,0.00,0.000,0.000,0,0,0.000,0,0,18.000,39.000,55.000,0,0,0,0,0,0,0,0,0,0,0,144,0,3,70,0,28.000,0,0,0,0,0,0,0,0,0,0,0,0,0,0,0,0,1,1,1,1,1,1,0,0,0,5916,0,0,0,0,0,0,0,0,0
0.370000,0.00,0.000,0.000,0,0,0.000,0,0,18.000,39.000,55.000,0,0,0,0,0,0,0,0,0,0,0,144,0,3,70,0,28.000,0,0,0,0,0,0,0,0,0,0,0,0,0,0,0,0,1,1,1,1,1,1,0,0,0,5920,0,0,0,0,0,0,0,0,0
0.370250,0.00,0.000,0.000,0,0,0.000,0,0,18.000,39.000,55.000,0,0,0,0,0,0,0,0,0,0,0,144,0,3,70,0,28.000,0,0,0,0,0,0,0,0,0,0,0,0,0,0,0,0,1,1,1,1,1,1,0,0,0,5924,0,0,0,0,0,0,0,0,0
0.370500,0.00,0.000,0.000,0,0,0.000,0,0,18.000,39.000,55.000,0,0,0,0,0,0,0,0,0,0,0,144,0,3,70,0,28.000,0,0,0,0,0,0,0,0,0,0,0,0,0,0,0,0,1,1,1,1,1,1,0,0,0,5928,0,0,0,0,0,0,0,0,0
0.370750,0.00,0.000,0.000,0,0,0.000,0,0,18.000,39.000,55.000,0,0,0,0,0,0,0,0,0,0,0,144,0,3,70,0,28.000,0,0,0,0,0,0,0,0,0,0,0,0,0,0,0,0,1,1,1,1,1,1,0,0,0,5932,0,0,0,0,0,0,0,0,0
0.371000,0.00,0.000,0.000,0,0,0.000,0,0,18.000,39.000,55.000,0,0,0,0,0,0,0,0,0,0,0,144,0,3,70,0,28.000,0,0,0,0,0,0,0,0,0,0,0,0,0,0,0,0,1,1,1,1,1,1,0,0,0,5936,0,0,0,0,0,0,0,0,0
0.371250,0.00,0.000,0.000,0,0,0.000,0,0,18.000,39.000,55.000,0,0,0,0,0,0,0,0,0,0,0,144,0,3,70,0,28.000,0,0,0,0,0,0,0,0,0,0,0,0,0,0,0,0,1,1,1,1,1,1,0,0,0,5940,0,0,0,0,0,0,0,0,0
0.371500,0.00,0.000,0.000,0,0,0.000,0,0,18.000,39.000,55.000,0,0,0,0,0,0,0,0,0,0,0,144,0,3,70,0,28.000,0,0,0,0,0,0,0,0,0,0,0,0,0,0,0,0,1,1,1,1,1,1,0,0,0,5944,0,0,0,0,0,0,0,0,0
0.371750,0.00,0.000,0.000,0,0,0.000,0,0,18.000,39.000,55.000,0,0,0,0,0,0,0,0,0,0,0,144,0,3,70,0,28.000,0,0,0,0,0,0,0,0,0,0,0,0,0,0,0,0,1,1,1,1,1,1,0,0,0,5948,0,0,0,0,0,0,0,0,0
0.372000,0.00,0.000,0.000,0,0,0.000,0,0,18.000,39.000,55.000,0,0,0,0,0,0,0,0,0,0,0,144,0,3,70,0,28.000,0,0,0,0,0,0,0,0,0,0,0,0,0,0,0,0,1,1,1,1,1,1,0,0,0,5952,0,0,0,0,0,0,0,0,0
0.372250,0.00,0.000,0.000,0,0,0.000,0,0,18.000,39.000,55.000,0,0,0,0,0,0,0,0,0,0,0,144,0,3,70,0,28.000,0,0,0,0,0,0,0,0,0,0,0,0,0,0,0,0,1,1,1,1,1,1,0,0,0,5956,0,0,0,0,0,0,0,0,0
0.372500,0.00,0.000,0.000,0,0,0.000,0,0,18.000,39.000,55.000,0,0,0,0,0,0,0,0,0,0,0,144,0,3,70,0,28.000,0,0,0,0,0,0,0,0,0,0,0,0,0,0,0,0,1,1,1,1,1,1,0,0,0,5960,0,0,0,0,0,0,0,0,0
0.372750,0.00,0.000,0.000,0,0,0.000,0,0,18.000,39.000,55.000,0,0,0,0,0,0,0,0,0,0,0,144,0,3,70,0,28.000,0,0,0,0,0,0,0,0,0,0,0,0,0,0,0,0,1,1,1,1,1,1,0,0,0,5964,0,0,0,0,0,0,0,0,0
0.373000,0.00,0.000,0.000,0,0,0.000,0,0,18.000,39.000,55.000,0,0,0,0,0,0,0,0,0,0,0,144,0,3,70,0,28.000,0,0,0,0,0,0,0,0,0,0,0,0,0,0,0,0,1,1,1,1,1,1,0,0,0,5968,0,0,0,0,0,0,0,0,0
0.373250,0.00,0.000,0.000,0,0,0.000,0,0,18.000,39.000,55.000,0,0,0,0,0,0,0,0,0,0,0,144,0,3,70,0,28.000,0,0,0,0,0,0,0,0,0,0,0,0,0,0,0,0,1,1,1,1,1,1,0,0,0,5972,0,0,0,0,0,0,0,0,0
0.373500,0.00,0.000,0.000,0,0,0.000,0,0,18.000,39.000,55.000,0,0,0,0,0,0,0,0,0,0,0,144,0,3,70,0,28.000,0,0,0,0,0,0,0,0,0,0,0,0,0,0,0,0,1,1,1,1,1,1,0,0,0,5976,0,0,0,0,0,0,0,0,0
0.373750,0.00,0.000,0.000,0,0,0.000,0,0,18.000,39.000,55.000,0,0,0,0,0,0,0,0,0,0,0,144,0,3,70,0,28.000,0,0,0,0,0,0,0,0,0,0,0,0,0,0,0,0,1,1,1,1,1,1,0,0,0,5980,0,0,0,0,0,0,0,0,0
0.374000,0.00,0.000,0.000,0,0,0.000,0,0,18.000,39.000,55.000,0,0,0,0,0,0,0,0,0,0,0,144,0,3,70,0,28.000,0,0,0,0,0,0,0,0,0,0,0,0,0,0,0,0,1,1,1,1,1,1,0,0,0,5984,0,0,0,0,0,0,0,0,0
0.374250,0.00,0.000,0.000,0,0,0.000,0,0,18.000,39.000,55.000,0,0,0,0,0,0,0,0,0,0,0,144,0,3,70,0,28.000,0,0,0,0,0,0,0,0,0,0,0,0,0,0,0,0,1,1,1,1,1,1,0,0,0,5988,0,0,0,0,0,0,0,0,0
0.374500,0.00,0.000,0.000,0,0,0.000,0,0,18.000,39.000,55.000,0,0,0,0,0,0,0,0,0,0,0,144,0,3,70,0,28.000,0,0,0,0,0,0,0,0,0,0,0,0,0,0,0,0,1,1,1,1,1,1,0,0,0,5992,0,0,0,0,0,0,0,0,0
0.374750,0.00,0.000,0.000,0,0,0.000,0,0,18.000,39.000,55.000,0,0,0,0,0,0,0,0,0,0,0,144,0,3,70,0,28.000,0,0,0,0,0,0,0,0,0,0,0,0,0,0,0,0,1,1,1,1,1,1,0,0,0,5996,0,0,0,0,0,0,0,0,0
0.375000,0.00,0.000,0.000,0,0,0.000,0,0,18.000,39.000,55.000,0,0,0,0,0,0,0,0,0,0,0,144,0,3,70,0,28.000,0,0,0,0,0,0,0,0,0,0,0,0,0,0,0,0,1,1,1,1,1,1,0,0,0,6000,0,0,0,0,0,0,0,0,0
0.375250,0.00,0.000,0.000,0,0,0.000,0,0,18.000,39.000,55.000,0,0,0,0,0,0,0,0,0,0,0,144,0,3,70,0,28.000,0,0,0,0,0,0,0,0,0,0,0,0,0,0,0,0,1,1,1,1,1,1,0,0,0,6004,0,0,0,0,0,0,0,0,0
0.375500,0.00,0.000,0.000,0,0,0.000,0,0,18.000,39.000,55.000,0,0,0,0,0,0,0,0,0,0,0,144,0,3,70,0,28.000,0,0,0,0,0,0,0,0,0,0,0,0,0,0,0,0,1,1,1,1,1,1,0,0,0,6008,0,0,0,0,0,0,0,0,0
0.375750,0.00,0.000,0.000,0,0,0.000,0,0,18.000,39.000,55.000,0,0,0,0,0,0,0,0,0,0,0,144,0,3,70,0,28.000,0,0,0,0,0,0,0,0,0,0,0,0,0,0,0,0,1,1,1,1,1,1,0,0,0,6012,0,0,0,0,0,0,0,0,0
0.376000,0.00,0.000,0.000,0,0,0.000,0,0,18.000,39.000,55.000,0,0,0,0,0,0,0,0,0,0,0,144,0,3,70,0,28.000,0,0,0,0,0,0,0,0,0,0,0,0,0,0,0,0,1,1,1,1,1,1,0,0,0,6016,0,0,0,0,0,0,0,0,0
0.376250,0.00,0.000,0.000,0,0,0.000,0,0,18.000,39.000,55.000,0,0,0,0,0,0,0,0,0,0,0,144,0,3,70,0,28.000,0,0,0,0,0,0,0,0,0,0,0,0,0,0,0,0,1,1,1,1,1,1,0,0,0,6020,0,0,0,0,0,0,0,0,0
0.376500,0.00,0.000,0.000,0,0,0.000,0,0,18.000,39.000,55.000,0,0,0,0,0,0,0,0,0,0,0,144,0,3,70,0,28.000,0,0,0,0,0,0,0,0,0,0,0,0,0,0,0,0,1,1,1,1,1,1,0,0,0,6024,0,0,0,0,0,0,0,0,0
0.376750,0.00,0.000,0.000,0,0,0.000,0,0,18.000,39.000,55.000,0,0,0,0,0,0,0,0,0,0,0,144,0,3,70,0,28.000,0,0,0,0,0,0,0,0,0,0,0,0,0,0,0,0,1,1,1,1,1,1,0,0,0,6028,0,0,0,0,0,0,0,0,0
0.377000,0.00,0.000,0.000,0,0,0.000,0,0,18.000,39.000,55.000,0,0,0,0,0,0,0,0,0,0,0,144,0,3,70,0,28.000,0,0,0,0,0,0,0,0,0,0,0,0,0,0,0,0,1,1,1,1,1,1,0,0,0,6032,0,0,0,0,0,0,0,0,0
0.377250,0.00,0.000,0.000,0,0,0.000,0,0,18.000,39.000,55.000,0,0,0,0,0,0,0,0,0,0,0,144,0,3,70,0,28.000,0,0,0,0,0,0,0,0,0,0,0,0,0,0,0,0,1,1,1,1,1,1,0,0,0,6036,0,0,0,0,0,0,0,0,0
0.377500,0.00,0.000,0.000,0,0,0.000,0,0,18.000,39.000,55.000,0,0,0,0,0,0,0,0,0,0,0,144,0,3,70,0,28.000,0,0,0,0,0,0,0,0,0,0,0,0,0,0,0,0,1,1,1,1,1,1,0,0,0,6040,0,0,0,0,0,0,0,0,0
0.377750,0.00,0.000,0.000,0,0,0.000,0,0,18.000,39.000,55.000,0,0,0,0,0,0,0,0,0,0,0,144,0,3,70,0,28.000,0,0,0,0,0,0,0,0,0,0,0,0,0,0,0,0,1,1,1,1,1,1,0,0,0,6044,0,0,0,0,0,0,0,0,0
0.378000,0.00,0.000,0.000,0,0,0.000,0,0,18.000,39.000,55.000,0,0,0,0,0,0,0,0,0,0,0,144,0,3,70,0,28.000,0,0,0,0,0,0,0,0,0,0,0,0,0,0,0,0,1,1,1,1,1,1,0,0,0,6048,0,0,0,0,0,0,0,0,0
0.378250,0.00,0.000,0.000,0,0,0.000,0,0,18.000,39.000,55.000,0,0,0,0,0,0,0,0,0,0,0,144,0,3,70,0,28.000,0,0,0,0,0,0,0,0,0,0,0,0,0,0,0,0,1,1,1,1,1,1,0,0,0,6052,0,0,0,0,0,0,0,0,0
0.378500,0.00,0.000,0.000,0,0,0.000,0,0,18.000,39.000,55.000,0,0,0,0,0,0,0,0,0,0,0,144,0,3,70,0,28.000,0,0,0,0,0,0,0,0,0,0,0,0,0,0,0,0,1,1,1,1,1,1,0,0,0,6056,0,0,0,0,0,0,0,0,0
0.378750,0.00,0.000,0.000,0,0,0.000,0,0,18.000,39.000,55.000,0,0,0,0,0,0,0,0,0,0,0,144,0,3,70,0,28.000,0,0,0,0,0,0,0,0,0,0,0,0,0,0,0,0,1,1,1,1,1,1,0,0,0,6060,0,0,0,0,0,0,0,0,0
0.379000,0.00,0.000,0.000,0,0,0.000,0,0,18.000,39.000,55.000,0,0,0,0,0,0,0,0,0,0,0,144,0,3,70,0,28.000,0,0,0,0,0,0,0,0,0,0,0,0,0,0,0,0,1,1,1,1,1,1,0,0,0,6064,0,0,0,0,0,0,0,0,0
0.379250,0.00,0.000,0.000,0,0,0.000,0,0,18.000,39.000,55.000,0,0,0,0,0,0,0,0,0,0,0,144,0,3,70,0,28.000,0,0,0,0,0,0,0,0,0,0,0,0,0,0,0,0,1,1,1,1,1,1,0,0,0,6068,0,0,0,0,0,0,0,0,0
0.379500,0.00,0.000,0.000,0,0,0.000,0,0,18.000,39.000,55.000,0,0,0,0,0,0,0,0,0,0,0,144,0,3,70,0,28.000,0,0,0,0,0,0,0,0,0,0,0,0,0,0,0,0,1,1,1,1,1,1,0,0,0,6072,0,0,0,0,0,0,0,0,0
0.379750,0.00,0.000,0.000,0,0,0.000,0,0,18.000,39.000,55.000,0,0,0,0,0,0,0,0,0,0,0,144,0,3,70,0,28.000,0,0,0,0,0,0,0,0,0,0,0,0,0,0,0,0,1,1,1,1,1,1,0,0,0,6076,0,0,0,0,0,0,0,0,0
0.380000,0.00,0.000,0.000,0,0,0.000,0,0,18.000,39.000,55.000,0,0,0,0,0,0,0,0,0,0,0,144,0,3,70,0,28.000,0,0,0,0,0,0,0,0,0,0,0,0,0,0,0,0,1,1,1,1,1,1,0,0,0,6080,0,0,0,0,0,0,0,0,0
0.380250,0.00,0.000,0.000,0,0,0.000,0,0,18.000,39.000,55.000,0,0,0,0,0,0,0,0,0,0,0,144,0,3,70,0,28.000,0,0,0,0,0,0,0,0,0,0,0,0,0,0,0,0,1,1,1,1,1,1,0,0,0,6084,0,0,0,0,0,0,0,0,0
0.380500,0.00,0.000,0.000,0,0,0.000,0,0,18.000,39.000,55.000,0,0,0,0,0,0,0,0,0,0,0,144,0,3,70,0,28.000,0,0,0,0,0,0,0,0,0,0,0,0,0,0,0,0,1,1,1,1,1,1,0,0,0,6088,0,0,0,0,0,0,0,0,0
0.380750,0.00,0.000,0.000,0,0,0.000,0,0,18.000,39.000,55.000,0,0,0,0,0,0,0,0,0,0,0,144,0,3,70,0,28.000,0,0,0,0,0,0,0,0,0,0,0,0,0,0,0,0,1,1,1,1,1,1,0,0,0,6092,0,0,0,0,0,0,0,0,0
0.381000,0.00,0.000,0.000,0,0,0.000,0,0,18.000,39.000,55.000,0,0,0,0,0,0,0,0,0,0,0,144,0,3,70,0,28.000,0,0,0,0,0,0,0,0,0,0,0,0,0,0,0,0,1,1,1,1,1,1,0,0,0,6096,0,0,0,0,0,0,0,0,0
0.381250,0.00,0.000,0.000,0,0,0.000,0,0,18.000,39.000,55.000,0,0,0,0,0,0,0,0,0,0,0,144,0,3,70,0,28.000,0,0,0,0,0,0,0,0,0,0,0,0,0,0,0,0,1,1,1,1,1,1,0,0,0,6100,0,0,0,0,0,0,0,0,0
0.381500,0.00,0.000,0.000,0,0,0.000,0,0,18.000,39.000,55.000,0,0,0,0,0,0,0,0,0,0,0,144,0,3,70,0,28.000,0,0,0,0,0,0,0,0,0,0,0,0,0,0,0,0,1,1,1,1,1,1,0,0,0,6104,0,0,0,0,0,0,0,0,0
0.381750,0.00,0.000,0.000,0,0,0.000,0,0,18.000,39.000,55.000,0,0,0,0,0,0,0,0,0,0,0,144,0,3,70,0,28.000,0,0,0,0,0,0,0,0,0,0,0,0,0,0,0,0,1,1,1,1,1,1,0,0,0,6108,0,0,0,0,0,0,0,0,0
0.382000,0.00,0.000,0.000,0,0,0.000,0,0,18.000,39.000,55.000,0,0,0,0,0,0,0,0,0,0,0,144,0,3,70,0,28.000,0,0,0,0,0,0,0,0,0,0,0,0,0,0,0,0,1,1,1,1,1,1,0,0,0,6112,0,0,0,0,0,0,0,0,0
0.382250,0.00,0.000,0.000,0,0,0.000,0,0,18.000,39.000,55.000,0,0,0,0,0,0,0,0,0,0,0,144,0,3,70,0,28.000,0,0,0,0,0,0,0,0,0,0,0,0,0,0,0,0,1,1,1,1,1,1,0,0,0,6116,0,0,0,0,0,0,0,0,0
0.382500,0.00,0.000,0.000,0,0,0.000,0,0,18.000,39.000,55.000,0,0,0,0,0,0,0,0,0,0,0,144,0,3,70,0,28.000,0,0,0,0,0,0,0,0,0,0,0,0,0,0,0,0,1,1,1,1,1,1,0,0,0,6120,0,0,0,0,0,0,0,0,0
0.382750,0.00,0.000,0.000,0,0,0.000,0,0,18.000,39.000,55.000,0,0,0,0,0,0,0,0,0,0,0,144,0,3,70,0,28.000,0,0,0,0,0,0,0,0,0,0,0,0,0,0,0,0,1,1,1,1,1,1,0,0,0,6124,0,0,0,0,0,0,0,0,0
0.383000,0.00,0.000,0.000,0,0,0.000,0,0,18.000,39.000,55.000,0,0,0,0,0,0,0,0,0,0,0,144,0,3,70,0,28.000,0,0,0,0,0,0,0,0,0,0,0,0,0,0,0,0,1,1,1,1,1,1,0,0,0,6128,0,0,0,0,0,0,0,0,0
0.383250,0.00,0.000,0.000,0,0,0.000,0,0,18.000,39.000,55.000,0,0,0,0,0,0,0,0,0,0,0,144,0,3,70,0,28.000,0,0,0,0,0,0,0,0,0,0,0,0,0,0,0,0,1,1,1,1,1,1,0,0,0,6132,0,0,0,0,0,0,0,0,0
0.383500,0.00,0.000,0.000,0,0,0.000,0,0,18.000,39.000,55.000,0,0,0,0,0,0,0,0,0,0,0,144,0,3,70,0,28.000,0,0,0,0,0,0,0,0,0,0,0,0,0,0,0,0,1,1,1,1,1,1,0,0,0,6136,0,0,0,0,0,0,0,0,0
0.383750,0.00,0.000,0.000,0,0,0.000,0,0,18.000,39.000,55.000,0,0,0,0,0,0,0,0,0,0,0,144,0,3,70,0,28.000,0,0,0,0,0,0,0,0,0,0,0,0,0,0,0,0,1,1,1,1,1,1,0,0,0,6140,0,0,0,0,0,0,0,0,0
0.384000,0.00,0.000,0.000,0,0,0.000,0,0,18.000,39.000,55.000,0,0,0,0,0,0,0,0,0,0,0,144,0,3,70,0,28.000,0,0,0,0,0,0,0,0,0,0,0,0,0,0,0,0,1,1,1,1,1,1,0,0,0,6144,0,0,0,0,0,0,0,0,0
0.384250,0.00,0.000,0.000,0,0,0.000,0,0,18.000,39.000,55.000,0,0,0,0,0,0,0,0,0,0,0,144,0,3,70,0,28.000,0,0,0,0,0,0,0,0,0,0,0,0,0,0,0,0,1,1,1,1,1,1,0,0,0,6148,0,0,0,0,0,0,0,0,0
0.384500,0.00,0.000,0.000,0,0,0.000,0,0,18.000,39.000,55.000,0,0,0,0,0,0,0,0,0,0,0,144,0,3,70,0,28.000,0,0,0,0,0,0,0,0,0,0,0,0,0,0,0,0,1,1,1,1,1,1,0,0,0,6152,0,0,0,0,0,0,0,0,0
0.384750,0.00,0.000,0.000,0,0,0.000,0,0,18.000,39.000,55.000,0,0,0,0,0,0,0,0,0,0,0,144,0,3,70,0,28.000,0,0,0,0,0,0,0,0,0,0,0,0,0,0,0,0,1,1,1,1,1,1,0,0,0,6156,0,0,0,0,0,0,0,0,0
0.385000,0.00,0.000,0.000,0,0,0.000,0,0,18.000,39.000,55.000,0,0,0,0,0,0,0,0,0,0,0,144,0,3,70,0,28.000,0,0,0,0,0,0,0,0,0,0,0,0,0,0,0,0,1,1,1,1,1,1,0,0,0,6160,0,0,0,0,0,0,0,0,0
0.385250,0.00,0.000,0.000,0,0,0.000,0,0,18.000,39.000,55.000,0,0,0,0,0,0,0,0,0,0,0,144,0,3,70,0,28.000,0,0,0,0,0,0,0,0,0,0,0,0,0,0,0,0,1,1,1,1,1,1,0,0,0,6164,0,0,0,0,0,0,0,0,0
0.385500,0.00,0.000,0.000,0,0,0.000,0,0,18.000,39.000,55.000,0,0,0,0,0,0,0,0,0,0,0,144,0,3,70,0,28.000,0,0,0,0,0,0,0,0,0,0,0,0,0,0,0,0,1,1,1,1,1,1,0,0,0,6168,0,0,0,0,0,0,0,0,0
0.385750,0.00,0.000,0.000,0,0,0.000,0,0,18.000,39.000,55.000,0,0,0,0,0,0,0,0,0,0,0,144,0,3,70,0,28.000,0,0,0,0,0,0,0,0,0,0,0,0,0,0,0,0,1,1,1,1,1,1,0,0,0,6172,0,0,0,0,0,0,0,0,0
0.386000,0.00,0.000,0.000,0,0,0.000,0,0,18.000,39.000,55.000,0,0,0,0,0,0,0,0,0,0,0,144,0,3,70,0,28.000,0,0,0,0,0,0,0,0,0,0,0,0,0,0,0,0,1,1,1,1,1,1,0,0,0,6176,0,0,0,0,0,0,0,0,0
0.386250,0.00,0.000,0.000,0,0,0.000,0,0,18.000,39.000,55.000,0,0,0,0,0,0,0,0,0,0,0,144,0,3,70,0,28.000,0,0,0,0,0,0,0,0,0,0,0,0,0,0,0,0,1,1,1,1,1,1,0,0,0,6180,0,0,0,0,0,0,0,0,0
0.386500,0.00,0.000,0.000,0,0,0.000,0,0,18.000,39.000,55.000,0,0,0,0,0,0,0,0,0,0,0,144,0,3,70,0,28.000,0,0,0,0,0,0,0,0,0,0,0,0,0,0,0,0,1,1,1,1,1,1,0,0,0,6184,0,0,0,0,0,0,0,0,0
0.386750,0.00,0.000,0.000,0,0,0.000,0,0,18.000,39.000,55.000,0,0,0,0,0,0,0,0,0,0,0,144,0,3,70,0,28.000,0,0,0,0,0,0,0,0,0,0,0,0,0,0,0,0,1,1,1,1,1,1,0,0,0,6188,0,0,0,0,0,0,0,0,0
0.387000,0.00,0.000,0.000,0,0,0.000,0,0,18.000,39.000,55.000,0,0,0,0,0,0,0,0,0,0,0,144,0,3,70,0,28.000,0,0,0,0,0,0,0,0,0,0,0,0,0,0,0,0,1,1,1,1,1,1,0,0,0,6192,0,0,0,0,0,0,0,0,0
0.387250,0.00,0.000,0.000,0,0,0.000,0,0,18.000,39.000,55.000,0,0,0,0,0,0,0,0,0,0,0,144,0,3,70,0,28.000,0,0,0,0,0,0,0,0,0,0,0,0,0,0,0,0,1,1,1,1,1,1,0,0,0,6196,0,0,0,0,0,0,0,0,0
0.387500,0.00,0.000,0.000,0,0,0.000,0,0,18.000,39.000,55.000,0,0,0,0,0,0,0,0,0,0,0,144,0,3,70,0,28.000,0,0,0,0,0,0,0,0,0,0,0,0,0,0,0,0,1,1,1,1,1,1,0,0,0,6200,0,0,0,0,0,0,0,0,0
0.387750,0.00,0.000,0.000,0,0,0.000,0,0,18.000,39.000,55.000,0,0,0,0,0,0,0,0,0,0,0,144,0,3,70,0,28.000,0,0,0,0,0,0,0,0,0,0,0,0,0,0,0,0,1,1,1,1,1,1,0,0,0,6204,0,0,0,0,0,0,0,0,0
0.388000,0.00,0.000,0.000,0,0,0.000,0,0,18.000,39.000,55.000,0,0,0,0,0,0,0,0,0,0,0,144,0,3,70,0,28.000,0,0,0,0,0,0,0,0,0,0,0,0,0,0,0,0,1,1,1,1,1,1,0,0,0,6208,0,0,0,0,0,0,0,0,0
0.388250,0.00,0.000,0.000,0,0,0.000,0,0,18.000,39.000,55.000,0,0,0,0,0,0,0,0,0,0,0,144,0,3,70,0,28.000,0,0,0,0,0,0,0,0,0,0,0,0,0,0,0,0,1,1,1,1,1,1,0,0,0,6212,0,0,0,0,0,0,0,0,0
0.388500,0.00,0.000,0.000,0,0,0.000,0,0,18.000,39.000,55.000,0,0,0,0,0,0,0,0,0,0,0,144,0,3,70,0,28.000,0,0,0,0,0,0,0,0,0,0,0,0,0,0,0,0,1,1,1,1,1,1,0,0,0,6216,0,0,0,0,0,0,0,0,0
0.388750,0.00,0.000,0.000,0,0,0.000,0,0,18.000,39.000,55.000,0,0,0,0,0,0,0,0,0,0,0,144,0,3,70,0,28.000,0,0,0,0,0,0,0,0,0,0,0,0,0,0,0,0,1,1,1,1,1,1,0,0,0,6220,0,0,0,0,0,0,0,0,0
0.389000,0.00,0.000,0.000,0,0,0.000,0,0,18.000,39.000,55.000,0,0,0,0,0,0,0,0,0,0,0,144,0,3,70,0,28.000,0,0,0,0,0,0,0,0,0,0,0,0,0,0,0,0,1,1,1,1,1,1,0,0,0,6224,0,0,0,0,0,0,0,0,0
0.389250,0.00,0.000,0.000,0,0,0.000,0,0,18.000,39.000,55.000,0,0,0,0,0,0,0,0,0,0,0,144,0,3,70,0,28.000,0,0,0,0,0,0,0,0,0,0,0,0,0,0,0,0,1,1,1,1,1,1,0,0,0,6228,0,0,0,0,0,0,0,0,0
0.389500,0.00,0.000,0.000,0,0,0.000,0,0,18.000,39.000,55.000,0,0,0,0,0,0,0,0,0,0,0,144,0,3,70,0,28.000,0,0,0,0,0,0,0,0,0,0,0,0,0,0,0,0,1,1,1,1,1,1,0,0,0,6232,0,0,0,0,0,0,0,0,0
0.389750,0.00,0.000,0.000,0,0,0.000,0,0,18.000,39.000,55.000,0,0,0,0,0,0,0,0,0,0,0,144,0,3,70,0,28.000,0,0,0,0,0,0,0,0,0,0,0,0,0,0,0,0,1,1,1,1,1,1,0,0,0,6236,0,0,0,0,0,0,0,0,0
0.390000,0.00,0.000,0.000,0,0,0.000,0,0,18.000,39.000,55.000,0,0,0,0,0,0,0,0,0,0,0,144,0,3,70,0,28.000,0,0,0,0,0,0,0,0,0,0,0,0,0,0,0,0,1,1,1,1,1,1,0,0,0,6240,0,0,0,0,0,0,0,0,0
0.390250,0.00,0.000,0.000,0,0,0.000,0,0,18.000,39.000,55.000,0,0,0,0,0,0,0,0,0,0,0,144,0,3,70,0,28.000,0,0,0,0,0,0,0,0,0,0,0,0,0,0,0,0,1,1,1,1,1,1,0,0,0,6244,0,0,0,0,0,0,0,0,0
0.390500,0.00,0.000,0.000,0,0,0.000,0,0,18.000,39.000,55.000,0,0,0,0,0,0,0,0,0,0,0,144,0,3,70,0,28.000,0,0,0,0,0,0,0,0,0,0,0,0,0,0,0,0,1,1,1,1,1,1,0,0,0,6248,0,0,0,0,0,0,0,0,0
0.390750,0.00,0.000,0.000,0,0,0.000,0,0,18.000,39.000,55.000,0,0,0,0,0,0,0,0,0,0,0,144,0,3,70,0,28.000,0,0,0,0,0,0,0,0,0,0,0,0,0,0,0,0,1,1,1,1,1,1,0,0,0,6252,0,0,0,0,0,0,0,0,0
0.391000,0.00,0.000,0.000,0,0,0.000,0,0,18.000,39.000,55.000,0,0,0,0,0,0,0,0,0,0,0,144,0,3,70,0,28.000,0,0,0,0,0,0,0,0,0,0,0,0,0,0,0,0,1,1,1,1,1,1,0,0,0,6256,0,0,0,0,0,0,0,0,0
0.391250,0.00,0.000,0.000,0,0,0.000,0,0,18.000,39.000,55.000,0,0,0,0,0,0,0,0,0,0,0,144,0,3,70,0,28.000,0,0,0,0,0,0,0,0,0,0,0,0,0,0,0,0,1,1,1,1,1,1,0,0,0,6260,0,0,0,0,0,0,0,0,0
0.391500,0.00,0.000,0.000,0,0,0.000,0,0,18.000,39.000,55.000,0,0,0,0,0,0,0,0,0,0,0,144,0,3,70,0,28.000,0,0,0,0,0,0,0,0,0,0,0,0,0,0,0,0,1,1,1,1,1,1,0,0,0,6264,0,0,0,0,0,0,0,0,0
0.391750,0.00,0.000,0.000,0,0,0.000,0,0,18.000,39.000,55.000,0,0,0,0,0,0,0,0,0,0,0,144,0,3,70,0,28.000,0,0,0,0,0,0,0,0,0,0,0,0,0,0,0,0,1,1,1,1,1,1,0,0,0,6268,0,0,0,0,0,0,0,0,0
0.392000,0.00,0.000,0.000,0,0,0.000,0,0,18.000,39.000,55.000,0,0,0,0,0,0,0,0,0,0,0,144,0,3,70,0,28.000,0,0,0,0,0,0,0,0,0,0,0,0,0,0,0,0,1,1,1,1,1,1,0,0,0,6272,0,0,0,0,0,0,0,0,0
0.392250,0.00,0.000,0.000,0,0,0.000,0,0,18.000,39.000,55.000,0,0,0,0,0,0,0,0,0,0,0,144,0,3,70,0,28.000,0,0,0,0,0,0,0,0,0,0,0,0,0,0,0,0,1,1,1,1,1,1,0,0,0,6276,0,0,0,0,0,0,0,0,0
0.392500,0.00,0.000,0.000,0,0,0.000,0,0,18.000,39.000,55.000,0,0,0,0,0,0,0,0,0,0,0,144,0,3,70,0,28.000,0,0,0,0,0,0,0,0,0,0,0,0,0,0,0,0,1,1,1,1,1,1,0,0,0,6280,0,0,0,0,0,0,0,0,0
0.392750,0.00,0.000,0.000,0,0,0.000,0,0,18.000,39.000,55.000,0,0,0,0,0,0,0,0,0,0,0,144,0,3,70,0,28.000,0,0,0,0,0,0,0,0,0,0,0,0,0,0,0,0,1,1,1,1,1,1,0,0,0,6284,0,0,0,0,0,0,0,0,0
0.393000,0.00,0.000,0.000,0,0,0.000,0,0,18.000,39.000,55.000,0,0,0,0,0,0,0,0,0,0,0,144,0,3,70,0,28.000,0,0,0,0,0,0,0,0,0,0,0,0,0,0,0,0,1,1,1,1,1,1,0,0,0,6288,0,0,0,0,0,0,0,0,0
0.393250,0.00,0.000,0.000,0,0,0.000,0,0,18.000,39.000,55.000,0,0,0,0,0,0,0,0,0,0,0,144,0,3,70,0,28.000,0,0,0,0,0,0,0,0,0,0,0,0,0,0,0,0,1,1,1,1,1,1,0,0,0,6292,0,0,0,0,0,0,0,0,0
0.393500,0.00,0.000,0.000,0,0,0.000,0,0,18.000,39.000,55.000,0,0,0,0,0,0,0,0,0,0,0,144,0,3,70,0,28.000,0,0,0,0,0,0,0,0,0,0,0,0,0,0,0,0,1,1,1,1,1,1,0,0,0,6296,0,0,0,0,0,0,0,0,0
0.393750,0.00,0.000,0.000,0,0,0.000,0,0,18.000,39.000,55.000,0,0,0,0,0,0,0,0,0,0,0,144,0,3,70,0,28.000,0,0,0,0,0,0,0,0,0,0,0,0,0,0,0,0,1,1,1,1,1,1,0,0,0,6300,0,0,0,0,0,0,0,0,0
0.394000,0.00,0.000,0.000,0,0,0.000,0,0,18.000,39.000,55.000,0,0,0,0,0,0,0,0,0,0,0,144,0,3,70,0,28.000,0,0,0,0,0,0,0,0,0,0,0,0,0,0,0,0,1,1,1,1,1,1,0,0,0,6304,0,0,0,0,0,0,0,0,0
0.394250,0.00,0.000,0.000,0,0,0.000,0,0,18.000,39.000,55.000,0,0,0,0,0,0,0,0,0,0,0,144,0,3,70,0,28.000,0,0,0,0,0,0,0,0,0,0,0,0,0,0,0,0,1,1,1,1,1,1,0,0,0,6308,0,0,0,0,0,0,0,0,0
0.394500,0.00,0.000,0.000,0,0,0.000,0,0,18.000,39.000,55.000,0,0,0,0,0,0,0,0,0,0,0,144,0,3,70,0,28.000,0,0,0,0,0,0,0,0,0,0,0,0,0,0,0,0,1,1,1,1,1,1,0,0,0,6312,0,0,0,0,0,0,0,0,0
0.394750,0.00,0.000,0.000,0,0,0.000,0,0,18.000,39.000,55.000,0,0,0,0,0,0,0,0,0,0,0,144,0,3,70,0,28.000,0,0,0,0,0,0,0,0,0,0,0,0,0,0,0,0,1,1,1,1,1,1,0,0,0,6316,0,0,0,0,0,0,0,0,0
0.395000,0.00,0.000,0.000,0,0,0.000,0,0,18.000,39.000,55.000,0,0,0,0,0,0,0,0,0,0,0,144,0,3,70,0,28.000,0,0,0,0,0,0,0,0,0,0,0,0,0,0,0,0,1,1,1,1,1,1,0,0,0,6320,0,0,0,0,0,0,0,0,0
0.395250,0.00,0.000,0.000,0,0,0.000,0,0,18.000,39.000,55.000,0,0,0,0,0,0,0,0,0,0,0,144,0,3,70,0,28.000,0,0,0,0,0,0,0,0,0,0,0,0,0,0,0,0,1,1,1,1,1,1,0,0,0,6324,0,0,0,0,0,0,0,0,0
0.395500,0.00,0.000,0.000,0,0,0.000,0,0,18.000,39.000,55.000,0,0,0,0,0,0,0,0,0,0,0,144,0,3,70,0,28.000,0,0,0,0,0,0,0,0,0,0,0,0,0,0,0,0,1,1,1,1,1,1,0,0,0,6328,0,0,0,0,0,0,0,0,0
0.395750,0.00,0.000,0.000,0,0,0.000,0,0,18.000,39.000,55.000,0,0,0,0,0,0,0,0,0,0,0,144,0,3,70,0,28.000,0,0,0,0,0,0,0,0,0,0,0,0,0,0,0,0,1,1,1,1,1,1,0,0,0,6332,0,0,0,0,0,0,0,0,0
0.396000,0.00,0.000,0.000,0,0,0.000,0,0,18.000,39.000,55.000,0,0,0,0,0,0,0,0,0,0,0,144,0,3,70,0,28.000,0,0,0,0,0,0,0,0,0,0,0,0,0,0,0,0,1,1,1,1,1,1,0,0,0,6336,0,0,0,0,0,0,0,0,0
0.396250,0.00,0.000,0.000,0,0,0.000,0,0,18.000,39.000,55.000,0,0,0,0,0,0,0,0,0,0,0,144,0,3,70,0,28.000,0,0,0,0,0,0,0,0,0,0,0,0,0,0,0,0,1,1,1,1,1,1,0,0,0,6340,0,0,0,0,0,0,0,0,0
0.396500,0.00,0.000,0.000,0,0,0.000,0,0,18.000,39.000,55.000,0,0,0,0,0,0,0,0,0,0,0,144,0,3,70,0,28.000,0,0,0,0,0,0,0,0,0,0,0,0,0,0,0,0,1,1,1,1,1,1,0,0,0,6344,0,0,0,0,0,0,0,0,0
0.396750,0.00,0.000,0.000,0,0,0.000,0,0,18.000,39.000,55.000,0,0,0,0,0,0,0,0,0,0,0,144,0,3,70,0,28.000,0,0,0,0,0,0,0,0,0,0,0,0,0,0,0,0,1,1,1,1,1,1,0,0,0,6348,0,0,0,0,0,0,0,0,0
0.397000,0.00,0.000,0.000,0,0,0.000,0,0,18.000,39.000,55.000,0,0,0,0,0,0,0,0,0,0,0,144,0,3,70,0,28.000,0,0,0,0,0,0,0,0,0,0,0,0,0,0,0,0,1,1,1,1,1,1,0,0,0,6352,0,0,0,0,0,0,0,0,0
0.397250,0.00,0.000,0.000,0,0,0.000,0,0,18.000,39.000,55.000,0,0,0,0,0,0,0,0,0,0,0,144,0,3,70,0,28.000,0,0,0,0,0,0,0,0,0,0,0,0,0,0,0,0,1,1,1,1,1,1,0,0,0,6356,0,0,0,0,0,0,0,0,0
0.397500,0.00,0.000,0.000,0,0,0.000,0,0,18.000,39.000,55.000,0,0,0,0,0,0,0,0,0,0,0,144,0,3,70,0,28.000,0,0,0,0,0,0,0,0,0,0,0,0,0,0,0,0,1,1,1,1,1,1,0,0,0,6360,0,0,0,0,0,0,0,0,0
0.397750,0.00,0.000,0.000,0,0,0.000,0,0,18.000,39.000,55.000,0,0,0,0,0,0,0,0,0,0,0,144,0,3,70,0,28.000,0,0,0,0,0,0,0,0,0,0,0,0,0,0,0,0,1,1,1,1,1,1,0,0,0,6364,0,0,0,0,0,0,0,0,0
0.398000,0.00,0.000,0.000,0,0,0.000,0,0,18.000,39.000,55.000,0,0,0,0,0,0,0,0,0,0,0,144,0,3,70,0,28.000,0,0,0,0,0,0,0,0,0,0,0,0,0,0,0,0,1,1,1,1,1,1,0,0,0,6368,0,0,0,0,0,0,0,0,0
0.398250,0.00,0.000,0.000,0,0,0.000,0,0,18.000,39.000,55.000,0,0,0,0,0,0,0,0,0,0,0,144,0,3,70,0,28.000,0,0,0,0,0,0,0,0,0,0,0,0,0,0,0,0,1,1,1,1,1,1,0,0,0,6372,0,0,0,0,0,0,0,0,0
0.398500,0.00,0.000,0.000,0,0,0.000,0,0,18.000,39.000,55.000,0,0,0,0,0,0,0,0,0,0,0,144,0,3,70,0,28.000,0,0,0,0,0,0,0,0,0,0,0,0,0,0,0,0,1,1,1,1,1,1,0,0,0,6376,0,0,0,0,0,0,0,0,0
0.398750,0.00,0.000,0.000,0,0,0.000,0,0,18.000,39.000,55.000,0,0,0,0,0,0,0,0,0,0,0,144,0,3,70,0,28.000,0,0,0,0,0,0,0,0,0,0,0,0,0,0,0,0,1,1,1,1,1,1,0,0,0,6380,0,0,0,0,0,0,0,0,0
0.399000,0.00,0.000,0.000,0,0,0.000,0,0,18.000,39.000,55.000,0,0,0,0,0,0,0,0,0,0,0,144,0,3,70,0,28.000,0,0,0,0,0,0,0,0,0,0,0,0,0,0,0,0,1,1,1,1,1,1,0,0,0,6384,0,0,0,0,0,0,0,0,0
0.399250,0.00,0.000,0.000,0,0,0.000,0,0,18.000,39.000,55.000,0,0,0,0,0,0,0,0,0,0,0,144,0,3,70,0,28.000,0,0,0,0,0,0,0,0,0,0,0,0,0,0,0,0,1,1,1,1,1,1,0,0,0,6388,0,0,0,0,0,0,0,0,0
0.399500,0.00,0.000,0.000,0,0,0.000,0,0,18.000,39.000,55.000,0,0,0,0,0,0,0,0,0,0,0,144,0,3,70,0,28.000,0,0,0,0,0,0,0,0,0,0,0,0,0,0,0,0,1,1,1,1,1,1,0,0,0,6392,0,0,0,0,0,0,0,0,0
0.399750,0.00,0.000,0.000,0,0,0.000,0,0,18.000,39.000,55.000,0,0,0,0,0,0,0,0,0,0,0,144,0,3,70,0,28.000,0,0,0,0,0,0,0,0,0,0,0,0,0,0,0,0,1,1,1,1,1,1,0,0,0,6396,0,0,0,0,0,0,0,0,0
0.400000,0.00,0.000,0.000,0,0,0.000,0,0,18.000,39.000,55.000,0,0,0,0,0,0,0,0,0,0,0,144,0,3,70,0,28.000,0,0,0,0,0,0,0,0,0,0,0,0,0,0,0,0,1,1,1,1,1,1,0,0,0,6400,0,0,0,0,0,0,0,0,0
0.400250,0.00,0.000,0.000,0,0,0.000,0,0,18.000,39.000,55.000,0,0,0,0,0,0,0,0,0,0,0,144,0,3,70,0,28.000,0,0,0,0,0,0,0,0,0,0,0,0,0,0,0,0,1,1,1,1,1,1,0,0,0,6404,0,0,0,0,0,0,0,0,0
0.400500,0.00,0.000,0.000,0,0,0.000,0,0,18.000,39.000,55.000,0,0,0,0,0,0,0,0,0,0,0,144,0,3,70,0,28.000,0,0,0,0,0,0,0,0,0,0,0,0,0,0,0,0,1,1,1,1,1,1,0,0,0,6408,0,0,0,0,0,0,0,0,0
0.400750,0.00,0.000,0.000,0,0,0.000,0,0,18.000,39.000,55.000,0,0,0,0,0,0,0,0,0,0,0,144,0,3,70,0,28.000,0,0,0,0,0,0,0,0,0,0,0,0,0,0,0,0,1,1,1,1,1,1,0,0,0,6412,0,0,0,0,0,0,0,0,0
0.401000,0.00,0.000,0.000,0,0,0.000,0,0,18.000,39.000,55.000,0,0,0,0,0,0,0,0,0,0,0,144,0,3,70,0,28.000,0,0,0,0,0,0,0,0,0,0,0,0,0,0,0,0,1,1,1,1,1,1,0,0,0,6416,0,0,0,0,0,0,0,0,0
0.401250,0.00,0.000,0.000,0,0,0.000,0,0,18.000,39.000,55.000,0,0,0,0,0,0,0,0,0,0,0,144,0,3,70,0,28.000,0,0,0,0,0,0,0,0,0,0,0,0,0,0,0,0,1,1,1,1,1,1,0,0,0,6420,0,0,0,0,0,0,0,0,0
0.401500,0.00,0.000,0.000,0,0,0.000,0,0,18.000,39.000,55.000,0,0,0,0,0,0,0,0,0,0,0,144,0,3,70,0,28.000,0,0,0,0,0,0,0,0,0,0,0,0,0,0,0,0,1,1,1,1,1,1,0,0,0,6424,0,0,0,0,0,0,0,0,0
0.401750,0.00,0.000,0.000,0,0,0.000,0,0,18.000,39.000,55.000,0,0,0,0,0,0,0,0,0,0,0,144,0,3,70,0,28.000,0,0,0,0,0,0,0,0,0,0,0,0,0,0,0,0,1,1,1,1,1,1,0,0,0,6428,0,0,0,0,0,0,0,0,0
0.402000,0.00,0.000,0.000,0,0,0.000,0,0,18.000,39.000,55.000,0,0,0,0,0,0,0,0,0,0,0,144,0,3,70,0,28.000,0,0,0,0,0,0,0,0,0,0,0,0,0,0,0,0,1,1,1,1,1,1,0,0,0,6432,0,0,0,0,0,0,0,0,0
0.402250,0.00,0.000,0.000,0,0,0.000,0,0,18.000,39.000,55.000,0,0,0,0,0,0,0,0,0,0,0,144,0,3,70,0,28.000,0,0,0,0,0,0,0,0,0,0,0,0,0,0,0,0,1,1,1,1,1,1,0,0,0,6436,0,0,0,0,0,0,0,0,0
0.402500,0.00,0.000,0.000,0,0,0.000,0,0,18.000,39.000,55.000,0,0,0,0,0,0,0,0,0,0,0,144,0,3,70,0,28.000,0,0,0,0,0,0,0,0,0,0,0,0,0,0,0,0,1,1,1,1,1,1,0,0,0,6440,0,0,0,0,0,0,0,0,0
0.402750,0.00,0.000,0.000,0,0,0.000,0,0,18.000,39.000,55.000,0,0,0,0,0,0,0,0,0,0,0,144,0,3,70,0,28.000,0,0,0,0,0,0,0,0,0,0,0,0,0,0,0,0,1,1,1,1,1,1,0,0,0,6444,0,0,0,0,0,0,0,0,0
0.403000,0.00,0.000,0.000,0,0,0.000,0,0,18.000,39.000,55.000,0,0,0,0,0,0,0,0,0,0,0,144,0,3,70,0,28.000,0,0,0,0,0,0,0,0,0,0,0,0,0,0,0,0,1,1,1,1,1,1,0,0,0,6448,0,0,0,0,0,0,0,0,0
0.403250,0.00,0.000,0.000,0,0,0.000,0,0,18.000,39.000,55.000,0,0,0,0,0,0,0,0,0,0,0,144,0,3,70,0,28.000,0,0,0,0,0,0,0,0,0,0,0,0,0,0,0,0,1,1,1,1,1,1,0,0,0,6452,0,0,0,0,0,0,0,0,0
0.403500,0.00,0.000,0.000,0,0,0.000,0,0,18.000,39.000,55.000,0,0,0,0,0,0,0,0,0,0,0,144,0,3,70,0,28.000,0,0,0,0,0,0,0,0,0,0,0,0,0,0,0,0,1,1,1,1,1,1,0,0,0,6456,0,0,0,0,0,0,0,0,0
0.403750,0.00,0.000,0.000,0,0,0.000,0,0,18.000,39.000,55.000,0,0,0,0,0,0,0,0,0,0,0,144,0,3,70,0,28.000,0,0,0,0,0,0,0,0,0,0,0,0,0,0,0,0,1,1,1,1,1,1,0,0,0,6460,0,0,0,0,0,0,0,0,0
0.404000,0.00,0.000,0.000,0,0,0.000,0,0,18.000,39.000,55.000,0,0,0,0,0,0,0,0,0,0,0,144,0,3,70,0,28.000,0,0,0,0,0,0,0,0,0,0,0,0,0,0,0,0,1,1,1,1,1,1,0,0,0,6464,0,0,0,0,0,0,0,0,0
0.404250,0.00,0.000,0.000,0,0,0.000,0,0,18.000,39.000,55.000,0,0,0,0,0,0,0,0,0,0,0,144,0,3,70,0,28.000,0,0,0,0,0,0,0,0,0,0,0,0,0,0,0,0,1,1,1,1,1,1,0,0,0,6468,0,0,0,0,0,0,0,0,0
0.404500,0.00,0.000,0.000,0,0,0.000,0,0,18.000,39.000,55.000,0,0,0,0,0,0,0,0,0,0,0,144,0,3,70,0,28.000,0,0,0,0,0,0,0,0,0,0,0,0,0,0,0,0,1,1,1,1,1,1,0,0,0,6472,0,0,0,0,0,0,0,0,0
0.404750,0.00,0.000,0.000,0,0,0.000,0,0,18.000,39.000,55.000,0,0,0,0,0,0,0,0,0,0,0,144,0,3,70,0,28.000,0,0,0,0,0,0,0,0,0,0,0,0,0,0,0,0,1,1,1,1,1,1,0,0,0,6476,0,0,0,0,0,0,0,0,0
0.405000,0.00,0.000,0.000,0,0,0.000,0,0,18.000,39.000,55.000,0,0,0,0,0,0,0,0,0,0,0,144,0,3,70,0,28.000,0,0,0,0,0,0,0,0,0,0,0,0,0,0,0,0,1,1,1,1,1,1,0,0,0,6480,0,0,0,0,0,0,0,0,0
0.405250,0.00,0.000,0.000,0,0,0.000,0,0,18.000,39.000,55.000,0,0,0,0,0,0,0,0,0,0,0,144,0,3,70,0,28.000,0,0,0,0,0,0,0,0,0,0,0,0,0,0,0,0,1,1,1,1,1,1,0,0,0,6484,0,0,0,0,0,0,0,0,0
0.405500,0.00,0.000,0.000,0,0,0.000,0,0,18.000,39.000,55.000,0,0,0,0,0,0,0,0,0,0,0,144,0,3,70,0,28.000,0,0,0,0,0,0,0,0,0,0,0,0,0,0,0,0,1,1,1,1,1,1,0,0,0,6488,0,0,0,0,0,0,0,0,0
0.405750,0.00,0.000,0.000,0,0,0.000,0,0,18.000,39.000,55.000,0,0,0,0,0,0,0,0,0,0,0,144,0,3,70,0,28.000,0,0,0,0,0,0,0,0,0,0,0,0,0,0,0,0,1,1,1,1,1,1,0,0,0,6492,0,0,0,0,0,0,0,0,0
0.406000,0.00,0.000,0.000,0,0,0.000,0,0,18.000,39.000,55.000,0,0,0,0,0,0,0,0,0,0,0,144,0,3,70,0,28.000,0,0,0,0,0,0,0,0,0,0,0,0,0,0,0,0,1,1,1,1,1,1,0,0,0,6496,0,0,0,0,0,0,0,0,0
0.406250,0.00,0.000,0.000,0,0,0.000,0,0,18.000,39.000,55.000,0,0,0,0,0,0,0,0,0,0,0,144,0,3,70,0,28.000,0,0,0,0,0,0,0,0,0,0,0,0,0,0,0,0,1,1,1,1,1,1,0,0,0,6500,0,0,0,0,0,0,0,0,0
0.406500,0.00,0.000,0.000,0,0,0.000,0,0,18.000,39.000,55.000,0,0,0,0,0,0,0,0,0,0,0,144,0,3,70,0,28.000,0,0,0,0,0,0,0,0,0,0,0,0,0,0,0,0,1,1,1,1,1,1,0,0,0,6504,0,0,0,0,0,0,0,0,0
0.406750,0.00,0.000,0.000,0,0,0.000,0,0,18.000,39.000,55.000,0,0,0,0,0,0,0,0,0,0,0,144,0,3,70,0,28.000,0,0,0,0,0,0,0,0,0,0,0,0,0,0,0,0,1,1,1,1,1,1,0,0,0,6508,0,0,0,0,0,0,0,0,0
0.407000,0.00,0.000,0.000,0,0,0.000,0,0,18.000,39.000,55.000,0,0,0,0,0,0,0,0,0,0,0,144,0,3,70,0,28.000,0,0,0,0,0,0,0,0,0,0,0,0,0,0,0,0,1,1,1,1,1,1,0,0,0,6512,0,0,0,0,0,0,0,0,0
0.407250,0.00,0.000,0.000,0,0,0.000,0,0,18.000,39.000,55.000,0,0,0,0,0,0,0,0,0,0,0,144,0,3,70,0,28.000,0,0,0,0,0,0,0,0,0,0,0,0,0,0,0,0,1,1,1,1,1,1,0,0,0,6516,0,0,0,0,0,0,0,0,0
0.407500,0.00,0.000,0.000,0,0,0.000,0,0,18.000,39.000,55.000,0,0,0,0,0,0,0,0,0,0,0,144,0,3,70,0,28.000,0,0,0,0,0,0,0,0,0,0,0,0,0,0,0,0,1,1,1,1,1,1,0,0,0,6520,0,0,0,0,0,0,0,0,0
0.407750,0.00,0.000,0.000,0,0,0.000,0,0,18.000,39.000,55.000,0,0,0,0,0,0,0,0,0,0,0,144,0,3,70,0,28.000,0,0,0,0,0,0,0,0,0,0,0,0,0,0,0,0,1,1,1,1,1,1,0,0,0,6524,0,0,0,0,0,0,0,0,0
0.408000,0.00,0.000,0.000,0,0,0.000,0,0,18.000,39.000,55.000,0,0,0,0,0,0,0,0,0,0,0,144,0,3,70,0,28.000,0,0,0,0,0,0,0,0,0,0,0,0,0,0,0,0,1,1,1,1,1,1,0,0,0,6528,0,0,0,0,0,0,0,0,0
0.408250,0.00,0.000,0.000,0,0,0.000,0,0,18.000,39.000,55.000,0,0,0,0,0,0,0,0,0,0,0,144,0,3,70,0,28.000,0,0,0,0,0,0,0,0,0,0,0,0,0,0,0,0,1,1,1,1,1,1,0,0,0,6532,0,0,0,0,0,0,0,0,0
0.408500,0.00,0.000,0.000,0,0,0.000,0,0,18.000,39.000,55.000,0,0,0,0,0,0,0,0,0,0,0,144,0,3,70,0,28.000,0,0,0,0,0,0,0,0,0,0,0,0,0,0,0,0,1,1,1,1,1,1,0,0,0,6536,0,0,0,0,0,0,0,0,0
0.408750,0.00,0.000,0.000,0,0,0.000,0,0,18.000,39.000,55.000,0,0,0,0,0,0,0,0,0,0,0,144,0,3,70,0,28.000,0,0,0,0,0,0,0,0,0,0,0,0,0,0,0,0,1,1,1,1,1,1,0,0,0,6540,0,0,0,0,0,0,0,0,0
0.409000,0.00,0.000,0.000,0,0,0.000,0,0,18.000,39.000,55.000,0,0,0,0,0,0,0,0,0,0,0,144,0,3,70,0,28.000,0,0,0,0,0,0,0,0,0,0,0,0,0,0,0,0,1,1,1,1,1,1,0,0,0,6544,0,0,0,0,0,0,0,0,0
0.409250,0.00,0.000,0.000,0,0,0.000,0,0,18.000,39.000,55.000,0,0,0,0,0,0,0,0,0,0,0,144,0,3,70,0,28.000,0,0,0,0,0,0,0,0,0,0,0,0,0,0,0,0,1,1,1,1,1,1,0,0,0,6548,0,0,0,0,0,0,0,0,0
0.409500,0.00,0.000,0.000,0,0,0.000,0,0,18.000,39.000,55.000,0,0,0,0,0,0,0,0,0,0,0,144,0,3,70,0,28.000,0,0,0,0,0,0,0,0,0,0,0,0,0,0,0,0,1,1,1,1,1,1,0,0,0,6552,0,0,0,0,0,0,0,0,0
0.409750,0.00,0.000,0.000,0,0,0.000,0,0,18.000,39.000,55.000,0,0,0,0,0,0,0,0,0,0,0,144,0,3,70,0,28.000,0,0,0,0,0,0,0,0,0,0,0,0,0,0,0,0,1,1,1,1,1,1,0,0,0,6556,0,0,0,0,0,0,0,0,0
0.410000,0.00,0.000,0.000,0,0,0.000,0,0,18.000,39.000,55.000,0,0,0,0,0,0,0,0,0,0,0,144,0,3,70,0,28.000,0,0,0,0,0,0,0,0,0,0,0,0,0,0,0,0,1,1,1,1,1,1,0,0,0,6560,0,0,0,0,0,0,0,0,0
0.410250,0.00,0.000,0.000,0,0,0.000,0,0,18.000,39.000,55.000,0,0,0,0,0,0,0,0,0,0,0,144,0,3,70,0,28.000,0,0,0,0,0,0,0,0,0,0,0,0,0,0,0,0,1,1,1,1,1,1,0,0,0,6564,0,0,0,0,0,0,0,0,0
0.410500,0.00,0.000,0.000,0,0,0.000,0,0,18.000,39.000,55.000,0,0,0,0,0,0,0,0,0,0,0,144,0,3,70,0,28.000,0,0,0,0,0,0,0,0,0,0,0,0,0,0,0,0,1,1,1,1,1,1,0,0,0,6568,0,0,0,0,0,0,0,0,0
0.410750,0.00,0.000,0.000,0,0,0.000,0,0,18.000,39.000,55.000,0,0,0,0,0,0,0,0,0,0,0,144,0,3,70,0,28.000,0,0,0,0,0,0,0,0,0,0,0,0,0,0,0,0,1,1,1,1,1,1,0,0,0,6572,0,0,0,0,0,0,0,0,0
0.411000,0.00,0.000,0.000,0,0,0.000,0,0,18.000,39.000,55.000,0,0,0,0,0,0,0,0,0,0,0,144,0,3,70,0,28.000,0,0,0,0,0,0,0,0,0,0,0,0,0,0,0,0,1,1,1,1,1,1,0,0,0,6576,0,0,0,0,0,0,0,0,0
0.411250,0.00,0.000,0.000,0,0,0.000,0,0,18.000,39.000,55.000,0,0,0,0,0,0,0,0,0,0,0,144,0,3,70,0,28.000,0,0,0,0,0,0,0,0,0,0,0,0,0,0,0,0,1,1,1,1,1,1,0,0,0,6580,0,0,0,0,0,0,0,0,0
0.411500,0.00,0.000,0.000,0,0,0.000,0,0,18.000,39.000,55.000,0,0,0,0,0,0,0,0,0,0,0,144,0,3,70,0,28.000,0,0,0,0,0,0,0,0,0,0,0,0,0,0,0,0,1,1,1,1,1,1,0,0,0,6584,0,0,0,0,0,0,0,0,0
0.411750,0.00,0.000,0.000,0,0,0.000,0,0,18.000,39.000,55.000,0,0,0,0,0,0,0,0,0,0,0,144,0,3,70,0,28.000,0,0,0,0,0,0,0,0,0,0,0,0,0,0,0,0,1,1,1,1,1,1,0,0,0,6588,0,0,0,0,0,0,0,0,0
0.412000,0.00,0.000,0.000,0,0,0.000,0,0,18.000,39.000,55.000,0,0,0,0,0,0,0,0,0,0,0,144,0,3,70,0,28.000,0,0,0,0,0,0,0,0,0,0,0,0,0,0,0,0,1,1,1,1,1,1,0,0,0,6592,0,0,0,0,0,0,0,0,0
0.412250,0.00,0.000,0.000,0,0,0.000,0,0,18.000,39.000,55.000,0,0,0,0,0,0,0,0,0,0,0,144,0,3,70,0,28.000,0,0,0,0,0,0,0,0,0,0,0,0,0,0,0,0,1,1,1,1,1,1,0,0,0,6596,0,0,0,0,0,0,0,0,0
0.412500,0.00,0.000,0.000,0,0,0.000,0,0,18.000,39.000,55.000,0,0,0,0,0,0,0,0,0,0,0,144,0,3,70,0,28.000,0,0,0,0,0,0,0,0,0,0,0,0,0,0,0,0,1,1,1,1,1,1,0,0,0,6600,0,0,0,0,0,0,0,0,0
0.412750,0.00,0.000,0.000,0,0,0.000,0,0,18.000,39.000,55.000,0,0,0,0,0,0,0,0,0,0,0,144,0,3,70,0,28.000,0,0,0,0,0,0,0,0,0,0,0,0,0,0,0,0,1,1,1,1,1,1,0,0,0,6604,0,0,0,0,0,0,0,0,0
0.413000,0.00,0.000,0.000,0,0,0.000,0,0,18.000,39.000,55.000,0,0,0,0,0,0,0,0,0,0,0,144,0,3,70,0,28.000,0,0,0,0,0,0,0,0,0,0,0,0,0,0,0,0,1,1,1,1,1,1,0,0,0,6608,0,0,0,0,0,0,0,0,0
0.413250,0.00,0.000,0.000,0,0,0.000,0,0,18.000,39.000,55.000,0,0,0,0,0,0,0,0,0,0,0,144,0,3,70,0,28.000,0,0,0,0,0,0,0,0,0,0,0,0,0,0,0,0,1,1,1,1,1,1,0,0,0,6612,0,0,0,0,0,0,0,0,0
0.413500,0.00,0.000,0.000,0,0,0.000,0,0,18.000,39.000,55.000,0,0,0,0,0,0,0,0,0,0,0,144,0,3,70,0,28.000,0,0,0,0,0,0,0,0,0,0,0,0,0,0,0,0,1,1,1,1,1,1,0,0,0,6616,0,0,0,0,0,0,0,0,0
0.413750,0.00,0.000,0.000,0,0,0.000,0,0,18.000,39.000,55.000,0,0,0,0,0,0,0,0,0,0,0,144,0,3,70,0,28.000,0,0,0,0,0,0,0,0,0,0,0,0,0,0,0,0,1,1,1,1,1,1,0,0,0,6620,0,0,0,0,0,0,0,0,0
0.414000,0.00,0.000,0.000,0,0,0.000,0,0,18.000,39.000,55.000,0,0,0,0,0,0,0,0,0,0,0,144,0,3,70,0,28.000,0,0,0,0,0,0,0,0,0,0,0,0,0,0,0,0,1,1,1,1,1,1,0,0,0,6624,0,0,0,0,0,0,0,0,0
0.414250,0.00,0.000,0.000,0,0,0.000,0,0,18.000,39.000,55.000,0,0,0,0,0,0,0,0,0,0,0,144,0,3,70,0,28.000,0,0,0,0,0,0,0,0,0,0,0,0,0,0,0,0,1,1,1,1,1,1,0,0,0,6628,0,0,0,0,0,0,0,0,0
0.414500,0.00,0.000,0.000,0,0,0.000,0,0,18.000,39.000,55.000,0,0,0,0,0,0,0,0,0,0,0,144,0,3,70,0,28.000,0,0,0,0,0,0,0,0,0,0,0,0,0,0,0,0,1,1,1,1,1,1,0,0,0,6632,0,0,0,0,0,0,0,0,0
0.414750,0.00,0.000,0.000,0,0,0.000,0,0,18.000,39.000,55.000,0,0,0,0,0,0,0,0,0,0,0,144,0,3,70,0,28.000,0,0,0,0,0,0,0,0,0,0,0,0,0,0,0,0,1,1,1,1,1,1,0,0,0,6636,0,0,0,0,0,0,0,0,0
0.415000,0.00,0.000,0.000,0,0,0.000,0,0,18.000,39.000,55.000,0,0,0,0,0,0,0,0,0,0,0,144,0,3,70,0,28.000,0,0,0,0,0,0,0,0,0,0,0,0,0,0,0,0,1,1,1,1,1,1,0,0,0,6640,0,0,0,0,0,0,0,0,0
0.415250,0.00,0.000,0.000,0,0,0.000,0,0,18.000,39.000,55.000,0,0,0,0,0,0,0,0,0,0,0,144,0,3,70,0,28.000,0,0,0,0,0,0,0,0,0,0,0,0,0,0,0,0,1,1,1,1,1,1,0,0,0,6644,0,0,0,0,0,0,0,0,0
0.415500,0.00,0.000,0.000,0,0,0.000,0,0,18.000,39.000,55.000,0,0,0,0,0,0,0,0,0,0,0,144,0,3,70,0,28.000,0,0,0,0,0,0,0,0,0,0,0,0,0,0,0,0,1,1,1,1,1,1,0,0,0,6648,0,0,0,0,0,0,0,0,0
0.415750,0.00,0.000,0.000,0,0,0.000,0,0,18.000,39.000,55.000,0,0,0,0,0,0,0,0,0,0,0,144,0,3,70,0,28.000,0,0,0,0,0,0,0,0,0,0,0,0,0,0,0,0,1,1,1,1,1,1,0,0,0,6652,0,0,0,0,0,0,0,0,0
0.416000,0.00,0.000,0.000,0,0,0.000,0,0,18.000,39.000,55.000,0,0,0,0,0,0,0,0,0,0,0,144,0,3,70,0,28.000,0,0,0,0,0,0,0,0,0,0,0,0,0,0,0,0,1,1,1,1,1,1,0,0,0,6656,0,0,0,0,0,0,0,0,0
0.416250,0.00,0.000,0.000,0,0,0.000,0,0,18.000,39.000,55.000,0,0,0,0,0,0,0,0,0,0,0,144,0,3,70,0,28.000,0,0,0,0,0,0,0,0,0,0,0,0,0,0,0,0,1,1,1,1,1,1,0,0,0,6660,0,0,0,0,0,0,0,0,0
0.416500,0.00,0.000,0.000,0,0,0.000,0,0,18.000,39.000,55.000,0,0,0,0,0,0,0,0,0,0,0,144,0,3,70,0,28.000,0,0,0,0,0,0,0,0,0,0,0,0,0,0,0,0,1,1,1,1,1,1,0,0,0,6664,0,0,0,0,0,0,0,0,0
0.416750,0.00,0.000,0.000,0,0,0.000,0,0,18.000,39.000,55.000,0,0,0,0,0,0,0,0,0,0,0,144,0,3,70,0,28.000,0,0,0,0,0,0,0,0,0,0,0,0,0,0,0,0,1,1,1,1,1,1,0,0,0,6668,0,0,0,0,0,0,0,0,0
0.417000,0.00,0.000,0.000,0,0,0.000,0,0,18.000,39.000,55.000,0,0,0,0,0,0,0,0,0,0,0,144,0,3,70,0,28.000,0,0,0,0,0,0,0,0,0,0,0,0,0,0,0,0,1,1,1,1,1,1,0,0,0,6672,0,0,0,0,0,0,0,0,0
0.417250,0.00,0.000,0.000,0,0,0.000,0,0,18.000,39.000,55.000,0,0,0,0,0,0,0,0,0,0,0,144,0,3,70,0,28.000,0,0,0,0,0,0,0,0,0,0,0,0,0,0,0,0,1,1,1,1,1,1,0,0,0,6676,0,0,0,0,0,0,0,0,0
0.417500,0.00,0.000,0.000,0,0,0.000,0,0,18.000,39.000,55.000,0,0,0,0,0,0,0,0,0,0,0,144,0,3,70,0,28.000,0,0,0,0,0,0,0,0,0,0,0,0,0,0,0,0,1,1,1,1,1,1,0,0,0,6680,0,0,0,0,0,0,0,0,0
0.417750,0.00,0.000,0.000,0,0,0.000,0,0,18.000,39.000,55.000,0,0,0,0,0,0,0,0,0,0,0,144,0,3,70,0,28.000,0,0,0,0,0,0,0,0,0,0,0,0,0,0,0,0,1,1,1,1,1,1,0,0,0,6684,0,0,0,0,0,0,0,0,0
0.418000,0.00,0.000,0.000,0,0,0.000,0,0,18.000,39.000,55.000,0,0,0,0,0,0,0,0,0,0,0,144,0,3,70,0,28.000,0,0,0,0,0,0,0,0,0,0,0,0,0,0,0,0,1,1,1,1,1,1,0,0,0,6688,0,0,0,0,0,0,0,0,0
0.418250,0.00,0.000,0.000,0,0,0.000,0,0,18.000,39.000,55.000,0,0,0,0,0,0,0,0,0,0,0,144,0,3,70,0,28.000,0,0,0,0,0,0,0,0,0,0,0,0,0,0,0,0,1,1,1,1,1,1,0,0,0,6692,0,0,0,0,0,0,0,0,0
0.418500,0.00,0.000,0.000,0,0,0.000,0,0,18.000,39.000,55.000,0,0,0,0,0,0,0,0,0,0,0,144,0,3,70,0,28.000,0,0,0,0,0,0,0,0,0,0,0,0,0,0,0,0,1,1,1,1,1,1,0,0,0,6696,0,0,0,0,0,0,0,0,0
0.418750,0.00,0.000,0.000,0,0,0.000,0,0,18.000,39.000,55.000,0,0,0,0,0,0,0,0,0,0,0,144,0,3,70,0,28.000,0,0,0,0,0,0,0,0,0,0,0,0,0,0,0,0,1,1,1,1,1,1,0,0,0,6700,0,0,0,0,0,0,0,0,0
0.419000,0.00,0.000,0.000,0,0,0.000,0,0,18.000,39.000,55.000,0,0,0,0,0,0,0,0,0,0,0,144,0,3,70,0,28.000,0,0,0,0,0,0,0,0,0,0,0,0,0,0,0,0,1,1,1,1,1,1,0,0,0,6704,0,0,0,0,0,0,0,0,0
0.419250,0.00,0.000,0.000,0,0,0.000,0,0,18.000,39.000,55.000,0,0,0,0,0,0,0,0,0,0,0,144,0,3,70,0,28.000,0,0,0,0,0,0,0,0,0,0,0,0,0,0,0,0,1,1,1,1,1,1,0,0,0,6708,0,0,0,0,0,0,0,0,0
0.419500,0.00,0.000,0.000,0,0,0.000,0,0,18.000,39.000,55.000,0,0,0,0,0,0,0,0,0,0,0,144,0,3,70,0,28.000,0,0,0,0,0,0,0,0,0,0,0,0,0,0,0,0,1,1,1,1,1,1,0,0,0,6712,0,0,0,0,0,0,0,0,0
0.419750,0.00,0.000,0.000,0,0,0.000,0,0,18.000,39.000,55.000,0,0,0,0,0,0,0,0,0,0,0,144,0,3,70,0,28.000,0,0,0,0,0,0,0,0,0,0,0,0,0,0,0,0,1,1,1,1,1,1,0,0,0,6716,0,0,0,0,0,0,0,0,0
0.420000,0.00,0.000,0.000,0,0,0.000,0,0,18.000,39.000,55.000,0,0,0,0,0,0,0,0,0,0,0,144,0,3,70,0,28.000,0,0,0,0,0,0,0,0,0,0,0,0,0,0,0,0,1,1,1,1,1,1,0,0,0,6720,0,0,0,0,0,0,0,0,0
0.420250,0.00,0.000,0.000,0,0,0.000,0,0,18.000,39.000,55.000,0,0,0,0,0,0,0,0,0,0,0,144,0,3,70,0,28.000,0,0,0,0,0,0,0,0,0,0,0,0,0,0,0,0,1,1,1,1,1,1,0,0,0,6724,0,0,0,0,0,0,0,0,0
0.420500,0.00,0.000,0.000,0,0,0.000,0,0,18.000,39.000,55.000,0,0,0,0,0,0,0,0,0,0,0,144,0,3,70,0,28.000,0,0,0,0,0,0,0,0,0,0,0,0,0,0,0,0,1,1,1,1,1,1,0,0,0,6728,0,0,0,0,0,0,0,0,0
0.420750,0.00,0.000,0.000,0,0,0.000,0,0,18.000,39.000,55.000,0,0,0,0,0,0,0,0,0,0,0,144,0,3,70,0,28.000,0,0,0,0,0,0,0,0,0,0,0,0,0,0,0,0,1,1,1,1,1,1,0,0,0,6732,0,0,0,0,0,0,0,0,0
0.421000,0.00,0.000,0.000,0,0,0.000,0,0,18.000,39.000,55.000,0,0,0,0,0,0,0,0,0,0,0,144,0,3,70,0,28.000,0,0,0,0,0,0,0,0,0,0,0,0,0,0,0,0,1,1,1,1,1,1,0,0,0,6736,0,0,0,0,0,0,0,0,0
0.421250,0.00,0.000,0.000,0,0,0.000,0,0,18.000,39.000,55.000,0,0,0,0,0,0,0,0,0,0,0,144,0,3,70,0,28.000,0,0,0,0,0,0,0,0,0,0,0,0,0,0,0,0,1,1,1,1,1,1,0,0,0,6740,0,0,0,0,0,0,0,0,0
0.421500,0.00,0.000,0.000,0,0,0.000,0,0,18.000,39.000,55.000,0,0,0,0,0,0,0,0,0,0,0,144,0,3,70,0,28.000,0,0,0,0,0,0,0,0,0,0,0,0,0,0,0,0,1,1,1,1,1,1,0,0,0,6744,0,0,0,0,0,0,0,0,0
0.421750,0.00,0.000,0.000,0,0,0.000,0,0,18.000,39.000,55.000,0,0,0,0,0,0,0,0,0,0,0,144,0,3,70,0,28.000,0,0,0,0,0,0,0,0,0,0,0,0,0,0,0,0,1,1,1,1,1,1,0,0,0,6748,0,0,0,0,0,0,0,0,0
0.422000,0.00,0.000,0.000,0,0,0.000,0,0,18.000,39.000,55.000,0,0,0,0,0,0,0,0,0,0,0,144,0,3,70,0,28.000,0,0,0,0,0,0,0,0,0,0,0,0,0,0,0,0,1,1,1,1,1,1,0,0,0,6752,0,0,0,0,0,0,0,0,0
0.422250,0.00,0.000,0.000,0,0,0.000,0,0,18.000,39.000,55.000,0,0,0,0,0,0,0,0,0,0,0,144,0,3,70,0,28.000,0,0,0,0,0,0,0,0,0,0,0,0,0,0,0,0,1,1,1,1,1,1,0,0,0,6756,0,0,0,0,0,0,0,0,0
0.422500,0.00,0.000,0.000,0,0,0.000,0,0,18.000,39.000,55.000,0,0,0,0,0,0,0,0,0,0,0,144,0,3,70,0,28.000,0,0,0,0,0,0,0,0,0,0,0,0,0,0,0,0,1,1,1,1,1,1,0,0,0,6760,0,0,0,0,0,0,0,0,0
0.422750,0.00,0.000,0.000,0,0,0.000,0,0,18.000,39.000,55.000,0,0,0,0,0,0,0,0,0,0,0,144,0,3,70,0,28.000,0,0,0,0,0,0,0,0,0,0,0,0,0,0,0,0,1,1,1,1,1,1,0,0,0,6764,0,0,0,0,0,0,0,0,0
0.423000,0.00,0.000,0.000,0,0,0.000,0,0,18.000,39.000,55.000,0,0,0,0,0,0,0,0,0,0,0,144,0,3,70,0,28.000,0,0,0,0,0,0,0,0,0,0,0,0,0,0,0,0,1,1,1,1,1,1,0,0,0,6768,0,0,0,0,0,0,0,0,0
0.423250,0.00,0.000,0.000,0,0,0.000,0,0,18.000,39.000,55.000,0,0,0,0,0,0,0,0,0,0,0,144,0,3,70,0,28.000,0,0,0,0,0,0,0,0,0,0,0,0,0,0,0,0,1,1,1,1,1,1,0,0,0,6772,0,0,0,0,0,0,0,0,0
0.423500,0.00,0.000,0.000,0,0,0.000,0,0,18.000,39.000,55.000,0,0,0,0,0,0,0,0,0,0,0,144,0,3,70,0,28.000,0,0,0,0,0,0,0,0,0,0,0,0,0,0,0,0,1,1,1,1,1,1,0,0,0,6776,0,0,0,0,0,0,0,0,0
0.423750,0.00,0.000,0.000,0,0,0.000,0,0,18.000,39.000,55.000,0,0,0,0,0,0,0,0,0,0,0,144,0,3,70,0,28.000,0,0,0,0,0,0,0,0,0,0,0,0,0,0,0,0,1,1,1,1,1,1,0,0,0,6780,0,0,0,0,0,0,0,0,0
0.424000,0.00,0.000,0.000,0,0,0.000,0,0,18.000,39.000,55.000,0,0,0,0,0,0,0,0,0,0,0,144,0,3,70,0,28.000,0,0,0,0,0,0,0,0,0,0,0,0,0,0,0,0,1,1,1,1,1,1,0,0,0,6784,0,0,0,0,0,0,0,0,0
0.424250,0.00,0.000,0.000,0,0,0.000,0,0,18.000,39.000,55.000,0,0,0,0,0,0,0,0,0,0,0,144,0,3,70,0,28.000,0,0,0,0,0,0,0,0,0,0,0,0,0,0,0,0,1,1,1,1,1,1,0,0,0,6788,0,0,0,0,0,0,0,0,0
0.424500,0.00,0.000,0.000,0,0,0.000,0,0,18.000,39.000,55.000,0,0,0,0,0,0,0,0,0,0,0,144,0,3,70,0,28.000,0,0,0,0,0,0,0,0,0,0,0,0,0,0,0,0,1,1,1,1,1,1,0,0,0,6792,0,0,0,0,0,0,0,0,0
0.424750,0.00,0.000,0.000,0,0,0.000,0,0,18.000,39.000,55.000,0,0,0,0,0,0,0,0,0,0,0,144,0,3,70,0,28.000,0,0,0,0,0,0,0,0,0,0,0,0,0,0,0,0,1,1,1,1,1,1,0,0,0,6796,0,0,0,0,0,0,0,0,0
0.425000,0.00,0.000,0.000,0,0,0.000,0,0,18.000,39.000,55.000,0,0,0,0,0,0,0,0,0,0,0,144,0,3,70,0,28.000,0,0,0,0,0,0,0,0,0,0,0,0,0,0,0,0,1,1,1,1,1,1,0,0,0,6800,0,0,0,0,0,0,0,0,0
0.425250,0.00,0.000,0.000,0,0,0.000,0,0,18.000,39.000,55.000,0,0,0,0,0,0,0,0,0,0,0,144,0,3,70,0,28.000,0,0,0,0,0,0,0,0,0,0,0,0,0,0,0,0,1,1,1,1,1,1,0,0,0,6804,0,0,0,0,0,0,0,0,0
0.425500,0.00,0.000,0.000,0,0,0.000,0,0,18.000,39.000,55.000,0,0,0,0,0,0,0,0,0,0,0,144,0,3,70,0,28.000,0,0,0,0,0,0,0,0,0,0,0,0,0,0,0,0,1,1,1,1,1,1,0,0,0,6808,0,0,0,0,0,0,0,0,0
0.425750,0.00,0.000,0.000,0,0,0.000,0,0,18.000,39.000,55.000,0,0,0,0,0,0,0,0,0,0,0,144,0,3,70,0,28.000,0,0,0,0,0,0,0,0,0,0,0,0,0,0,0,0,1,1,1,1,1,1,0,0,0,6812,0,0,0,0,0,0,0,0,0
0.426000,0.00,0.000,0.000,0,0,0.000,0,0,18.000,39.000,55.000,0,0,0,0,0,0,0,0,0,0,0,144,0,3,70,0,28.000,0,0,0,0,0,0,0,0,0,0,0,0,0,0,0,0,1,1,1,1,1,1,0,0,0,6816,0,0,0,0,0,0,0,0,0
0.426250,0.00,0.000,0.000,0,0,0.000,0,0,18.000,39.000,55.000,0,0,0,0,0,0,0,0,0,0,0,144,0,3,70,0,28.000,0,0,0,0,0,0,0,0,0,0,0,0,0,0,0,0,1,1,1,1,1,1,0,0,0,6820,0,0,0,0,0,0,0,0,0
0.426500,0.00,0.000,0.000,0,0,0.000,0,0,18.000,39.000,55.000,0,0,0,0,0,0,0,0,0,0,0,144,0,3,70,0,28.000,0,0,0,0,0,0,0,0,0,0,0,0,0,0,0,0,1,1,1,1,1,1,0,0,0,6824,0,0,0,0,0,0,0,0,0
0.426750,0.00,0.000,0.000,0,0,0.000,0,0,18.000,39.000,55.000,0,0,0,0,0,0,0,0,0,0,0,144,0,3,70,0,28.000,0,0,0,0,0,0,0,0,0,0,0,0,0,0,0,0,1,1,1,1,1,1,0,0,0,6828,0,0,0,0,0,0,0,0,0
0.427000,0.00,0.000,0.000,0,0,0.000,0,0,18.000,39.000,55.000,0,0,0,0,0,0,0,0,0,0,0,144,0,3,70,0,28.000,0,0,0,0,0,0,0,0,0,0,0,0,0,0,0,0,1,1,1,1,1,1,0,0,0,6832,0,0,0,0,0,0,0,0,0
0.427250,0.00,0.000,0.000,0,0,0.000,0,0,18.000,39.000,55.000,0,0,0,0,0,0,0,0,0,0,0,144,0,3,70,0,28.000,0,0,0,0,0,0,0,0,0,0,0,0,0,0,0,0,1,1,1,1,1,1,0,0,0,6836,0,0,0,0,0,0,0,0,0
0.427500,0.00,0.000,0.000,0,0,0.000,0,0,18.000,39.000,55.000,0,0,0,0,0,0,0,0,0,0,0,144,0,3,70,0,28.000,0,0,0,0,0,0,0,0,0,0,0,0,0,0,0,0,1,1,1,1,1,1,0,0,0,6840,0,0,0,0,0,0,0,0,0
0.427750,0.00,0.000,0.000,0,0,0.000,0,0,18.000,39.000,55.000,0,0,0,0,0,0,0,0,0,0,0,144,0,3,70,0,28.000,0,0,0,0,0,0,0,0,0,0,0,0,0,0,0,0,1,1,1,1,1,1,0,0,0,6844,0,0,0,0,0,0,0,0,0
0.428000,0.00,0.000,0.000,0,0,0.000,0,0,18.000,39.000,55.000,0,0,0,0,0,0,0,0,0,0,0,144,0,3,70,0,28.000,0,0,0,0,0,0,0,0,0,0,0,0,0,0,0,0,1,1,1,1,1,1,0,0,0,6848,0,0,0,0,0,0,0,0,0
0.428250,0.00,0.000,0.000,0,0,0.000,0,0,18.000,39.000,55.000,0,0,0,0,0,0,0,0,0,0,0,144,0,3,70,0,28.000,0,0,0,0,0,0,0,0,0,0,0,0,0,0,0,0,1,1,1,1,1,1,0,0,0,6852,0,0,0,0,0,0,0,0,0
0.428500,0.00,0.000,0.000,0,0,0.000,0,0,18.000,39.000,55.000,0,0,0,0,0,0,0,0,0,0,0,144,0,3,70,0,28.000,0,0,0,0,0,0,0,0,0,0,0,0,0,0,0,0,1,1,1,1,1,1,0,0,0,6856,0,0,0,0,0,0,0,0,0
0.428750,0.00,0.000,0.000,0,0,0.000,0,0,18.000,39.000,55.000,0,0,0,0,0,0,0,0,0,0,0,144,0,3,70,0,28.000,0,0,0,0,0,0,0,0,0,0,0,0,0,0,0,0,1,1,1,1,1,1,0,0,0,6860,0,0,0,0,0,0,0,0,0
0.429000,0.00,0.000,0.000,0,0,0.000,0,0,18.000,39.000,55.000,0,0,0,0,0,0,0,0,0,0,0,144,0,3,70,0,28.000,0,0,0,0,0,0,0,0,0,0,0,0,0,0,0,0,1,1,1,1,1,1,0,0,0,6864,0,0,0,0,0,0,0,0,0
0.429250,0.00,0.000,0.000,0,0,0.000,0,0,18.000,39.000,55.000,0,0,0,0,0,0,0,0,0,0,0,144,0,3,70,0,28.000,0,0,0,0,0,0,0,0,0,0,0,0,0,0,0,0,1,1,1,1,1,1,0,0,0,6868,0,0,0,0,0,0,0,0,0
0.429500,0.00,0.000,0.000,0,0,0.000,0,0,18.000,39.000,55.000,0,0,0,0,0,0,0,0,0,0,0,144,0,3,70,0,28.000,0,0,0,0,0,0,0,0,0,0,0,0,0,0,0,0,1,1,1,1,1,1,0,0,0,6872,0,0,0,0,0,0,0,0,0
0.429750,0.00,0.000,0.000,0,0,0.000,0,0,18.000,39.000,55.000,0,0,0,0,0,0,0,0,0,0,0,144,0,3,70,0,28.000,0,0,0,0,0,0,0,0,0,0,0,0,0,0,0,0,1,1,1,1,1,1,0,0,0,6876,0,0,0,0,0,0,0,0,0
0.430000,0.00,0.000,0.000,0,0,0.000,0,0,18.000,39.000,55.000,0,0,0,0,0,0,0,0,0,0,0,144,0,3,70,0,28.000,0,0,0,0,0,0,0,0,0,0,0,0,0,0,0,0,1,1,1,1,1,1,0,0,0,6880,0,0,0,0,0,0,0,0,0
0.430250,0.00,0.000,0.000,0,0,0.000,0,0,18.000,39.000,55.000,0,0,0,0,0,0,0,0,0,0,0,144,0,3,70,0,28.000,0,0,0,0,0,0,0,0,0,0,0,0,0,0,0,0,1,1,1,1,1,1,0,0,0,6884,0,0,0,0,0,0,0,0,0
0.430500,0.00,0.000,0.000,0,0,0.000,0,0,18.000,39.000,55.000,0,0,0,0,0,0,0,0,0,0,0,144,0,3,70,0,28.000,0,0,0,0,0,0,0,0,0,0,0,0,0,0,0,0,1,1,1,1,1,1,0,0,0,6888,0,0,0,0,0,0,0,0,0
0.430750,0.00,0.000,0.000,0,0,0.000,0,0,18.000,39.000,55.000,0,0,0,0,0,0,0,0,0,0,0,144,0,3,70,0,28.000,0,0,0,0,0,0,0,0,0,0,0,0,0,0,0,0,1,1,1,1,1,1,0,0,0,6892,0,0,0,0,0,0,0,0,0
0.431000,0.00,0.000,0.000,0,0,0.000,0,0,18.000,39.000,55.000,0,0,0,0,0,0,0,0,0,0,0,144,0,3,70,0,28.000,0,0,0,0,0,0,0,0,0,0,0,0,0,0,0,0,1,1,1,1,1,1,0,0,0,6896,0,0,0,0,0,0,0,0,0
0.431250,0.00,0.000,0.000,0,0,0.000,0,0,18.000,39.000,55.000,0,0,0,0,0,0,0,0,0,0,0,144,0,3,70,0,28.000,0,0,0,0,0,0,0,0,0,0,0,0,0,0,0,0,1,1,1,1,1,1,0,0,0,6900,0,0,0,0,0,0,0,0,0
0.431500,0.00,0.000,0.000,0,0,0.000,0,0,18.000,39.000,55.000,0,0,0,0,0,0,0,0,0,0,0,144,0,3,70,0,28.000,0,0,0,0,0,0,0,0,0,0,0,0,0,0,0,0,1,1,1,1,1,1,0,0,0,6904,0,0,0,0,0,0,0,0,0
0.431750,0.00,0.000,0.000,0,0,0.000,0,0,18.000,39.000,55.000,0,0,0,0,0,0,0,0,0,0,0,144,0,3,70,0,28.000,0,0,0,0,0,0,0,0,0,0,0,0,0,0,0,0,1,1,1,1,1,1,0,0,0,6908,0,0,0,0,0,0,0,0,0
0.432000,0.00,0.000,0.000,0,0,0.000,0,0,18.000,39.000,55.000,0,0,0,0,0,0,0,0,0,0,0,144,0,3,70,0,28.000,0,0,0,0,0,0,0,0,0,0,0,0,0,0,0,0,1,1,1,1,1,1,0,0,0,6912,0,0,0,0,0,0,0,0,0
0.432250,0.00,0.000,0.000,0,0,0.000,0,0,18.000,39.000,55.000,0,0,0,0,0,0,0,0,0,0,0,144,0,3,70,0,28.000,0,0,0,0,0,0,0,0,0,0,0,0,0,0,0,0,1,1,1,1,1,1,0,0,0,6916,0,0,0,0,0,0,0,0,0
0.432500,0.00,0.000,0.000,0,0,0.000,0,0,18.000,39.000,55.000,0,0,0,0,0,0,0,0,0,0,0,144,0,3,70,0,28.000,0,0,0,0,0,0,0,0,0,0,0,0,0,0,0,0,1,1,1,1,1,1,0,0,0,6920,0,0,0,0,0,0,0,0,0
0.432750,0.00,0.000,0.000,0,0,0.000,0,0,18.000,39.000,55.000,0,0,0,0,0,0,0,0,0,0,0,144,0,3,70,0,28.000,0,0,0,0,0,0,0,0,0,0,0,0,0,0,0,0,1,1,1,1,1,1,0,0,0,6924,0,0,0,0,0,0,0,0,0
0.433000,0.00,0.000,0.000,0,0,0.000,0,0,18.000,39.000,55.000,0,0,0,0,0,0,0,0,0,0,0,144,0,3,70,0,28.000,0,0,0,0,0,0,0,0,0,0,0,0,0,0,0,0,1,1,1,1,1,1,0,0,0,6928,0,0,0,0,0,0,0,0,0
0.433250,0.00,0.000,0.000,0,0,0.000,0,0,18.000,39.000,55.000,0,0,0,0,0,0,0,0,0,0,0,144,0,3,70,0,28.000,0,0,0,0,0,0,0,0,0,0,0,0,0,0,0,0,1,1,1,1,1,1,0,0,0,6932,0,0,0,0,0,0,0,0,0
0.433500,0.00,0.000,0.000,0,0,0.000,0,0,18.000,39.000,55.000,0,0,0,0,0,0,0,0,0,0,0,144,0,3,70,0,28.000,0,0,0,0,0,0,0,0,0,0,0,0,0,0,0,0,1,1,1,1,1,1,0,0,0,6936,0,0,0,0,0,0,0,0,0
0.433750,0.00,0.000,0.000,0,0,0.000,0,0,18.000,39.000,55.000,0,0,0,0,0,0,0,0,0,0,0,144,0,3,70,0,28.000,0,0,0,0,0,0,0,0,0,0,0,0,0,0,0,0,1,1,1,1,1,1,0,0,0,6940,0,0,0,0,0,0,0,0,0
0.434000,0.00,0.000,0.000,0,0,0.000,0,0,18.000,39.000,55.000,0,0,0,0,0,0,0,0,0,0,0,144,0,3,70,0,28.000,0,0,0,0,0,0,0,0,0,0,0,0,0,0,0,0,1,1,1,1,1,1,0,0,0,6944,0,0,0,0,0,0,0,0,0
0.434250,0.00,0.000,0.000,0,0,0.000,0,0,18.000,39.000,55.000,0,0,0,0,0,0,0,0,0,0,0,144,0,3,70,0,28.000,0,0,0,0,0,0,0,0,0,0,0,0,0,0,0,0,1,1,1,1,1,1,0,0,0,6948,0,0,0,0,0,0,0,0,0
0.434500,0.00,0.000,0.000,0,0,0.000,0,0,18.000,39.000,55.000,0,0,0,0,0,0,0,0,0,0,0,144,0,3,70,0,28.000,0,0,0,0,0,0,0,0,0,0,0,0,0,0,0,0,1,1,1,1,1,1,0,0,0,6952,0,0,0,0,0,0,0,0,0
0.434750,0.00,0.000,0.000,0,0,0.000,0,0,18.000,39.000,55.000,0,0,0,0,0,0,0,0,0,0,0,144,0,3,70,0,28.000,0,0,0,0,0,0,0,0,0,0,0,0,0,0,0,0,1,1,1,1,1,1,0,0,0,6956,0,0,0,0,0,0,0,0,0
0.435000,0.00,0.000,0.000,0,0,0.000,0,0,18.000,39.000,55.000,0,0,0,0,0,0,0,0,0,0,0,144,0,3,70,0,28.000,0,0,0,0,0,0,0,0,0,0,0,0,0,0,0,0,1,1,1,1,1,1,0,0,0,6960,0,0,0,0,0,0,0,0,0
0.435250,0.00,0.000,0.000,0,0,0.000,0,0,18.000,39.000,55.000,0,0,0,0,0,0,0,0,0,0,0,144,0,3,70,0,28.000,0,0,0,0,0,0,0,0,0,0,0,0,0,0,0,0,1,1,1,1,1,1,0,0,0,6964,0,0,0,0,0,0,0,0,0
0.435500,0.00,0.000,0.000,0,0,0.000,0,0,18.000,39.000,55.000,0,0,0,0,0,0,0,0,0,0,0,144,0,3,70,0,28.000,0,0,0,0,0,0,0,0,0,0,0,0,0,0,0,0,1,1,1,1,1,1,0,0,0,6968,0,0,0,0,0,0,0,0,0
0.435750,0.00,0.000,0.000,0,0,0.000,0,0,18.000,39.000,55.000,0,0,0,0,0,0,0,0,0,0,0,144,0,3,70,0,28.000,0,0,0,0,0,0,0,0,0,0,0,0,0,0,0,0,1,1,1,1,1,1,0,0,0,6972,0,0,0,0,0,0,0,0,0
0.436000,0.00,0.000,0.000,0,0,0.000,0,0,18.000,39.000,55.000,0,0,0,0,0,0,0,0,0,0,0,144,0,3,70,0,28.000,0,0,0,0,0,0,0,0,0,0,0,0,0,0,0,0,1,1,1,1,1,1,0,0,0,6976,0,0,0,0,0,0,0,0,0
0.436250,0.00,0.000,0.000,0,0,0.000,0,0,18.000,39.000,55.000,0,0,0,0,0,0,0,0,0,0,0,144,0,3,70,0,28.000,0,0,0,0,0,0,0,0,0,0,0,0,0,0,0,0,1,1,1,1,1,1,0,0,0,6980,0,0,0,0,0,0,0,0,0
0.436500,0.00,0.000,0.000,0,0,0.000,0,0,18.000,39.000,55.000,0,0,0,0,0,0,0,0,0,0,0,144,0,3,70,0,28.000,0,0,0,0,0,0,0,0,0,0,0,0,0,0,0,0,1,1,1,1,1,1,0,0,0,6984,0,0,0,0,0,0,0,0,0
0.436750,0.00,0.000,0.000,0,0,0.000,0,0,18.000,39.000,55.000,0,0,0,0,0,0,0,0,0,0,0,144,0,3,70,0,28.000,0,0,0,0,0,0,0,0,0,0,0,0,0,0,0,0,1,1,1,1,1,1,0,0,0,6988,0,0,0,0,0,0,0,0,0
0.437000,0.00,0.000,0.000,0,0,0.000,0,0,18.000,39.000,55.000,0,0,0,0,0,0,0,0,0,0,0,144,0,3,70,0,28.000,0,0,0,0,0,0,0,0,0,0,0,0,0,0,0,0,1,1,1,1,1,1,0,0,0,6992,0,0,0,0,0,0,0,0,0
0.437250,0.00,0.000,0.000,0,0,0.000,0,0,18.000,39.000,55.000,0,0,0,0,0,0,0,0,0,0,0,144,0,3,70,0,28.000,0,0,0,0,0,0,0,0,0,0,0,0,0,0,0,0,1,1,1,1,1,1,0,0,0,6996,0,0,0,0,0,0,0,0,0
0.437500,0.00,0.000,0.000,0,0,0.000,0,0,18.000,39.000,55.000,0,0,0,0,0,0,0,0,0,0,0,144,0,3,70,0,28.000,0,0,0,0,0,0,0,0,0,0,0,0,0,0,0,0,1,1,1,1,1,1,0,0,0,7000,0,0,0,0,0,0,0,0,0
0.437750,0.00,0.000,0.000,0,0,0.000,0,0,18.000,39.000,55.000,0,0,0,0,0,0,0,0,0,0,0,144,0,3,70,0,28.000,0,0,0,0,0,0,0,0,0,0,0,0,0,0,0,0,1,1,1,1,1,1,0,0,0,7004,0,0,0,0,0,0,0,0,0
0.438000,0.00,0.000,0.000,0,0,0.000,0,0,18.000,39.000,55.000,0,0,0,0,0,0,0,0,0,0,0,144,0,3,70,0,28.000,0,0,0,0,0,0,0,0,0,0,0,0,0,0,0,0,1,1,1,1,1,1,0,0,0,7008,0,0,0,0,0,0,0,0,0
0.438250,0.00,0.000,0.000,0,0,0.000,0,0,18.000,39.000,55.000,0,0,0,0,0,0,0,0,0,0,0,144,0,3,70,0,28.000,0,0,0,0,0,0,0,0,0,0,0,0,0,0,0,0,1,1,1,1,1,1,0,0,0,7012,0,0,0,0,0,0,0,0,0
0.438500,0.00,0.000,0.000,0,0,0.000,0,0,18.000,39.000,55.000,0,0,0,0,0,0,0,0,0,0,0,144,0,3,70,0,28.000,0,0,0,0,0,0,0,0,0,0,0,0,0,0,0,0,1,1,1,1,1,1,0,0,0,7016,0,0,0,0,0,0,0,0,0
0.438750,0.00,0.000,0.000,0,0,0.000,0,0,18.000,39.000,55.000,0,0,0,0,0,0,0,0,0,0,0,144,0,3,70,0,28.000,0,0,0,0,0,0,0,0,0,0,0,0,0,0,0,0,1,1,1,1,1,1,0,0,0,7020,0,0,0,0,0,0,0,0,0
0.439000,0.00,0.000,0.000,0,0,0.000,0,0,18.000,39.000,55.000,0,0,0,0,0,0,0,0,0,0,0,144,0,3,70,0,28.000,0,0,0,0,0,0,0,0,0,0,0,0,0,0,0,0,1,1,1,1,1,1,0,0,0,7024,0,0,0,0,0,0,0,0,0
0.439250,0.00,0.000,0.000,0,0,0.000,0,0,18.000,39.000,55.000,0,0,0,0,0,0,0,0,0,0,0,144,0,3,70,0,28.000,0,0,0,0,0,0,0,0,0,0,0,0,0,0,0,0,1,1,1,1,1,1,0,0,0,7028,0,0,0,0,0,0,0,0,0
0.439500,0.00,0.000,0.000,0,0,0.000,0,0,18.000,39.000,55.000,0,0,0,0,0,0,0,0,0,0,0,144,0,3,70,0,28.000,0,0,0,0,0,0,0,0,0,0,0,0,0,0,0,0,1,1,1,1,1,1,0,0,0,7032,0,0,0,0,0,0,0,0,0
0.439750,0.00,0.000,0.000,0,0,0.000,0,0,18.000,39.000,55.000,0,0,0,0,0,0,0,0,0,0,0,144,0,3,70,0,28.000,0,0,0,0,0,0,0,0,0,0,0,0,0,0,0,0,1,1,1,1,1,1,0,0,0,7036,0,0,0,0,0,0,0,0,0
0.440000,0.00,0.000,0.000,0,0,0.000,0,0,18.000,39.000,55.000,0,0,0,0,0,0,0,0,0,0,0,144,0,3,70,0,28.000,0,0,0,0,0,0,0,0,0,0,0,0,0,0,0,0,1,1,1,1,1,1,0,0,0,7040,0,0,0,0,0,0,0,0,0
0.440250,0.00,0.000,0.000,0,0,0.000,0,0,18.000,39.000,55.000,0,0,0,0,0,0,0,0,0,0,0,144,0,3,70,0,28.000,0,0,0,0,0,0,0,0,0,0,0,0,0,0,0,0,1,1,1,1,1,1,0,0,0,7044,0,0,0,0,0,0,0,0,0
0.440500,0.00,0.000,0.000,0,0,0.000,0,0,18.000,39.000,55.000,0,0,0,0,0,0,0,0,0,0,0,144,0,3,70,0,28.000,0,0,0,0,0,0,0,0,0,0,0,0,0,0,0,0,1,1,1,1,1,1,0,0,0,7048,0,0,0,0,0,0,0,0,0
0.440750,0.00,0.000,0.000,0,0,0.000,0,0,18.000,39.000,55.000,0,0,0,0,0,0,0,0,0,0,0,144,0,3,70,0,28.000,0,0,0,0,0,0,0,0,0,0,0,0,0,0,0,0,1,1,1,1,1,1,0,0,0,7052,0,0,0,0,0,0,0,0,0
0.441000,0.00,0.000,0.000,0,0,0.000,0,0,18.000,39.000,55.000,0,0,0,0,0,0,0,0,0,0,0,144,0,3,70,0,28.000,0,0,0,0,0,0,0,0,0,0,0,0,0,0,0,0,1,1,1,1,1,1,0,0,0,7056,0,0,0,0,0,0,0,0,0
0.441250,0.00,0.000,0.000,0,0,0.000,0,0,18.000,39.000,55.000,0,0,0,0,0,0,0,0,0,0,0,144,0,3,70,0,28.000,0,0,0,0,0,0,0,0,0,0,0,0,0,0,0,0,1,1,1,1,1,1,0,0,0,7060,0,0,0,0,0,0,0,0,0
0.441500,0.00,0.000,0.000,0,0,0.000,0,0,18.000,39.000,55.000,0,0,0,0,0,0,0,0,0,0,0,144,0,3,70,0,28.000,0,0,0,0,0,0,0,0,0,0,0,0,0,0,0,0,1,1,1,1,1,1,0,0,0,7064,0,0,0,0,0,0,0,0,0
0.441750,0.00,0.000,0.000,0,0,0.000,0,0,18.000,39.000,55.000,0,0,0,0,0,0,0,0,0,0,0,144,0,3,70,0,28.000,0,0,0,0,0,0,0,0,0,0,0,0,0,0,0,0,1,1,1,1,1,1,0,0,0,7068,0,0,0,0,0,0,0,0,0
0.442000,0.00,0.000,0.000,0,0,0.000,0,0,18.000,39.000,55.000,0,0,0,0,0,0,0,0,0,0,0,144,0,3,70,0,28.000,0,0,0,0,0,0,0,0,0,0,0,0,0,0,0,0,1,1,1,1,1,1,0,0,0,7072,0,0,0,0,0,0,0,0,0
0.442250,0.00,0.000,0.000,0,0,0.000,0,0,18.000,39.000,55.000,0,0,0,0,0,0,0,0,0,0,0,144,0,3,70,0,28.000,0,0,0,0,0,0,0,0,0,0,0,0,0,0,0,0,1,1,1,1,1,1,0,0,0,7076,0,0,0,0,0,0,0,0,0
0.442500,0.00,0.000,0.000,0,0,0.000,0,0,18.000,39.000,55.000,0,0,0,0,0,0,0,0,0,0,0,144,0,3,70,0,28.000,0,0,0,0,0,0,0,0,0,0,0,0,0,0,0,0,1,1,1,1,1,1,0,0,0,7080,0,0,0,0,0,0,0,0,0
0.442750,0.00,0.000,0.000,0,0,0.000,0,0,18.000,39.000,55.000,0,0,0,0,0,0,0,0,0,0,0,144,0,3,70,0,28.000,0,0,0,0,0,0,0,0,0,0,0,0,0,0,0,0,1,1,1,1,1,1,0,0,0,7084,0,0,0,0,0,0,0,0,0
0.443000,0.00,0.000,0.000,0,0,0.000,0,0,18.000,39.000,55.000,0,0,0,0,0,0,0,0,0,0,0,144,0,3,70,0,28.000,0,0,0,0,0,0,0,0,0,0,0,0,0,0,0,0,1,1,1,1,1,1,0,0,0,7088,0,0,0,0,0,0,0,0,0
0.443250,0.00,0.000,0.000,0,0,0.000,0,0,18.000,39.000,55.000,0,0,0,0,0,0,0,0,0,0,0,144,0,3,70,0,28.000,0,0,0,0,0,0,0,0,0,0,0,0,0,0,0,0,1,1,1,1,1,1,0,0,0,7092,0,0,0,0,0,0,0,0,0
0.443500,0.00,0.000,0.000,0,0,0.000,0,0,18.000,39.000,55.000,0,0,0,0,0,0,0,0,0,0,0,144,0,3,70,0,28.000,0,0,0,0,0,0,0,0,0,0,0,0,0,0,0,0,1,1,1,1,1,1,0,0,0,7096,0,0,0,0,0,0,0,0,0
0.443750,0.00,0.000,0.000,0,0,0.000,0,0,18.000,39.000,55.000,0,0,0,0,0,0,0,0,0,0,0,144,0,3,70,0,28.000,0,0,0,0,0,0,0,0,0,0,0,0,0,0,0,0,1,1,1,1,1,1,0,0,0,7100,0,0,0,0,0,0,0,0,0
0.444000,0.00,0.000,0.000,0,0,0.000,0,0,18.000,39.000,55.000,0,0,0,0,0,0,0,0,0,0,0,144,0,3,70,0,28.000,0,0,0,0,0,0,0,0,0,0,0,0,0,0,0,0,1,1,1,1,1,1,0,0,0,7104,0,0,0,0,0,0,0,0,0
0.444250,0.00,0.000,0.000,0,0,0.000,0,0,18.000,39.000,55.000,0,0,0,0,0,0,0,0,0,0,0,144,0,3,70,0,28.000,0,0,0,0,0,0,0,0,0,0,0,0,0,0,0,0,1,1,1,1,1,1,0,0,0,7108,0,0,0,0,0,0,0,0,0
0.444500,0.00,0.000,0.000,0,0,0.000,0,0,18.000,39.000,55.000,0,0,0,0,0,0,0,0,0,0,0,144,0,3,70,0,28.000,0,0,0,0,0,0,0,0,0,0,0,0,0,0,0,0,1,1,1,1,1,1,0,0,0,7112,0,0,0,0,0,0,0,0,0
0.444750,0.00,0.000,0.000,0,0,0.000,0,0,18.000,39.000,55.000,0,0,0,0,0,0,0,0,0,0,0,144,0,3,70,0,28.000,0,0,0,0,0,0,0,0,0,0,0,0,0,0,0,0,1,1,1,1,1,1,0,0,0,7116,0,0,0,0,0,0,0,0,0
0.445000,0.00,0.000,0.000,0,0,0.000,0,0,18.000,39.000,55.000,0,0,0,0,0,0,0,0,0,0,0,144,0,3,70,0,28.000,0,0,0,0,0,0,0,0,0,0,0,0,0,0,0,0,1,1,1,1,1,1,0,0,0,7120,0,0,0,0,0,0,0,0,0
0.445250,0.00,0.000,0.000,0,0,0.000,0,0,18.000,39.000,55.000,0,0,0,0,0,0,0,0,0,0,0,144,0,3,70,0,28.000,0,0,0,0,0,0,0,0,0,0,0,0,0,0,0,0,1,1,1,1,1,1,0,0,0,7124,0,0,0,0,0,0,0,0,0
0.445500,0.00,0.000,0.000,0,0,0.000,0,0,18.000,39.000,55.000,0,0,0,0,0,0,0,0,0,0,0,144,0,3,70,0,28.000,0,0,0,0,0,0,0,0,0,0,0,0,0,0,0,0,1,1,1,1,1,1,0,0,0,7128,0,0,0,0,0,0,0,0,0
0.445750,0.00,0.000,0.000,0,0,0.000,0,0,18.000,39.000,55.000,0,0,0,0,0,0,0,0,0,0,0,144,0,3,70,0,28.000,0,0,0,0,0,0,0,0,0,0,0,0,0,0,0,0,1,1,1,1,1,1,0,0,0,7132,0,0,0,0,0,0,0,0,0
0.446000,0.00,0.000,0.000,0,0,0.000,0,0,18.000,39.000,55.000,0,0,0,0,0,0,0,0,0,0,0,144,0,3,70,0,28.000,0,0,0,0,0,0,0,0,0,0,0,0,0,0,0,0,1,1,1,1,1,1,0,0,0,7136,0,0,0,0,0,0,0,0,0
0.446250,0.00,0.000,0.000,0,0,0.000,0,0,18.000,39.000,55.000,0,0,0,0,0,0,0,0,0,0,0,144,0,3,70,0,28.000,0,0,0,0,0,0,0,0,0,0,0,0,0,0,0,0,1,1,1,1,1,1,0,0,0,7140,0,0,0,0,0,0,0,0,0
0.446500,0.00,0.000,0.000,0,0,0.000,0,0,18.000,39.000,55.000,0,0,0,0,0,0,0,0,0,0,0,144,0,3,70,0,28.000,0,0,0,0,0,0,0,0,0,0,0,0,0,0,0,0,1,1,1,1,1,1,0,0,0,7144,0,0,0,0,0,0,0,0,0
0.446750,0.00,0.000,0.000,0,0,0.000,0,0,18.000,39.000,55.000,0,0,0,0,0,0,0,0,0,0,0,144,0,3,70,0,28.000,0,0,0,0,0,0,0,0,0,0,0,0,0,0,0,0,1,1,1,1,1,1,0,0,0,7148,0,0,0,0,0,0,0,0,0
0.447000,0.00,0.000,0.000,0,0,0.000,0,0,18.000,39.000,55.000,0,0,0,0,0,0,0,0,0,0,0,144,0,3,70,0,28.000,0,0,0,0,0,0,0,0,0,0,0,0,0,0,0,0,1,1,1,1,1,1,0,0,0,7152,0,0,0,0,0,0,0,0,0
0.447250,0.00,0.000,0.000,0,0,0.000,0,0,18.000,39.000,55.000,0,0,0,0,0,0,0,0,0,0,0,144,0,3,70,0,28.000,0,0,0,0,0,0,0,0,0,0,0,0,0,0,0,0,1,1,1,1,1,1,0,0,0,7156,0,0,0,0,0,0,0,0,0
0.447500,0.00,0.000,0.000,0,0,0.000,0,0,18.000,39.000,55.000,0,0,0,0,0,0,0,0,0,0,0,144,0,3,70,0,28.000,0,0,0,0,0,0,0,0,0,0,0,0,0,0,0,0,1,1,1,1,1,1,0,0,0,7160,0,0,0,0,0,0,0,0,0
0.447750,0.00,0.000,0.000,0,0,0.000,0,0,18.000,39.000,55.000,0,0,0,0,0,0,0,0,0,0,0,144,0,3,70,0,28.000,0,0,0,0,0,0,0,0,0,0,0,0,0,0,0,0,1,1,1,1,1,1,0,0,0,7164,0,0,0,0,0,0,0,0,0
0.448000,0.00,0.000,0.000,0,0,0.000,0,0,18.000,39.000,55.000,0,0,0,0,0,0,0,0,0,0,0,144,0,3,70,0,28.000,0,0,0,0,0,0,0,0,0,0,0,0,0,0,0,0,1,1,1,1,1,1,0,0,0,7168,0,0,0,0,0,0,0,0,0
0.448250,0.00,0.000,0.000,0,0,0.000,0,0,18.000,39.000,55.000,0,0,0,0,0,0,0,0,0,0,0,144,0,3,70,0,28.000,0,0,0,0,0,0,0,0,0,0,0,0,0,0,0,0,1,1,1,1,1,1,0,0,0,7172,0,0,0,0,0,0,0,0,0
0.448500,0.00,0.000,0.000,0,0,0.000,0,0,18.000,39.000,55.000,0,0,0,0,0,0,0,0,0,0,0,144,0,3,70,0,28.000,0,0,0,0,0,0,0,0,0,0,0,0,0,0,0,0,1,1,1,1,1,1,0,0,0,7176,0,0,0,0,0,0,0,0,0
0.448750,0.00,0.000,0.000,0,0,0.000,0,0,18.000,39.000,55.000,0,0,0,0,0,0,0,0,0,0,0,144,0,3,70,0,28.000,0,0,0,0,0,0,0,0,0,0,0,0,0,0,0,0,1,1,1,1,1,1,0,0,0,7180,0,0,0,0,0,0,0,0,0
0.449000,0.00,0.000,0.000,0,0,0.000,0,0,18.000,39.000,55.000,0,0,0,0,0,0,0,0,0,0,0,144,0,3,70,0,28.000,0,0,0,0,0,0,0,0,0,0,0,0,0,0,0,0,1,1,1,1,1,1,0,0,0,7184,0,0,0,0,0,0,0,0,0
0.449250,0.00,0.000,0.000,0,0,0.000,0,0,18.000,39.000,55.000,0,0,0,0,0,0,0,0,0,0,0,144,0,3,70,0,28.000,0,0,0,0,0,0,0,0,0,0,0,0,0,0,0,0,1,1,1,1,1,1,0,0,0,7188,0,0,0,0,0,0,0,0,0
0.449500,0.00,0.000,0.000,0,0,0.000,0,0,18.000,39.000,55.000,0,0,0,0,0,0,0,0,0,0,0,144,0,3,70,0,28.000,0,0,0,0,0,0,0,0,0,0,0,0,0,0,0,0,1,1,1,1,1,1,0,0,0,7192,0,0,0,0,0,0,0,0,0
0.449750,0.00,0.000,0.000,0,0,0.000,0,0,18.000,39.000,55.000,0,0,0,0,0,0,0,0,0,0,0,144,0,3,70,0,28.000,0,0,0,0,0,0,0,0,0,0,0,0,0,0,0,0,1,1,1,1,1,1,0,0,0,7196,0,0,0,0,0,0,0,0,0
0.450000,0.00,0.000,0.000,0,0,0.000,0,0,18.000,39.000,55.000,0,0,0,0,0,0,0,0,0,0,0,144,0,3,70,0,28.000,0,0,0,0,0,0,0,0,0,0,0,0,0,0,0,0,1,1,1,1,1,1,0,0,0,7200,0,0,0,0,0,0,0,0,0
0.450250,0.00,0.000,0.000,0,0,0.000,0,0,18.000,39.000,55.000,0,0,0,0,0,0,0,0,0,0,0,144,0,3,70,0,28.000,0,0,0,0,0,0,0,0,0,0,0,0,0,0,0,0,1,1,1,1,1,1,0,0,0,7204,0,0,0,0,0,0,0,0,0
0.450500,0.00,0.000,0.000,0,0,0.000,0,0,18.000,39.000,55.000,0,0,0,0,0,0,0,0,0,0,0,144,0,3,70,0,28.000,0,0,0,0,0,0,0,0,0,0,0,0,0,0,0,0,1,1,1,1,1,1,0,0,0,7208,0,0,0,0,0,0,0,0,0
0.450750,0.00,0.000,0.000,0,0,0.000,0,0,18.000,39.000,55.000,0,0,0,0,0,0,0,0,0,0,0,144,0,3,70,0,28.000,0,0,0,0,0,0,0,0,0,0,0,0,0,0,0,0,1,1,1,1,1,1,0,0,0,7212,0,0,0,0,0,0,0,0,0
0.451000,0.00,0.000,0.000,0,0,0.000,0,0,18.000,39.000,55.000,0,0,0,0,0,0,0,0,0,0,0,144,0,3,70,0,28.000,0,0,0,0,0,0,0,0,0,0,0,0,0,0,0,0,1,1,1,1,1,1,0,0,0,7216,0,0,0,0,0,0,0,0,0
0.451250,0.00,0.000,0.000,0,0,0.000,0,0,18.000,39.000,55.000,0,0,0,0,0,0,0,0,0,0,0,144,0,3,70,0,28.000,0,0,0,0,0,0,0,0,0,0,0,0,0,0,0,0,1,1,1,1,1,1,0,0,0,7220,0,0,0,0,0,0,0,0,0
0.451500,0.00,0.000,0.000,0,0,0.000,0,0,18.000,39.000,55.000,0,0,0,0,0,0,0,0,0,0,0,144,0,3,70,0,28.000,0,0,0,0,0,0,0,0,0,0,0,0,0,0,0,0,1,1,1,1,1,1,0,0,0,7224,0,0,0,0,0,0,0,0,0
0.451750,0.00,0.000,0.000,0,0,0.000,0,0,18.000,39.000,55.000,0,0,0,0,0,0,0,0,0,0,0,144,0,3,70,0,28.000,0,0,0,0,0,0,0,0,0,0,0,0,0,0,0,0,1,1,1,1,1,1,0,0,0,7228,0,0,0,0,0,0,0,0,0
0.452000,0.00,0.000,0.000,0,0,0.000,0,0,18.000,39.000,55.000,0,0,0,0,0,0,0,0,0,0,0,144,0,3,70,0,28.000,0,0,0,0,0,0,0,0,0,0,0,0,0,0,0,0,1,1,1,1,1,1,0,0,0,7232,0,0,0,0,0,0,0,0,0
0.452250,0.00,0.000,0.000,0,0,0.000,0,0,18.000,39.000,55.000,0,0,0,0,0,0,0,0,0,0,0,144,0,3,70,0,28.000,0,0,0,0,0,0,0,0,0,0,0,0,0,0,0,0,1,1,1,1,1,1,0,0,0,7236,0,0,0,0,0,0,0,0,0
0.452500,0.00,0.000,0.000,0,0,0.000,0,0,18.000,39.000,55.000,0,0,0,0,0,0,0,0,0,0,0,144,0,3,70,0,28.000,0,0,0,0,0,0,0,0,0,0,0,0,0,0,0,0,1,1,1,1,1,1,0,0,0,7240,0,0,0,0,0,0,0,0,0
0.452750,0.00,0.000,0.000,0,0,0.000,0,0,18.000,39.000,55.000,0,0,0,0,0,0,0,0,0,0,0,144,0,3,70,0,28.000,0,0,0,0,0,0,0,0,0,0,0,0,0,0,0,0,1,1,1,1,1,1,0,0,0,7244,0,0,0,0,0,0,0,0,0
0.453000,0.00,0.000,0.000,0,0,0.000,0,0,18.000,39.000,55.000,0,0,0,0,0,0,0,0,0,0,0,144,0,3,70,0,28.000,0,0,0,0,0,0,0,0,0,0,0,0,0,0,0,0,1,1,1,1,1,1,0,0,0,7248,0,0,0,0,0,0,0,0,0
0.453250,0.00,0.000,0.000,0,0,0.000,0,0,18.000,39.000,55.000,0,0,0,0,0,0,0,0,0,0,0,144,0,3,70,0,28.000,0,0,0,0,0,0,0,0,0,0,0,0,0,0,0,0,1,1,1,1,1,1,0,0,0,7252,0,0,0,0,0,0,0,0,0
0.453500,0.00,0.000,0.000,0,0,0.000,0,0,18.000,39.000,55.000,0,0,0,0,0,0,0,0,0,0,0,144,0,3,70,0,28.000,0,0,0,0,0,0,0,0,0,0,0,0,0,0,0,0,1,1,1,1,1,1,0,0,0,7256,0,0,0,0,0,0,0,0,0
0.453750,0.00,0.000,0.000,0,0,0.000,0,0,18.000,39.000,55.000,0,0,0,0,0,0,0,0,0,0,0,144,0,3,70,0,28.000,0,0,0,0,0,0,0,0,0,0,0,0,0,0,0,0,1,1,1,1,1,1,0,0,0,7260,0,0,0,0,0,0,0,0,0
0.454000,0.00,0.000,0.000,0,0,0.000,0,0,18.000,39.000,55.000,0,0,0,0,0,0,0,0,0,0,0,144,0,3,70,0,28.000,0,0,0,0,0,0,0,0,0,0,0,0,0,0,0,0,1,1,1,1,1,1,0,0,0,7264,0,0,0,0,0,0,0,0,0
0.454250,0.00,0.000,0.000,0,0,0.000,0,0,18.000,39.000,55.000,0,0,0,0,0,0,0,0,0,0,0,144,0,3,70,0,28.000,0,0,0,0,0,0,0,0,0,0,0,0,0,0,0,0,1,1,1,1,1,1,0,0,0,7268,0,0,0,0,0,0,0,0,0
0.454500,0.00,0.000,0.000,0,0,0.000,0,0,18.000,39.000,55.000,0,0,0,0,0,0,0,0,0,0,0,144,0,3,70,0,28.000,0,0,0,0,0,0,0,0,0,0,0,0,0,0,0,0,1,1,1,1,1,1,0,0,0,7272,0,0,0,0,0,0,0,0,0
0.454750,0.00,0.000,0.000,0,0,0.000,0,0,18.000,39.000,55.000,0,0,0,0,0,0,0,0,0,0,0,144,0,3,70,0,28.000,0,0,0,0,0,0,0,0,0,0,0,0,0,0,0,0,1,1,1,1,1,1,0,0,0,7276,0,0,0,0,0,0,0,0,0
0.455000,0.00,0.000,0.000,0,0,0.000,0,0,18.000,39.000,55.000,0,0,0,0,0,0,0,0,0,0,0,144,0,3,70,0,28.000,0,0,0,0,0,0,0,0,0,0,0,0,0,0,0,0,1,1,1,1,1,1,0,0,0,7280,0,0,0,0,0,0,0,0,0
0.455250,0.00,0.000,0.000,0,0,0.000,0,0,18.000,39.000,55.000,0,0,0,0,0,0,0,0,0,0,0,144,0,3,70,0,28.000,0,0,0,0,0,0,0,0,0,0,0,0,0,0,0,0,1,1,1,1,1,1,0,0,0,7284,0,0,0,0,0,0,0,0,0
0.455500,0.00,0.000,0.000,0,0,0.000,0,0,18.000,39.000,55.000,0,0,0,0,0,0,0,0,0,0,0,144,0,3,70,0,28.000,0,0,0,0,0,0,0,0,0,0,0,0,0,0,0,0,1,1,1,1,1,1,0,0,0,7288,0,0,0,0,0,0,0,0,0
0.455750,0.00,0.000,0.000,0,0,0.000,0,0,18.000,39.000,55.000,0,0,0,0,0,0,0,0,0,0,0,144,0,3,70,0,28.000,0,0,0,0,0,0,0,0,0,0,0,0,0,0,0,0,1,1,1,1,1,1,0,0,0,7292,0,0,0,0,0,0,0,0,0
0.456000,0.00,0.000,0.000,0,0,0.000,0,0,18.000,39.000,55.000,0,0,0,0,0,0,0,0,0,0,0,144,0,3,70,0,28.000,0,0,0,0,0,0,0,0,0,0,0,0,0,0,0,0,1,1,1,1,1,1,0,0,0,7296,0,0,0,0,0,0,0,0,0
0.456250,0.00,0.000,0.000,0,0,0.000,0,0,18.000,39.000,55.000,0,0,0,0,0,0,0,0,0,0,0,144,0,3,70,0,28.000,0,0,0,0,0,0,0,0,0,0,0,0,0,0,0,0,1,1,1,1,1,1,0,0,0,7300,0,0,0,0,0,0,0,0,0
0.456500,0.00,0.000,0.000,0,0,0.000,0,0,18.000,39.000,55.000,0,0,0,0,0,0,0,0,0,0,0,144,0,3,70,0,28.000,0,0,0,0,0,0,0,0,0,0,0,0,0,0,0,0,1,1,1,1,1,1,0,0,0,7304,0,0,0,0,0,0,0,0,0
0.456750,0.00,0.000,0.000,0,0,0.000,0,0,18.000,39.000,55.000,0,0,0,0,0,0,0,0,0,0,0,144,0,3,70,0,28.000,0,0,0,0,0,0,0,0,0,0,0,0,0,0,0,0,1,1,1,1,1,1,0,0,0,7308,0,0,0,0,0,0,0,0,0
0.457000,0.00,0.000,0.000,0,0,0.000,0,0,18.000,39.000,55.000,0,0,0,0,0,0,0,0,0,0,0,144,0,3,70,0,28.000,0,0,0,0,0,0,0,0,0,0,0,0,0,0,0,0,1,1,1,1,1,1,0,0,0,7312,0,0,0,0,0,0,0,0,0
0.457250,0.00,0.000,0.000,0,0,0.000,0,0,18.000,39.000,55.000,0,0,0,0,0,0,0,0,0,0,0,144,0,3,70,0,28.000,0,0,0,0,0,0,0,0,0,0,0,0,0,0,0,0,1,1,1,1,1,1,0,0,0,7316,0,0,0,0,0,0,0,0,0
0.457500,0.00,0.000,0.000,0,0,0.000,0,0,18.000,39.000,55.000,0,0,0,0,0,0,0,0,0,0,0,144,0,3,70,0,28.000,0,0,0,0,0,0,0,0,0,0,0,0,0,0,0,0,1,1,1,1,1,1,0,0,0,7320,0,0,0,0,0,0,0,0,0
0.457750,0.00,0.000,0.000,0,0,0.000,0,0,18.000,39.000,55.000,0,0,0,0,0,0,0,0,0,0,0,144,0,3,70,0,28.000,0,0,0,0,0,0,0,0,0,0,0,0,0,0,0,0,1,1,1,1,1,1,0,0,0,7324,0,0,0,0,0,0,0,0,0
0.458000,0.00,0.000,0.000,0,0,0.000,0,0,18.000,39.000,55.000,0,0,0,0,0,0,0,0,0,0,0,144,0,3,70,0,28.000,0,0,0,0,0,0,0,0,0,0,0,0,0,0,0,0,1,1,1,1,1,1,0,0,0,7328,0,0,0,0,0,0,0,0,0
0.458250,0.00,0.000,0.000,0,0,0.000,0,0,18.000,39.000,55.000,0,0,0,0,0,0,0,0,0,0,0,144,0,3,70,0,28.000,0,0,0,0,0,0,0,0,0,0,0,0,0,0,0,0,1,1,1,1,1,1,0,0,0,7332,0,0,0,0,0,0,0,0,0
0.458500,0.00,0.000,0.000,0,0,0.000,0,0,18.000,39.000,55.000,0,0,0,0,0,0,0,0,0,0,0,144,0,3,70,0,28.000,0,0,0,0,0,0,0,0,0,0,0,0,0,0,0,0,1,1,1,1,1,1,0,0,0,7336,0,0,0,0,0,0,0,0,0
0.458750,0.00,0.000,0.000,0,0,0.000,0,0,18.000,39.000,55.000,0,0,0,0,0,0,0,0,0,0,0,144,0,3,70,0,28.000,0,0,0,0,0,0,0,0,0,0,0,0,0,0,0,0,1,1,1,1,1,1,0,0,0,7340,0,0,0,0,0,0,0,0,0
0.459000,0.00,0.000,0.000,0,0,0.000,0,0,18.000,39.000,55.000,0,0,0,0,0,0,0,0,0,0,0,144,0,3,70,0,28.000,0,0,0,0,0,0,0,0,0,0,0,0,0,0,0,0,1,1,1,1,1,1,0,0,0,7344,0,0,0,0,0,0,0,0,0
0.459250,0.00,0.000,0.000,0,0,0.000,0,0,18.000,39.000,55.000,0,0,0,0,0,0,0,0,0,0,0,144,0,3,70,0,28.000,0,0,0,0,0,0,0,0,0,0,0,0,0,0,0,0,1,1,1,1,1,1,0,0,0,7348,0,0,0,0,0,0,0,0,0
0.459500,0.00,0.000,0.000,0,0,0.000,0,0,18.000,39.000,55.000,0,0,0,0,0,0,0,0,0,0,0,144,0,3,70,0,28.000,0,0,0,0,0,0,0,0,0,0,0,0,0,0,0,0,1,1,1,1,1,1,0,0,0,7352,0,0,0,0,0,0,0,0,0
0.459750,0.00,0.000,0.000,0,0,0.000,0,0,18.000,39.000,55.000,0,0,0,0,0,0,0,0,0,0,0,144,0,3,70,0,28.000,0,0,0,0,0,0,0,0,0,0,0,0,0,0,0,0,1,1,1,1,1,1,0,0,0,7356,0,0,0,0,0,0,0,0,0
0.460000,0.00,0.000,0.000,0,0,0.000,0,0,18.000,39.000,55.000,0,0,0,0,0,0,0,0,0,0,0,144,0,3,70,0,28.000,0,0,0,0,0,0,0,0,0,0,0,0,0,0,0,0,1,1,1,1,1,1,0,0,0,7360,0,0,0,0,0,0,0,0,0
0.460250,0.00,0.000,0.000,0,0,0.000,0,0,18.000,39.000,55.000,0,0,0,0,0,0,0,0,0,0,0,144,0,3,70,0,28.000,0,0,0,0,0,0,0,0,0,0,0,0,0,0,0,0,1,1,1,1,1,1,0,0,0,7364,0,0,0,0,0,0,0,0,0
0.460500,0.00,0.000,0.000,0,0,0.000,0,0,18.000,39.000,55.000,0,0,0,0,0,0,0,0,0,0,0,144,0,3,70,0,28.000,0,0,0,0,0,0,0,0,0,0,0,0,0,0,0,0,1,1,1,1,1,1,0,0,0,7368,0,0,0,0,0,0,0,0,0
0.460750,0.00,0.000,0.000,0,0,0.000,0,0,18.000,39.000,55.000,0,0,0,0,0,0,0,0,0,0,0,144,0,3,70,0,28.000,0,0,0,0,0,0,0,0,0,0,0,0,0,0,0,0,1,1,1,1,1,1,0,0,0,7372,0,0,0,0,0,0,0,0,0
0.461000,0.00,0.000,0.000,0,0,0.000,0,0,18.000,39.000,55.000,0,0,0,0,0,0,0,0,0,0,0,144,0,3,70,0,28.000,0,0,0,0,0,0,0,0,0,0,0,0,0,0,0,0,1,1,1,1,1,1,0,0,0,7376,0,0,0,0,0,0,0,0,0
0.461250,0.00,0.000,0.000,0,0,0.000,0,0,18.000,39.000,55.000,0,0,0,0,0,0,0,0,0,0,0,144,0,3,70,0,28.000,0,0,0,0,0,0,0,0,0,0,0,0,0,0,0,0,1,1,1,1,1,1,0,0,0,7380,0,0,0,0,0,0,0,0,0
0.461500,0.00,0.000,0.000,0,0,0.000,0,0,18.000,39.000,55.000,0,0,0,0,0,0,0,0,0,0,0,144,0,3,70,0,28.000,0,0,0,0,0,0,0,0,0,0,0,0,0,0,0,0,1,1,1,1,1,1,0,0,0,7384,0,0,0,0,0,0,0,0,0
0.461750,0.00,0.000,0.000,0,0,0.000,0,0,18.000,39.000,55.000,0,0,0,0,0,0,0,0,0,0,0,144,0,3,70,0,28.000,0,0,0,0,0,0,0,0,0,0,0,0,0,0,0,0,1,1,1,1,1,1,0,0,0,7388,0,0,0,0,0,0,0,0,0
0.462000,0.00,0.000,0.000,0,0,0.000,0,0,18.000,39.000,55.000,0,0,0,0,0,0,0,0,0,0,0,144,0,3,70,0,28.000,0,0,0,0,0,0,0,0,0,0,0,0,0,0,0,0,1,1,1,1,1,1,0,0,0,7392,0,0,0,0,0,0,0,0,0
0.462250,0.00,0.000,0.000,0,0,0.000,0,0,18.000,39.000,55.000,0,0,0,0,0,0,0,0,0,0,0,144,0,3,70,0,28.000,0,0,0,0,0,0,0,0,0,0,0,0,0,0,0,0,1,1,1,1,1,1,0,0,0,7396,0,0,0,0,0,0,0,0,0
0.462500,0.00,0.000,0.000,0,0,0.000,0,0,18.000,39.000,55.000,0,0,0,0,0,0,0,0,0,0,0,144,0,3,70,0,28.000,0,0,0,0,0,0,0,0,0,0,0,0,0,0,0,0,1,1,1,1,1,1,0,0,0,7400,0,0,0,0,0,0,0,0,0
0.462750,0.00,0.000,0.000,0,0,0.000,0,0,18.000,39.000,55.000,0,0,0,0,0,0,0,0,0,0,0,144,0,3,70,0,28.000,0,0,0,0,0,0,0,0,0,0,0,0,0,0,0,0,1,1,1,1,1,1,0,0,0,7404,0,0,0,0,0,0,0,0,0
0.463000,0.00,0.000,0.000,0,0,0.000,0,0,18.000,39.000,55.000,0,0,0,0,0,0,0,0,0,0,0,144,0,3,70,0,28.000,0,0,0,0,0,0,0,0,0,0,0,0,0,0,0,0,1,1,1,1,1,1,0,0,0,7408,0,0,0,0,0,0,0,0,0
0.463250,0.00,0.000,0.000,0,0,0.000,0,0,18.000,39.000,55.000,0,0,0,0,0,0,0,0,0,0,0,144,0,3,70,0,28.000,0,0,0,0,0,0,0,0,0,0,0,0,0,0,0,0,1,1,1,1,1,1,0,0,0,7412,0,0,0,0,0,0,0,0,0
0.463500,0.00,0.000,0.000,0,0,0.000,0,0,18.000,39.000,55.000,0,0,0,0,0,0,0,0,0,0,0,144,0,3,70,0,28.000,0,0,0,0,0,0,0,0,0,0,0,0,0,0,0,0,1,1,1,1,1,1,0,0,0,7416,0,0,0,0,0,0,0,0,0
0.463750,0.00,0.000,0.000,0,0,0.000,0,0,18.000,39.000,55.000,0,0,0,0,0,0,0,0,0,0,0,144,0,3,70,0,28.000,0,0,0,0,0,0,0,0,0,0,0,0,0,0,0,0,1,1,1,1,1,1,0,0,0,7420,0,0,0,0,0,0,0,0,0
0.464000,0.00,0.000,0.000,0,0,0.000,0,0,18.000,39.000,55.000,0,0,0,0,0,0,0,0,0,0,0,144,0,3,70,0,28.000,0,0,0,0,0,0,0,0,0,0,0,0,0,0,0,0,1,1,1,1,1,1,0,0,0,7424,0,0,0,0,0,0,0,0,0
0.464250,0.00,0.000,0.000,0,0,0.000,0,0,18.000,39.000,55.000,0,0,0,0,0,0,0,0,0,0,0,144,0,3,70,0,28.000,0,0,0,0,0,0,0,0,0,0,0,0,0,0,0,0,1,1,1,1,1,1,0,0,0,7428,0,0,0,0,0,0,0,0,0
0.464500,0.00,0.000,0.000,0,0,0.000,0,0,18.000,39.000,55.000,0,0,0,0,0,0,0,0,0,0,0,144,0,3,70,0,28.000,0,0,0,0,0,0,0,0,0,0,0,0,0,0,0,0,1,1,1,1,1,1,0,0,0,7432,0,0,0,0,0,0,0,0,0
0.464750,0.00,0.000,0.000,0,0,0.000,0,0,18.000,39.000,55.000,0,0,0,0,0,0,0,0,0,0,0,144,0,3,70,0,28.000,0,0,0,0,0,0,0,0,0,0,0,0,0,0,0,0,1,1,1,1,1,1,0,0,0,7436,0,0,0,0,0,0,0,0,0
0.465000,0.00,0.000,0.000,0,0,0.000,0,0,18.000,39.000,55.000,0,0,0,0,0,0,0,0,0,0,0,144,0,3,70,0,28.000,0,0,0,0,0,0,0,0,0,0,0,0,0,0,0,0,1,1,1,1,1,1,0,0,0,7440,0,0,0,0,0,0,0,0,0
0.465250,0.00,0.000,0.000,0,0,0.000,0,0,18.000,39.000,55.000,0,0,0,0,0,0,0,0,0,0,0,144,0,3,70,0,28.000,0,0,0,0,0,0,0,0,0,0,0,0,0,0,0,0,1,1,1,1,1,1,0,0,0,7444,0,0,0,0,0,0,0,0,0
0.465500,0.00,0.000,0.000,0,0,0.000,0,0,18.000,39.000,55.000,0,0,0,0,0,0,0,0,0,0,0,144,0,3,70,0,28.000,0,0,0,0,0,0,0,0,0,0,0,0,0,0,0,0,1,1,1,1,1,1,0,0,0,7448,0,0,0,0,0,0,0,0,0
0.465750,0.00,0.000,0.000,0,0,0.000,0,0,18.000,39.000,55.000,0,0,0,0,0,0,0,0,0,0,0,144,0,3,70,0,28.000,0,0,0,0,0,0,0,0,0,0,0,0,0,0,0,0,1,1,1,1,1,1,0,0,0,7452,0,0,0,0,0,0,0,0,0
0.466000,0.00,0.000,0.000,0,0,0.000,0,0,18.000,39.000,55.000,0,0,0,0,0,0,0,0,0,0,0,144,0,3,70,0,28.000,0,0,0,0,0,0,0,0,0,0,0,0,0,0,0,0,1,1,1,1,1,1,0,0,0,7456,0,0,0,0,0,0,0,0,0
0.466250,0.00,0.000,0.000,0,0,0.000,0,0,18.000,39.000,55.000,0,0,0,0,0,0,0,0,0,0,0,144,0,3,70,0,28.000,0,0,0,0,0,0,0,0,0,0,0,0,0,0,0,0,1,1,1,1,1,1,0,0,0,7460,0,0,0,0,0,0,0,0,0
0.466500,0.00,0.000,0.000,0,0,0.000,0,0,18.000,39.000,55.000,0,0,0,0,0,0,0,0,0,0,0,144,0,3,70,0,28.000,0,0,0,0,0,0,0,0,0,0,0,0,0,0,0,0,1,1,1,1,1,1,0,0,0,7464,0,0,0,0,0,0,0,0,0
0.466750,0.00,0.000,0.000,0,0,0.000,0,0,18.000,39.000,55.000,0,0,0,0,0,0,0,0,0,0,0,144,0,3,70,0,28.000,0,0,0,0,0,0,0,0,0,0,0,0,0,0,0,0,1,1,1,1,1,1,0,0,0,7468,0,0,0,0,0,0,0,0,0
0.467000,0.00,0.000,0.000,0,0,0.000,0,0,18.000,39.000,55.000,0,0,0,0,0,0,0,0,0,0,0,144,0,3,70,0,28.000,0,0,0,0,0,0,0,0,0,0,0,0,0,0,0,0,1,1,1,1,1,1,0,0,0,7472,0,0,0,0,0,0,0,0,0
0.467250,0.00,0.000,0.000,0,0,0.000,0,0,18.000,39.000,55.000,0,0,0,0,0,0,0,0,0,0,0,144,0,3,70,0,28.000,0,0,0,0,0,0,0,0,0,0,0,0,0,0,0,0,1,1,1,1,1,1,0,0,0,7476,0,0,0,0,0,0,0,0,0
0.467500,0.00,0.000,0.000,0,0,0.000,0,0,18.000,39.000,55.000,0,0,0,0,0,0,0,0,0,0,0,144,0,3,70,0,28.000,0,0,0,0,0,0,0,0,0,0,0,0,0,0,0,0,1,1,1,1,1,1,0,0,0,7480,0,0,0,0,0,0,0,0,0
0.467750,0.00,0.000,0.000,0,0,0.000,0,0,18.000,39.000,55.000,0,0,0,0,0,0,0,0,0,0,0,144,0,3,70,0,28.000,0,0,0,0,0,0,0,0,0,0,0,0,0,0,0,0,1,1,1,1,1,1,0,0,0,7484,0,0,0,0,0,0,0,0,0
0.468000,0.00,0.000,0.000,0,0,0.000,0,0,18.000,39.000,55.000,0,0,0,0,0,0,0,0,0,0,0,144,0,3,70,0,28.000,0,0,0,0,0,0,0,0,0,0,0,0,0,0,0,0,1,1,1,1,1,1,0,0,0,7488,0,0,0,0,0,0,0,0,0
0.468250,0.00,0.000,0.000,0,0,0.000,0,0,18.000,39.000,55.000,0,0,0,0,0,0,0,0,0,0,0,144,0,3,70,0,28.000,0,0,0,0,0,0,0,0,0,0,0,0,0,0,0,0,1,1,1,1,1,1,0,0,0,7492,0,0,0,0,0,0,0,0,0
0.468500,0.00,0.000,0.000,0,0,0.000,0,0,18.000,39.000,55.000,0,0,0,0,0,0,0,0,0,0,0,144,0,3,70,0,28.000,0,0,0,0,0,0,0,0,0,0,0,0,0,0,0,0,1,1,1,1,1,1,0,0,0,7496,0,0,0,0,0,0,0,0,0
0.468750,0.00,0.000,0.000,0,0,0.000,0,0,18.000,39.000,55.000,0,0,0,0,0,0,0,0,0,0,0,144,0,3,70,0,28.000,0,0,0,0,0,0,0,0,0,0,0,0,0,0,0,0,1,1,1,1,1,1,0,0,0,7500,0,0,0,0,0,0,0,0,0
0.469000,0.00,0.000,0.000,0,0,0.000,0,0,18.000,39.000,55.000,0,0,0,0,0,0,0,0,0,0,0,144,0,3,70,0,28.000,0,0,0,0,0,0,0,0,0,0,0,0,0,0,0,0,1,1,1,1,1,1,0,0,0,7504,0,0,0,0,0,0,0,0,0
0.469250,0.00,0.000,0.000,0,0,0.000,0,0,18.000,39.000,55.000,0,0,0,0,0,0,0,0,0,0,0,144,0,3,70,0,28.000,0,0,0,0,0,0,0,0,0,0,0,0,0,0,0,0,1,1,1,1,1,1,0,0,0,7508,0,0,0,0,0,0,0,0,0
0.469500,0.00,0.000,0.000,0,0,0.000,0,0,18.000,39.000,55.000,0,0,0,0,0,0,0,0,0,0,0,144,0,3,70,0,28.000,0,0,0,0,0,0,0,0,0,0,0,0,0,0,0,0,1,1,1,1,1,1,0,0,0,7512,0,0,0,0,0,0,0,0,0
0.469750,0.00,0.000,0.000,0,0,0.000,0,0,18.000,39.000,55.000,0,0,0,0,0,0,0,0,0,0,0,144,0,3,70,0,28.000,0,0,0,0,0,0,0,0,0,0,0,0,0,0,0,0,1,1,1,1,1,1,0,0,0,7516,0,0,0,0,0,0,0,0,0
0.470000,0.00,0.000,0.000,0,0,0.000,0,0,18.000,39.000,55.000,0,0,0,0,0,0,0,0,0,0,0,144,0,3,70,0,28.000,0,0,0,0,0,0,0,0,0,0,0,0,0,0,0,0,1,1,1,1,1,1,0,0,0,7520,0,0,0,0,0,0,0,0,0
0.470250,0.00,0.000,0.000,0,0,0.000,0,0,18.000,39.000,55.000,0,0,0,0,0,0,0,0,0,0,0,144,0,3,70,0,28.000,0,0,0,0,0,0,0,0,0,0,0,0,0,0,0,0,1,1,1,1,1,1,0,0,0,7524,0,0,0,0,0,0,0,0,0
0.470500,0.00,0.000,0.000,0,0,0.000,0,0,18.000,39.000,55.000,0,0,0,0,0,0,0,0,0,0,0,144,0,3,70,0,28.000,0,0,0,0,0,0,0,0,0,0,0,0,0,0,0,0,1,1,1,1,1,1,0,0,0,7528,0,0,0,0,0,0,0,0,0
0.470750,0.00,0.000,0.000,0,0,0.000,0,0,18.000,39.000,55.000,0,0,0,0,0,0,0,0,0,0,0,144,0,3,70,0,28.000,0,0,0,0,0,0,0,0,0,0,0,0,0,0,0,0,1,1,1,1,1,1,0,0,0,7532,0,0,0,0,0,0,0,0,0
0.471000,0.00,0.000,0.000,0,0,0.000,0,0,18.000,39.000,55.000,0,0,0,0,0,0,0,0,0,0,0,144,0,3,70,0,28.000,0,0,0,0,0,0,0,0,0,0,0,0,0,0,0,0,1,1,1,1,1,1,0,0,0,7536,0,0,0,0,0,0,0,0,0
0.471250,0.00,0.000,0.000,0,0,0.000,0,0,18.000,39.000,55.000,0,0,0,0,0,0,0,0,0,0,0,144,0,3,70,0,28.000,0,0,0,0,0,0,0,0,0,0,0,0,0,0,0,0,1,1,1,1,1,1,0,0,0,7540,0,0,0,0,0,0,0,0,0
0.471500,0.00,0.000,0.000,0,0,0.000,0,0,18.000,39.000,55.000,0,0,0,0,0,0,0,0,0,0,0,144,0,3,70,0,28.000,0,0,0,0,0,0,0,0,0,0,0,0,0,0,0,0,1,1,1,1,1,1,0,0,0,7544,0,0,0,0,0,0,0,0,0
0.471750,0.00,0.000,0.000,0,0,0.000,0,0,18.000,39.000,55.000,0,0,0,0,0,0,0,0,0,0,0,144,0,3,70,0,28.000,0,0,0,0,0,0,0,0,0,0,0,0,0,0,0,0,1,1,1,1,1,1,0,0,0,7548,0,0,0,0,0,0,0,0,0
0.472000,0.00,0.000,0.000,0,0,0.000,0,0,18.000,39.000,55.000,0,0,0,0,0,0,0,0,0,0,0,144,0,3,70,0,28.000,0,0,0,0,0,0,0,0,0,0,0,0,0,0,0,0,1,1,1,1,1,1,0,0,0,7552,0,0,0,0,0,0,0,0,0
0.472250,0.00,0.000,0.000,0,0,0.000,0,0,18.000,39.000,55.000,0,0,0,0,0,0,0,0,0,0,0,144,0,3,70,0,28.000,0,0,0,0,0,0,0,0,0,0,0,0,0,0,0,0,1,1,1,1,1,1,0,0,0,7556,0,0,0,0,0,0,0,0,0
0.472500,0.00,0.000,0.000,0,0,0.000,0,0,18.000,39.000,55.000,0,0,0,0,0,0,0,0,0,0,0,144,0,3,70,0,28.000,0,0,0,0,0,0,0,0,0,0,0,0,0,0,0,0,1,1,1,1,1,1,0,0,0,7560,0,0,0,0,0,0,0,0,0
0.472750,0.00,0.000,0.000,0,0,0.000,0,0,18.000,39.000,55.000,0,0,0,0,0,0,0,0,0,0,0,144,0,3,70,0,28.000,0,0,0,0,0,0,0,0,0,0,0,0,0,0,0,0,1,1,1,1,1,1,0,0,0,7564,0,0,0,0,0,0,0,0,0
0.473000,0.00,0.000,0.000,0,0,0.000,0,0,18.000,39.000,55.000,0,0,0,0,0,0,0,0,0,0,0,144,0,3,70,0,28.000,0,0,0,0,0,0,0,0,0,0,0,0,0,0,0,0,1,1,1,1,1,1,0,0,0,7568,0,0,0,0,0,0,0,0,0
0.473250,0.00,0.000,0.000,0,0,0.000,0,0,18.000,39.000,55.000,0,0,0,0,0,0,0,0,0,0,0,144,0,3,70,0,28.000,0,0,0,0,0,0,0,0,0,0,0,0,0,0,0,0,1,1,1,1,1,1,0,0,0,7572,0,0,0,0,0,0,0,0,0
0.473500,0.00,0.000,0.000,0,0,0.000,0,0,18.000,39.000,55.000,0,0,0,0,0,0,0,0,0,0,0,144,0,3,70,0,28.000,0,0,0,0,0,0,0,0,0,0,0,0,0,0,0,0,1,1,1,1,1,1,0,0,0,7576,0,0,0,0,0,0,0,0,0
0.473750,0.00,0.000,0.000,0,0,0.000,0,0,18.000,39.000,55.000,0,0,0,0,0,0,0,0,0,0,0,144,0,3,70,0,28.000,0,0,0,0,0,0,0,0,0,0,0,0,0,0,0,0,1,1,1,1,1,1,0,0,0,7580,0,0,0,0,0,0,0,0,0
0.474000,0.00,0.000,0.000,0,0,0.000,0,0,18.000,39.000,55.000,0,0,0,0,0,0,0,0,0,0,0,144,0,3,70,0,28.000,0,0,0,0,0,0,0,0,0,0,0,0,0,0,0,0,1,1,1,1,1,1,0,0,0,7584,0,0,0,0,0,0,0,0,0
0.474250,0.00,0.000,0.000,0,0,0.000,0,0,18.000,39.000,55.000,0,0,0,0,0,0,0,0,0,0,0,144,0,3,70,0,28.000,0,0,0,0,0,0,0,0,0,0,0,0,0,0,0,0,1,1,1,1,1,1,0,0,0,7588,0,0,0,0,0,0,0,0,0
0.474500,0.00,0.000,0.000,0,0,0.000,0,0,18.000,39.000,55.000,0,0,0,0,0,0,0,0,0,0,0,144,0,3,70,0,28.000,0,0,0,0,0,0,0,0,0,0,0,0,0,0,0,0,1,1,1,1,1,1,0,0,0,7592,0,0,0,0,0,0,0,0,0
0.474750,0.00,0.000,0.000,0,0,0.000,0,0,18.000,39.000,55.000,0,0,0,0,0,0,0,0,0,0,0,144,0,3,70,0,28.000,0,0,0,0,0,0,0,0,0,0,0,0,0,0,0,0,1,1,1,1,1,1,0,0,0,7596,0,0,0,0,0,0,0,0,0
0.475000,0.00,0.000,0.000,0,0,0.000,0,0,18.000,39.000,55.000,0,0,0,0,0,0,0,0,0,0,0,144,0,3,70,0,28.000,0,0,0,0,0,0,0,0,0,0,0,0,0,0,0,0,1,1,1,1,1,1,0,0,0,7600,0,0,0,0,0,0,0,0,0
0.475250,0.00,0.000,0.000,0,0,0.000,0,0,18.000,39.000,55.000,0,0,0,0,0,0,0,0,0,0,0,144,0,3,70,0,28.000,0,0,0,0,0,0,0,0,0,0,0,0,0,0,0,0,1,1,1,1,1,1,0,0,0,7604,0,0,0,0,0,0,0,0,0
0.475500,0.00,0.000,0.000,0,0,0.000,0,0,18.000,39.000,55.000,0,0,0,0,0,0,0,0,0,0,0,144,0,3,70,0,28.000,0,0,0,0,0,0,0,0,0,0,0,0,0,0,0,0,1,1,1,1,1,1,0,0,0,7608,0,0,0,0,0,0,0,0,0
0.475750,0.00,0.000,0.000,0,0,0.000,0,0,18.000,39.000,55.000,0,0,0,0,0,0,0,0,0,0,0,144,0,3,70,0,28.000,0,0,0,0,0,0,0,0,0,0,0,0,0,0,0,0,1,1,1,1,1,1,0,0,0,7612,0,0,0,0,0,0,0,0,0
0.476000,0.00,0.000,0.000,0,0,0.000,0,0,18.000,39.000,55.000,0,0,0,0,0,0,0,0,0,0,0,144,0,3,70,0,28.000,0,0,0,0,0,0,0,0,0,0,0,0,0,0,0,0,1,1,1,1,1,1,0,0,0,7616,0,0,0,0,0,0,0,0,0
0.476250,0.00,0.000,0.000,0,0,0.000,0,0,18.000,39.000,55.000,0,0,0,0,0,0,0,0,0,0,0,144,0,3,70,0,28.000,0,0,0,0,0,0,0,0,0,0,0,0,0,0,0,0,1,1,1,1,1,1,0,0,0,7620,0,0,0,0,0,0,0,0,0
0.476500,0.00,0.000,0.000,0,0,0.000,0,0,18.000,39.000,55.000,0,0,0,0,0,0,0,0,0,0,0,144,0,3,70,0,28.000,0,0,0,0,0,0,0,0,0,0,0,0,0,0,0,0,1,1,1,1,1,1,0,0,0,7624,0,0,0,0,0,0,0,0,0
0.476750,0.00,0.000,0.000,0,0,0.000,0,0,18.000,39.000,55.000,0,0,0,0,0,0,0,0,0,0,0,144,0,3,70,0,28.000,0,0,0,0,0,0,0,0,0,0,0,0,0,0,0,0,1,1,1,1,1,1,0,0,0,7628,0,0,0,0,0,0,0,0,0
0.477000,0.00,0.000,0.000,0,0,0.000,0,0,18.000,39.000,55.000,0,0,0,0,0,0,0,0,0,0,0,144,0,3,70,0,28.000,0,0,0,0,0,0,0,0,0,0,0,0,0,0,0,0,1,1,1,1,1,1,0,0,0,7632,0,0,0,0,0,0,0,0,0
0.477250,0.00,0.000,0.000,0,0,0.000,0,0,18.000,39.000,55.000,0,0,0,0,0,0,0,0,0,0,0,144,0,3,70,0,28.000,0,0,0,0,0,0,0,0,0,0,0,0,0,0,0,0,1,1,1,1,1,1,0,0,0,7636,0,0,0,0,0,0,0,0,0
0.477500,0.00,0.000,0.000,0,0,0.000,0,0,18.000,39.000,55.000,0,0,0,0,0,0,0,0,0,0,0,144,0,3,70,0,28.000,0,0,0,0,0,0,0,0,0,0,0,0,0,0,0,0,1,1,1,1,1,1,0,0,0,7640,0,0,0,0,0,0,0,0,0
0.477750,0.00,0.000,0.000,0,0,0.000,0,0,18.000,39.000,55.000,0,0,0,0,0,0,0,0,0,0,0,144,0,3,70,0,28.000,0,0,0,0,0,0,0,0,0,0,0,0,0,0,0,0,1,1,1,1,1,1,0,0,0,7644,0,0,0,0,0,0,0,0,0
0.478000,0.00,0.000,0.000,0,0,0.000,0,0,18.000,39.000,55.000,0,0,0,0,0,0,0,0,0,0,0,144,0,3,70,0,28.000,0,0,0,0,0,0,0,0,0,0,0,0,0,0,0,0,1,1,1,1,1,1,0,0,0,7648,0,0,0,0,0,0,0,0,0
0.478250,0.00,0.000,0.000,0,0,0.000,0,0,18.000,39.000,55.000,0,0,0,0,0,0,0,0,0,0,0,144,0,3,70,0,28.000,0,0,0,0,0,0,0,0,0,0,0,0,0,0,0,0,1,1,1,1,1,1,0,0,0,7652,0,0,0,0,0,0,0,0,0
0.478500,0.00,0.000,0.000,0,0,0.000,0,0,18.000,39.000,55.000,0,0,0,0,0,0,0,0,0,0,0,144,0,3,70,0,28.000,0,0,0,0,0,0,0,0,0,0,0,0,0,0,0,0,1,1,1,1,1,1,0,0,0,7656,0,0,0,0,0,0,0,0,0
0.478750,0.00,0.000,0.000,0,0,0.000,0,0,18.000,39.000,55.000,0,0,0,0,0,0,0,0,0,0,0,144,0,3,70,0,28.000,0,0,0,0,0,0,0,0,0,0,0,0,0,0,0,0,1,1,1,1,1,1,0,0,0,7660,0,0,0,0,0,0,0,0,0
0.479000,0.00,0.000,0.000,0,0,0.000,0,0,18.000,39.000,55.000,0,0,0,0,0,0,0,0,0,0,0,144,0,3,70,0,28.000,0,0,0,0,0,0,0,0,0,0,0,0,0,0,0,0,1,1,1,1,1,1,0,0,0,7664,0,0,0,0,0,0,0,0,0
0.479250,0.00,0.000,0.000,0,0,0.000,0,0,18.000,39.000,55.000,0,0,0,0,0,0,0,0,0,0,0,144,0,3,70,0,28.000,0,0,0,0,0,0,0,0,0,0,0,0,0,0,0,0,1,1,1,1,1,1,0,0,0,7668,0,0,0,0,0,0,0,0,0
0.479500,0.00,0.000,0.000,0,0,0.000,0,0,18.000,39.000,55.000,0,0,0,0,0,0,0,0,0,0,0,144,0,3,70,0,28.000,0,0,0,0,0,0,0,0,0,0,0,0,0,0,0,0,1,1,1,1,1,1,0,0,0,7672,0,0,0,0,0,0,0,0,0
0.479750,0.00,0.000,0.000,0,0,0.000,0,0,18.000,39.000,55.000,0,0,0,0,0,0,0,0,0,0,0,144,0,3,70,0,28.000,0,0,0,0,0,0,0,0,0,0,0,0,0,0,0,0,1,1,1,1,1,1,0,0,0,7676,0,0,0,0,0,0,0,0,0
0.480000,0.00,0.000,0.000,0,0,0.000,0,0,18.000,39.000,55.000,0,0,0,0,0,0,0,0,0,0,0,144,0,3,70,0,28.000,0,0,0,0,0,0,0,0,0,0,0,0,0,0,0,0,1,1,1,1,1,1,0,0,0,7680,0,0,0,0,0,0,0,0,0
0.480250,0.00,0.000,0.000,0,0,0.000,0,0,18.000,39.000,55.000,0,0,0,0,0,0,0,0,0,0,0,144,0,3,70,0,28.000,0,0,0,0,0,0,0,0,0,0,0,0,0,0,0,0,1,1,1,1,1,1,0,0,0,7684,0,0,0,0,0,0,0,0,0
0.480500,0.00,0.000,0.000,0,0,0.000,0,0,18.000,39.000,55.000,0,0,0,0,0,0,0,0,0,0,0,144,0,3,70,0,28.000,0,0,0,0,0,0,0,0,0,0,0,0,0,0,0,0,1,1,1,1,1,1,0,0,0,7688,0,0,0,0,0,0,0,0,0
0.480750,0.00,0.000,0.000,0,0,0.000,0,0,18.000,39.000,55.000,0,0,0,0,0,0,0,0,0,0,0,144,0,3,70,0,28.000,0,0,0,0,0,0,0,0,0,0,0,0,0,0,0,0,1,1,1,1,1,1,0,0,0,7692,0,0,0,0,0,0,0,0,0
0.481000,0.00,0.000,0.000,0,0,0.000,0,0,18.000,39.000,55.000,0,0,0,0,0,0,0,0,0,0,0,144,0,3,70,0,28.000,0,0,0,0,0,0,0,0,0,0,0,0,0,0,0,0,1,1,1,1,1,1,0,0,0,7696,0,0,0,0,0,0,0,0,0
0.481250,0.00,0.000,0.000,0,0,0.000,0,0,18.000,39.000,55.000,0,0,0,0,0,0,0,0,0,0,0,144,0,3,70,0,28.000,0,0,0,0,0,0,0,0,0,0,0,0,0,0,0,0,1,1,1,1,1,1,0,0,0,7700,0,0,0,0,0,0,0,0,0
0.481500,0.00,0.000,0.000,0,0,0.000,0,0,18.000,39.000,55.000,0,0,0,0,0,0,0,0,0,0,0,144,0,3,70,0,28.000,0,0,0,0,0,0,0,0,0,0,0,0,0,0,0,0,1,1,1,1,1,1,0,0,0,7704,0,0,0,0,0,0,0,0,0
0.481750,0.00,0.000,0.000,0,0,0.000,0,0,18.000,39.000,55.000,0,0,0,0,0,0,0,0,0,0,0,144,0,3,70,0,28.000,0,0,0,0,0,0,0,0,0,0,0,0,0,0,0,0,1,1,1,1,1,1,0,0,0,7708,0,0,0,0,0,0,0,0,0
0.482000,0.00,0.000,0.000,0,0,0.000,0,0,18.000,39.000,55.000,0,0,0,0,0,0,0,0,0,0,0,144,0,3,70,0,28.000,0,0,0,0,0,0,0,0,0,0,0,0,0,0,0,0,1,1,1,1,1,1,0,0,0,7712,0,0,0,0,0,0,0,0,0
0.482250,0.00,0.000,0.000,0,0,0.000,0,0,18.000,39.000,55.000,0,0,0,0,0,0,0,0,0,0,0,144,0,3,70,0,28.000,0,0,0,0,0,0,0,0,0,0,0,0,0,0,0,0,1,1,1,1,1,1,0,0,0,7716,0,0,0,0,0,0,0,0,0
0.482500,0.00,0.000,0.000,0,0,0.000,0,0,18.000,39.000,55.000,0,0,0,0,0,0,0,0,0,0,0,144,0,3,70,0,28.000,0,0,0,0,0,0,0,0,0,0,0,0,0,0,0,0,1,1,1,1,1,1,0,0,0,7720,0,0,0,0,0,0,0,0,0
0.482750,0.00,0.000,0.000,0,0,0.000,0,0,18.000,39.000,55.000,0,0,0,0,0,0,0,0,0,0,0,144,0,3,70,0,28.000,0,0,0,0,0,0,0,0,0,0,0,0,0,0,0,0,1,1,1,1,1,1,0,0,0,7724,0,0,0,0,0,0,0,0,0
0.483000,0.00,0.000,0.000,0,0,0.000,0,0,18.000,39.000,55.000,0,0,0,0,0,0,0,0,0,0,0,144,0,3,70,0,28.000,0,0,0,0,0,0,0,0,0,0,0,0,0,0,0,0,1,1,1,1,1,1,0,0,0,7728,0,0,0,0,0,0,0,0,0
0.483250,0.00,0.000,0.000,0,0,0.000,0,0,18.000,39.000,55.000,0,0,0,0,0,0,0,0,0,0,0,144,0,3,70,0,28.000,0,0,0,0,0,0,0,0,0,0,0,0,0,0,0,0,1,1,1,1,1,1,0,0,0,7732,0,0,0,0,0,0,0,0,0
0.483500,0.00,0.000,0.000,0,0,0.000,0,0,18.000,39.000,55.000,0,0,0,0,0,0,0,0,0,0,0,144,0,3,70,0,28.000,0,0,0,0,0,0,0,0,0,0,0,0,0,0,0,0,1,1,1,1,1,1,0,0,0,7736,0,0,0,0,0,0,0,0,0
0.483750,0.00,0.000,0.000,0,0,0.000,0,0,18.000,39.000,55.000,0,0,0,0,0,0,0,0,0,0,0,144,0,3,70,0,28.000,0,0,0,0,0,0,0,0,0,0,0,0,0,0,0,0,1,1,1,1,1,1,0,0,0,7740,0,0,0,0,0,0,0,0,0
0.484000,0.00,0.000,0.000,0,0,0.000,0,0,18.000,39.000,55.000,0,0,0,0,0,0,0,0,0,0,0,144,0,3,70,0,28.000,0,0,0,0,0,0,0,0,0,0,0,0,0,0,0,0,1,1,1,1,1,1,0,0,0,7744,0,0,0,0,0,0,0,0,0
0.484250,0.00,0.000,0.000,0,0,0.000,0,0,18.000,39.000,55.000,0,0,0,0,0,0,0,0,0,0,0,144,0,3,70,0,28.000,0,0,0,0,0,0,0,0,0,0,0,0,0,0,0,0,1,1,1,1,1,1,0,0,0,7748,0,0,0,0,0,0,0,0,0
0.484500,0.00,0.000,0.000,0,0,0.000,0,0,18.000,39.000,55.000,0,0,0,0,0,0,0,0,0,0,0,144,0,3,70,0,28.000,0,0,0,0,0,0,0,0,0,0,0,0,0,0,0,0,1,1,1,1,1,1,0,0,0,7752,0,0,0,0,0,0,0,0,0
0.484750,0.00,0.000,0.000,0,0,0.000,0,0,18.000,39.000,55.000,0,0,0,0,0,0,0,0,0,0,0,144,0,3,70,0,28.000,0,0,0,0,0,0,0,0,0,0,0,0,0,0,0,0,1,1,1,1,1,1,0,0,0,7756,0,0,0,0,0,0,0,0,0
0.485000,0.00,0.000,0.000,0,0,0.000,0,0,18.000,39.000,55.000,0,0,0,0,0,0,0,0,0,0,0,144,0,3,70,0,28.000,0,0,0,0,0,0,0,0,0,0,0,0,0,0,0,0,1,1,1,1,1,1,0,0,0,7760,0,0,0,0,0,0,0,0,0
0.485250,0.00,0.000,0.000,0,0,0.000,0,0,18.000,39.000,55.000,0,0,0,0,0,0,0,0,0,0,0,144,0,3,70,0,28.000,0,0,0,0,0,0,0,0,0,0,0,0,0,0,0,0,1,1,1,1,1,1,0,0,0,7764,0,0,0,0,0,0,0,0,0
0.485500,0.00,0.000,0.000,0,0,0.000,0,0,18.000,39.000,55.000,0,0,0,0,0,0,0,0,0,0,0,144,0,3,70,0,28.000,0,0,0,0,0,0,0,0,0,0,0,0,0,0,0,0,1,1,1,1,1,1,0,0,0,7768,0,0,0,0,0,0,0,0,0
0.485750,0.00,0.000,0.000,0,0,0.000,0,0,18.000,39.000,55.000,0,0,0,0,0,0,0,0,0,0,0,144,0,3,70,0,28.000,0,0,0,0,0,0,0,0,0,0,0,0,0,0,0,0,1,1,1,1,1,1,0,0,0,7772,0,0,0,0,0,0,0,0,0
0.486000,0.00,0.000,0.000,0,0,0.000,0,0,18.000,39.000,55.000,0,0,0,0,0,0,0,0,0,0,0,144,0,3,70,0,28.000,0,0,0,0,0,0,0,0,0,0,0,0,0,0,0,0,1,1,1,1,1,1,0,0,0,7776,0,0,0,0,0,0,0,0,0
0.486250,0.00,0.000,0.000,0,0,0.000,0,0,18.000,39.000,55.000,0,0,0,0,0,0,0,0,0,0,0,144,0,3,70,0,28.000,0,0,0,0,0,0,0,0,0,0,0,0,0,0,0,0,1,1,1,1,1,1,0,0,0,7780,0,0,0,0,0,0,0,0,0
0.486500,0.00,0.000,0.000,0,0,0.000,0,0,18.000,39.000,55.000,0,0,0,0,0,0,0,0,0,0,0,144,0,3,70,0,28.000,0,0,0,0,0,0,0,0,0,0,0,0,0,0,0,0,1,1,1,1,1,1,0,0,0,7784,0,0,0,0,0,0,0,0,0
0.486750,0.00,0.000,0.000,0,0,0.000,0,0,18.000,39.000,55.000,0,0,0,0,0,0,0,0,0,0,0,144,0,3,70,0,28.000,0,0,0,0,0,0,0,0,0,0,0,0,0,0,0,0,1,1,1,1,1,1,0,0,0,7788,0,0,0,0,0,0,0,0,0
0.487000,0.00,0.000,0.000,0,0,0.000,0,0,18.000,39.000,55.000,0,0,0,0,0,0,0,0,0,0,0,144,0,3,70,0,28.000,0,0,0,0,0,0,0,0,0,0,0,0,0,0,0,0,1,1,1,1,1,1,0,0,0,7792,0,0,0,0,0,0,0,0,0
0.487250,0.00,0.000,0.000,0,0,0.000,0,0,18.000,39.000,55.000,0,0,0,0,0,0,0,0,0,0,0,144,0,3,70,0,28.000,0,0,0,0,0,0,0,0,0,0,0,0,0,0,0,0,1,1,1,1,1,1,0,0,0,7796,0,0,0,0,0,0,0,0,0
0.487500,0.00,0.000,0.000,0,0,0.000,0,0,18.000,39.000,55.000,0,0,0,0,0,0,0,0,0,0,0,144,0,3,70,0,28.000,0,0,0,0,0,0,0,0,0,0,0,0,0,0,0,0,1,1,1,1,1,1,0,0,0,7800,0,0,0,0,0,0,0,0,0
0.487750,0.00,0.000,0.000,0,0,0.000,0,0,18.000,39.000,55.000,0,0,0,0,0,0,0,0,0,0,0,144,0,3,70,0,28.000,0,0,0,0,0,0,0,0,0,0,0,0,0,0,0,0,1,1,1,1,1,1,0,0,0,7804,0,0,0,0,0,0,0,0,0
0.488000,0.00,0.000,0.000,0,0,0.000,0,0,18.000,39.000,55.000,0,0,0,0,0,0,0,0,0,0,0,144,0,3,70,0,28.000,0,0,0,0,0,0,0,0,0,0,0,0,0,0,0,0,1,1,1,1,1,1,0,0,0,7808,0,0,0,0,0,0,0,0,0
0.488250,0.00,0.000,0.000,0,0,0.000,0,0,18.000,39.000,55.000,0,0,0,0,0,0,0,0,0,0,0,144,0,3,70,0,28.000,0,0,0,0,0,0,0,0,0,0,0,0,0,0,0,0,1,1,1,1,1,1,0,0,0,7812,0,0,0,0,0,0,0,0,0
0.488500,0.00,0.000,0.000,0,0,0.000,0,0,18.000,39.000,55.000,0,0,0,0,0,0,0,0,0,0,0,144,0,3,70,0,28.000,0,0,0,0,0,0,0,0,0,0,0,0,0,0,0,0,1,1,1,1,1,1,0,0,0,7816,0,0,0,0,0,0,0,0,0
0.488750,0.00,0.000,0.000,0,0,0.000,0,0,18.000,39.000,55.000,0,0,0,0,0,0,0,0,0,0,0,144,0,3,70,0,28.000,0,0,0,0,0,0,0,0,0,0,0,0,0,0,0,0,1,1,1,1,1,1,0,0,0,7820,0,0,0,0,0,0,0,0,0
0.489000,0.00,0.000,0.000,0,0,0.000,0,0,18.000,39.000,55.000,0,0,0,0,0,0,0,0,0,0,0,144,0,3,70,0,28.000,0,0,0,0,0,0,0,0,0,0,0,0,0,0,0,0,1,1,1,1,1,1,0,0,0,7824,0,0,0,0,0,0,0,0,0
0.489250,0.00,0.000,0.000,0,0,0.000,0,0,18.000,39.000,55.000,0,0,0,0,0,0,0,0,0,0,0,144,0,3,70,0,28.000,0,0,0,0,0,0,0,0,0,0,0,0,0,0,0,0,1,1,1,1,1,1,0,0,0,7828,0,0,0,0,0,0,0,0,0
0.489500,0.00,0.000,0.000,0,0,0.000,0,0,18.000,39.000,55.000,0,0,0,0,0,0,0,0,0,0,0,144,0,3,70,0,28.000,0,0,0,0,0,0,0,0,0,0,0,0,0,0,0,0,1,1,1,1,1,1,0,0,0,7832,0,0,0,0,0,0,0,0,0
0.489750,0.00,0.000,0.000,0,0,0.000,0,0,18.000,39.000,55.000,0,0,0,0,0,0,0,0,0,0,0,144,0,3,70,0,28.000,0,0,0,0,0,0,0,0,0,0,0,0,0,0,0,0,1,1,1,1,1,1,0,0,0,7836,0,0,0,0,0,0,0,0,0
0.490000,0.00,0.000,0.000,0,0,0.000,0,0,18.000,39.000,55.000,0,0,0,0,0,0,0,0,0,0,0,144,0,3,70,0,28.000,0,0,0,0,0,0,0,0,0,0,0,0,0,0,0,0,1,1,1,1,1,1,0,0,0,7840,0,0,0,0,0,0,0,0,0
0.490250,0.00,0.000,0.000,0,0,0.000,0,0,18.000,39.000,55.000,0,0,0,0,0,0,0,0,0,0,0,144,0,3,70,0,28.000,0,0,0,0,0,0,0,0,0,0,0,0,0,0,0,0,1,1,1,1,1,1,0,0,0,7844,0,0,0,0,0,0,0,0,0
0.490500,0.00,0.000,0.000,0,0,0.000,0,0,18.000,39.000,55.000,0,0,0,0,0,0,0,0,0,0,0,144,0,3,70,0,28.000,0,0,0,0,0,0,0,0,0,0,0,0,0,0,0,0,1,1,1,1,1,1,0,0,0,7848,0,0,0,0,0,0,0,0,0
0.490750,0.00,0.000,0.000,0,0,0.000,0,0,18.000,39.000,55.000,0,0,0,0,0,0,0,0,0,0,0,144,0,3,70,0,28.000,0,0,0,0,0,0,0,0,0,0,0,0,0,0,0,0,1,1,1,1,1,1,0,0,0,7852,0,0,0,0,0,0,0,0,0
0.491000,0.00,0.000,0.000,0,0,0.000,0,0,18.000,39.000,55.000,0,0,0,0,0,0,0,0,0,0,0,144,0,3,70,0,28.000,0,0,0,0,0,0,0,0,0,0,0,0,0,0,0,0,1,1,1,1,1,1,0,0,0,7856,0,0,0,0,0,0,0,0,0
0.491250,0.00,0.000,0.000,0,0,0.000,0,0,18.000,39.000,55.000,0,0,0,0,0,0,0,0,0,0,0,144,0,3,70,0,28.000,0,0,0,0,0,0,0,0,0,0,0,0,0,0,0,0,1,1,1,1,1,1,0,0,0,7860,0,0,0,0,0,0,0,0,0
0.491500,0.00,0.000,0.000,0,0,0.000,0,0,18.000,39.000,55.000,0,0,0,0,0,0,0,0,0,0,0,144,0,3,70,0,28.000,0,0,0,0,0,0,0,0,0,0,0,0,0,0,0,0,1,1,1,1,1,1,0,0,0,7864,0,0,0,0,0,0,0,0,0
0.491750,0.00,0.000,0.000,0,0,0.000,0,0,18.000,39.000,55.000,0,0,0,0,0,0,0,0,0,0,0,144,0,3,70,0,28.000,0,0,0,0,0,0,0,0,0,0,0,0,0,0,0,0,1,1,1,1,1,1,0,0,0,7868,0,0,0,0,0,0,0,0,0
0.492000,0.00,0.000,0.000,0,0,0.000,0,0,18.000,39.000,55.000,0,0,0,0,0,0,0,0,0,0,0,144,0,3,70,0,28.000,0,0,0,0,0,0,0,0,0,0,0,0,0,0,0,0,1,1,1,1,1,1,0,0,0,7872,0,0,0,0,0,0,0,0,0
0.492250,0.00,0.000,0.000,0,0,0.000,0,0,18.000,39.000,55.000,0,0,0,0,0,0,0,0,0,0,0,144,0,3,70,0,28.000,0,0,0,0,0,0,0,0,0,0,0,0,0,0,0,0,1,1,1,1,1,1,0,0,0,7876,0,0,0,0,0,0,0,0,0
0.492500,0.00,0.000,0.000,0,0,0.000,0,0,18.000,39.000,55.000,0,0,0,0,0,0,0,0,0,0,0,144,0,3,70,0,28.000,0,0,0,0,0,0,0,0,0,0,0,0,0,0,0,0,1,1,1,1,1,1,0,0,0,7880,0,0,0,0,0,0,0,0,0
0.492750,0.00,0.000,0.000,0,0,0.000,0,0,18.000,39.000,55.000,0,0,0,0,0,0,0,0,0,0,0,144,0,3,70,0,28.000,0,0,0,0,0,0,0,0,0,0,0,0,0,0,0,0,1,1,1,1,1,1,0,0,0,7884,0,0,0,0,0,0,0,0,0
0.493000,0.00,0.000,0.000,0,0,0.000,0,0,18.000,39.000,55.000,0,0,0,0,0,0,0,0,0,0,0,144,0,3,70,0,28.000,0,0,0,0,0,0,0,0,0,0,0,0,0,0,0,0,1,1,1,1,1,1,0,0,0,7888,0,0,0,0,0,0,0,0,0
0.493250,0.00,0.000,0.000,0,0,0.000,0,0,18.000,39.000,55.000,0,0,0,0,0,0,0,0,0,0,0,144,0,3,70,0,28.000,0,0,0,0,0,0,0,0,0,0,0,0,0,0,0,0,1,1,1,1,1,1,0,0,0,7892,0,0,0,0,0,0,0,0,0
0.493500,0.00,0.000,0.000,0,0,0.000,0,0,18.000,39.000,55.000,0,0,0,0,0,0,0,0,0,0,0,144,0,3,70,0,28.000,0,0,0,0,0,0,0,0,0,0,0,0,0,0,0,0,1,1,1,1,1,1,0,0,0,7896,0,0,0,0,0,0,0,0,0
0.493750,0.00,0.000,0.000,0,0,0.000,0,0,18.000,39.000,55.000,0,0,0,0,0,0,0,0,0,0,0,144,0,3,70,0,28.000,0,0,0,0,0,0,0,0,0,0,0,0,0,0,0,0,1,1,1,1,1,1,0,0,0,7900,0,0,0,0,0,0,0,0,0
0.494000,0.00,0.000,0.000,0,0,0.000,0,0,18.000,39.000,55.000,0,0,0,0,0,0,0,0,0,0,0,144,0,3,70,0,28.000,0,0,0,0,0,0,0,0,0,0,0,0,0,0,0,0,1,1,1,1,1,1,0,0,0,7904,0,0,0,0,0,0,0,0,0
0.494250,0.00,0.000,0.000,0,0,0.000,0,0,18.000,39.000,55.000,0,0,0,0,0,0,0,0,0,0,0,144,0,3,70,0,28.000,0,0,0,0,0,0,0,0,0,0,0,0,0,0,0,0,1,1,1,1,1,1,0,0,0,7908,0,0,0,0,0,0,0,0,0
0.494500,0.00,0.000,0.000,0,0,0.000,0,0,18.000,39.000,55.000,0,0,0,0,0,0,0,0,0,0,0,144,0,3,70,0,28.000,0,0,0,0,0,0,0,0,0,0,0,0,0,0,0,0,1,1,1,1,1,1,0,0,0,7912,0,0,0,0,0,0,0,0,0
0.494750,0.00,0.000,0.000,0,0,0.000,0,0,18.000,39.000,55.000,0,0,0,0,0,0,0,0,0,0,0,144,0,3,70,0,28.000,0,0,0,0,0,0,0,0,0,0,0,0,0,0,0,0,1,1,1,1,1,1,0,0,0,7916,0,0,0,0,0,0,0,0,0
0.495000,0.00,0.000,0.000,0,0,0.000,0,0,18.000,39.000,55.000,0,0,0,0,0,0,0,0,0,0,0,144,0,3,70,0,28.000,0,0,0,0,0,0,0,0,0,0,0,0,0,0,0,0,1,1,1,1,1,1,0,0,0,7920,0,0,0,0,0,0,0,0,0
0.495250,0.00,0.000,0.000,0,0,0.000,0,0,18.000,39.000,55.000,0,0,0,0,0,0,0,0,0,0,0,144,0,3,70,0,28.000,0,0,0,0,0,0,0,0,0,0,0,0,0,0,0,0,1,1,1,1,1,1,0,0,0,7924,0,0,0,0,0,0,0,0,0
0.495500,0.00,0.000,0.000,0,0,0.000,0,0,18.000,39.000,55.000,0,0,0,0,0,0,0,0,0,0,0,144,0,3,70,0,28.000,0,0,0,0,0,0,0,0,0,0,0,0,0,0,0,0,1,1,1,1,1,1,0,0,0,7928,0,0,0,0,0,0,0,0,0
0.495750,0.00,0.000,0.000,0,0,0.000,0,0,18.000,39.000,55.000,0,0,0,0,0,0,0,0,0,0,0,144,0,3,70,0,28.000,0,0,0,0,0,0,0,0,0,0,0,0,0,0,0,0,1,1,1,1,1,1,0,0,0,7932,0,0,0,0,0,0,0,0,0
0.496000,0.00,0.000,0.000,0,0,0.000,0,0,18.000,39.000,55.000,0,0,0,0,0,0,0,0,0,0,0,144,0,3,70,0,28.000,0,0,0,0,0,0,0,0,0,0,0,0,0,0,0,0,1,1,1,1,1,1,0,0,0,7936,0,0,0,0,0,0,0,0,0
0.496250,0.00,0.000,0.000,0,0,0.000,0,0,18.000,39.000,55.000,0,0,0,0,0,0,0,0,0,0,0,144,0,3,70,0,28.000,0,0,0,0,0,0,0,0,0,0,0,0,0,0,0,0,1,1,1,1,1,1,0,0,0,7940,0,0,0,0,0,0,0,0,0
0.496500,0.00,0.000,0.000,0,0,0.000,0,0,18.000,39.000,55.000,0,0,0,0,0,0,0,0,0,0,0,144,0,3,70,0,28.000,0,0,0,0,0,0,0,0,0,0,0,0,0,0,0,0,1,1,1,1,1,1,0,0,0,7944,0,0,0,0,0,0,0,0,0
0.496750,0.00,0.000,0.000,0,0,0.000,0,0,18.000,39.000,55.000,0,0,0,0,0,0,0,0,0,0,0,144,0,3,70,0,28.000,0,0,0,0,0,0,0,0,0,0,0,0,0,0,0,0,1,1,1,1,1,1,0,0,0,7948,0,0,0,0,0,0,0,0,0
0.497000,0.00,0.000,0.000,0,0,0.000,0,0,18.000,39.000,55.000,0,0,0,0,0,0,0,0,0,0,0,144,0,3,70,0,28.000,0,0,0,0,0,0,0,0,0,0,0,0,0,0,0,0,1,1,1,1,1,1,0,0,0,7952,0,0,0,0,0,0,0,0,0
0.497250,0.00,0.000,0.000,0,0,0.000,0,0,18.000,39.000,55.000,0,0,0,0,0,0,0,0,0,0,0,144,0,3,70,0,28.000,0,0,0,0,0,0,0,0,0,0,0,0,0,0,0,0,1,1,1,1,1,1,0,0,0,7956,0,0,0,0,0,0,0,0,0
0.497500,0.00,0.000,0.000,0,0,0.000,0,0,18.000,39.000,55.000,0,0,0,0,0,0,0,0,0,0,0,144,0,3,70,0,28.000,0,0,0,0,0,0,0,0,0,0,0,0,0,0,0,0,1,1,1,1,1,1,0,0,0,7960,0,0,0,0,0,0,0,0,0
0.497750,0.00,0.000,0.000,0,0,0.000,0,0,18.000,39.000,55.000,0,0,0,0,0,0,0,0,0,0,0,144,0,3,70,0,28.000,0,0,0,0,0,0,0,0,0,0,0,0,0,0,0,0,1,1,1,1,1,1,0,0,0,7964,0,0,0,0,0,0,0,0,0
0.498000,0.00,0.000,0.000,0,0,0.000,0,0,18.000,39.000,55.000,0,0,0,0,0,0,0,0,0,0,0,144,0,3,70,0,28.000,0,0,0,0,0,0,0,0,0,0,0,0,0,0,0,0,1,1,1,1,1,1,0,0,0,7968,0,0,0,0,0,0,0,0,0
0.498250,0.00,0.000,0.000,0,0,0.000,0,0,18.000,39.000,55.000,0,0,0,0,0,0,0,0,0,0,0,144,0,3,70,0,28.000,0,0,0,0,0,0,0,0,0,0,0,0,0,0,0,0,1,1,1,1,1,1,0,0,0,7972,0,0,0,0,0,0,0,0,0
0.498500,0.00,0.000,0.000,0,0,0.000,0,0,18.000,39.000,55.000,0,0,0,0,0,0,0,0,0,0,0,144,0,3,70,0,28.000,0,0,0,0,0,0,0,0,0,0,0,0,0,0,0,0,1,1,1,1,1,1,0,0,0,7976,0,0,0,0,0,0,0,0,0
0.498750,0.00,0.000,0.000,0,0,0.000,0,0,18.000,39.000,55.000,0,0,0,0,0,0,0,0,0,0,0,144,0,3,70,0,28.000,0,0,0,0,0,0,0,0,0,0,0,0,0,0,0,0,1,1,1,1,1,1,0,0,0,7980,0,0,0,0,0,0,0,0,0
0.499000,0.00,0.000,0.000,0,0,0.000,0,0,18.000,39.000,55.000,0,0,0,0,0,0,0,0,0,0,0,144,0,3,70,0,28.000,0,0,0,0,0,0,0,0,0,0,0,0,0,0,0,0,1,1,1,1,1,1,0,0,0,7984,0,0,0,0,0,0,0,0,0
0.499250,0.00,0.000,0.000,0,0,0.000,0,0,18.000,39.000,55.000,0,0,0,0,0,0,0,0,0,0,0,144,0,3,70,0,28.000,0,0,0,0,0,0,0,0,0,0,0,0,0,0,0,0,1,1,1,1,1,1,0,0,0,7988,0,0,0,0,0,0,0,0,0
0.499500,0.00,0.000,0.000,0,0,0.000,0,0,18.000,39.000,55.000,0,0,0,0,0,0,0,0,0,0,0,144,0,3,70,0,28.000,0,0,0,0,0,0,0,0,0,0,0,0,0,0,0,0,1,1,1,1,1,1,0,0,0,7992,0,0,0,0,0,0,0,0,0
0.499750,0.00,0.000,0.000,0,0,0.000,0,0,18.000,39.000,55.000,0,0,0,0,0,0,0,0,0,0,0,144,0,3,70,0,28.000,0,0,0,0,0,0,0,0,0,0,0,0,0,0,0,0,1,1,1,1,1,1,0,0,0,7996,0,0,0,0,0,0,0,0,0
0.500000,0.11,28.052,16.820,2,0,72.000,0,0,18.000,39.000,55.000,0,0,0,0,0,0,0,0,0,0,0,16,0,3,70,1,28.000,1,1,0,0,0,0,0,0,0,0,0,0,0,0,0,0,1,1,1,1,1,1,0,0,0,8000,0,0,0,0,0,0,0,0,0
0.500250,0.22,28.103,16.880,5,0,72.000,0,0,18.000,39.000,55.000,0,0,0,0,0,0,0,0,0,0,0,16,0,3,70,1,28.000,1,1,0,0,0,0,0,0,0,0,0,0,0,0,0,0,1,1,1,1,1,1,0,0,0,8004,0,0,0,0,0,0,0,0,0
0.500500,0.32,28.155,16.880,7,0,72.000,0,0,18.000,39.000,55.000,0,0,0,0,0,0,0,0,0,0,0,16,0,3,70,1,28.000,1,1,0,0,0,0,0,0,0,0,0,0,0,0,0,0,1,1,1,1,1,1,0,0,0,8008,0,0,0,0,0,0,0,0,0
0.500750,0.43,28.207,16.930,9,0,72.000,0,0,18.000,39.000,55.000,0,0,0,0,0,0,0,0,0,0,0,16,0,3,70,1,28.000,1,1,0,0,0,0,0,0,0,0,0,0,0,0,0,0,1,1,1,1,1,1,0,0,0,8012,0,0,0,0,0,0,0,0,0
0.501000,0.54,28.259,16.930,12,0,72.000,0,0,18.000,39.000,55.000,0,0,0,0,0,0,0,0,0,0,0,16,0,3,70,1,28.000,1,1,0,0,0,0,0,0,0,0,0,0,0,0,0,0,1,1,1,1,1,1,0,0,0,8016,0,0,0,0,0,0,0,0,0
0.501250,0.65,28.310,16.990,14,0,72.000,0,0,18.000,39.000,55.000,0,0,0,0,0,0,0,0,0,0,0,16,0,3,70,1,28.000,1,1,0,0,0,0,0,0,0,0,0,0,0,0,0,0,1,1,1,1,1,1,0,0,0,8020,0,0,0,0,0,0,0,0,0
0.501500,0.76,28.362,16.990,16,0,72.000,0,0,18.000,39.000,55.000,0,0,0,0,0,0,0,0,0,0,0,16,0,3,70,1,28.000,1,1,0,0,0,0,0,0,0,0,0,0,0,0,0,0,1,1,1,1,1,1,0,0,0,8024,0,0,0,0,0,0,0,0,0
0.501750,0.86,28.414,17.040,19,0,72.000,0,0,18.000,39.000,55.000,0,0,0,0,0,0,0,0,0,0,0,16,0,3,70,1,28.000,1,1,0,0,0,0,0,0,0,0,0,0,0,0,0,0,1,1,1,1,1,1,0,0,0,8028,0,0,0,0,0,0,0,0,0
0.502000,0.97,28.465,17.100,21,0,72.000,0,0,18.000,39.000,55.000,0,0,0,0,0,0,0,0,0,0,0,16,0,3,70,1,28.000,1,1,0,0,0,0,0,0,0,0,0,0,0,0,0,0,1,1,1,1,1,1,0,0,0,8032,0,0,0,0,0,0,0,0,0
0.502250,1.08,28.517,17.100,23,0,72.000,0,0,18.000,39.000,55.000,0,0,0,0,0,0,0,0,0,0,0,16,0,3,70,1,28.000,1,1,0,0,0,0,0,0,0,0,0,0,0,0,0,0,1,1,1,1,1,1,0,0,0,8036,0,0,0,0,0,0,0,0,0
0.502500,1.19,28.569,17.150,26,0,72.000,0,0,18.000,39.000,55.000,0,0,0,0,0,0,0,0,0,0,0,16,0,3,70,1,28.000,1,1,0,0,0,0,0,0,0,0,0,0,0,0,0,0,1,1,1,1,1,1,0,0,0,8040,0,0,0,0,0,0,0,0,0
0.502750,1.30,28.620,17.150,28,0,72.000,0,0,18.000,39.000,55.000,0,0,0,0,0,0,0,0,0,0,0,16,0,3,70,1,28.000,1,1,0,0,0,0,0,0,0,0,0,0,0,0,0,0,1,1,1,1,1,1,0,0,0,8044,0,0,0,0,0,0,0,0,0
0.503000,1.40,28.672,17.210,30,0,72.000,0,0,18.000,39.000,55.000,0,0,0,0,0,0,0,0,0,0,0,16,0,3,70,1,28.000,1,1,0,0,0,0,0,0,0,0,0,0,0,0,0,0,1,1,1,1,1,1,0,0,0,8048,0,0,0,0,0,0,0,0,0
0.503250,1.51,28.724,17.210,32,0,72.000,0,0,18.000,39.000,55.000,0,0,0,0,0,0,0,0,0,0,0,16,0,3,70,1,28.000,1,1,0,0,0,0,0,0,0,0,0,0,0,0,0,0,1,1,1,1,1,1,0,0,0,8052,0,0,0,0,0,0,0,0,0
0.503500,1.62,28.775,17.260,35,1,72.000,0,0,18.000,39.000,55.000,0,0,0,0,0,0,0,0,0,0,0,16,0,3,70,1,28.000,1,1,0,0,0,0,0,0,0,0,0,0,0,0,0,0,1,1,1,1,1,1,0,0,0,8056,0,0,0,0,0,0,0,0,0
0.503750,1.73,28.827,17.310,37,1,72.000,0,0,18.000,39.000,55.000,0,0,0,0,0,0,0,0,0,0,0,16,0,3,70,1,28.000,1,1,0,0,0,0,0,0,0,0,0,0,0,0,0,0,1,1,1,1,1,1,0,0,0,8060,0,0,0,0,0,0,0,0,0
0.504000,1.84,28.879,17.310,39,1,72.000,0,0,18.000,39.000,55.000,0,0,0,0,0,0,0,0,0,0,0,16,0,3,70,1,28.000,1,1,0,0,0,0,0,0,0,0,0,0,0,0,0,0,1,1,1,1,1,1,0,0,0,8064,0,0,0,0,0,0,0,0,0
0.504250,1.94,28.930,17.370,41,1,72.000,0,0,18.000,39.000,55.000,0,0,0,0,0,0,0,0,0,0,0,16,0,3,70,1,28.000,1,1,0,0,0,0,0,0,0,0,0,0,0,0,0,0,1,1,1,1,1,1,0,0,0,8068,0,0,0,0,0,0,0,0,0
0.504500,2.05,28.982,17.370,43,1,72.000,0,0,18.000,39.000,55.000,0,0,0,0,0,0,0,0,0,0,0,16,0,3,70,1,28.000,1,1,0,0,0,0,0,0,0,0,0,0,0,0,0,0,1,1,1,1,1,1,0,0,0,8072,0,0,0,0,0,0,0,0,0
0.504750,2.16,29.034,17.420,45,1,72.000,0,0,18.000,39.000,55.000,0,0,0,0,0,0,0,0,0,0,0,16,0,3,70,1,28.000,1,1,0,0,0,0,0,0,0,0,0,0,0,0,0,0,1,1,1,1,1,1,0,0,0,8076,0,0,0,0,0,0,0,0,0
0.505000,2.27,29.085,17.480,48,1,72.000,0,0,18.000,39.000,55.000,0,0,0,0,0,0,0,0,0,0,0,16,0,3,70,1,28.000,1,1,0,0,0,0,0,0,0,0,0,0,0,0,0,0,1,1,1,1,1,1,0,0,0,8080,0,0,0,0,0,0,0,0,0
0.505250,2.38,29.137,17.480,50,1,72.000,0,0,18.000,39.000,55.000,0,0,0,0,0,0,0,0,0,0,0,16,0,3,70,1,28.000,1,1,0,0,0,0,0,0,0,0,0,0,0,0,0,0,1,1,1,1,1,1,0,0,0,8084,0,0,0,0,0,0,0,0,0
0.505500,2.48,29.188,17.530,52,1,72.000,0,0,18.000,39.000,55.000,0,0,0,0,0,0,0,0,0,0,0,16,0,3,70,1,28.000,1,1,0,0,0,0,0,0,0,0,0,0,0,0,0,0,1,1,1,1,1,1,0,0,0,8088,0,0,0,0,0,0,0,0,0
0.505750,2.59,29.240,17.530,54,1,72.000,0,0,18.000,39.000,55.000,0,0,0,0,0,0,0,0,0,0,0,16,0,3,70,1,28.000,1,1,0,0,0,0,0,0,0,0,0,0,0,0,0,0,1,1,1,1,1,1,0,0,0,8092,0,0,0,0,0,0,0,0,0
0.506000,2.70,29.291,17.590,56,1,72.000,0,0,18.000,39.000,55.000,0,0,0,0,0,0,0,0,0,0,0,16,0,3,70,1,28.000,1,1,0,0,0,0,0,0,0,0,0,0,0,0,0,0,1,1,1,1,1,1,0,0,0,8096,0,0,0,0,0,0,0,0,0
0.506250,2.81,29.343,17.590,58,2,72.000,0,0,18.000,39.000,55.000,0,0,0,0,0,0,0,0,0,0,0,16,0,3,70,1,28.000,1,1,0,0,0,0,0,0,0,0,0,0,0,0,0,0,1,1,1,1,1,1,0,0,0,8100,0,0,0,0,0,0,0,0,0
0.506500,2.92,29.394,17.640,60,2,72.000,0,0,18.000,39.000,55.000,0,0,0,0,0,0,0,0,0,0,0,16,0,3,70,1,28.000,1,1,0,0,0,0,0,0,0,0,0,0,0,0,0,0,1,1,1,1,1,1,0,0,0,8104,0,0,0,0,0,0,0,0,0
0.506750,3.02,29.446,17.640,62,2,72.000,0,0,18.000,39.000,55.000,0,0,0,0,0,0,0,0,0,0,0,16,0,3,70,1,28.000,1,1,0,0,0,0,0,0,0,0,0,0,0,0,0,0,1,1,1,1,1,1,0,0,0,8108,0,0,0,0,0,0,0,0,0
0.507000,3.13,29.497,17.690,64,2,72.000,0,0,18.000,39.000,55.000,0,0,0,0,0,0,0,0,0,0,0,16,0,3,70,1,28.000,1,1,0,0,0,0,0,0,0,0,0,0,0,0,0,0,1,1,1,1,1,1,0,0,0,8112,0,0,0,0,0,0,0,0,0
0.507250,3.24,29.549,17.690,66,2,72.000,0,0,18.000,39.000,55.000,0,0,0,0,0,0,0,0,0,0,0,16,0,3,70,1,28.000,1,1,0,0,0,0,0,0,0,0,0,0,0,0,0,0,1,1,1,1,1,1,0,0,0,8116,0,0,0,0,0,0,0,0,0
0.507500,3.35,29.600,17.750,68,2,72.000,0,0,18.000,39.000,55.000,0,0,0,0,0,0,0,0,0,0,0,16,0,3,70,1,28.000,1,1,0,0,0,0,0,0,0,0,0,0,0,0,0,0,1,1,1,1,1,1,0,0,0,8120,0,0,0,0,0,0,0,0,0
0.507750,3.46,29.651,17.800,71,2,72.000,0,0,18.000,39.000,55.000,0,0,0,0,0,0,0,0,0,0,0,16,0,3,70,1,28.000,1,1,0,0,0,0,0,0,0,0,0,0,0,0,0,0,1,1,1,1,1,1,0,0,0,8124,0,0,0,0,0,0,0,0,0
0.508000,3.56,29.703,17.800,73,3,72.000,0,0,18.000,39.000,55.000,0,0,0,0,0,0,0,0,0,0,0,16,0,3,70,1,28.000,1,1,0,0,0,0,0,0,0,0,0,0,0,0,0,0,1,1,1,1,1,1,0,0,0,8128,0,0,0,0,0,0,0,0,0
0.508250,3.67,29.754,17.860,75,3,72.000,0,0,18.000,39.000,55.000,0,0,0,0,0,0,0,0,0,0,0,16,0,3,70,1,28.000,1,1,0,0,0,0,0,0,0,0,0,0,0,0,0,0,1,1,1,1,1,1,0,0,0,8132,0,0,0,0,0,0,0,0,0
0.508500,3.78,29.805,17.860,77,3,72.000,0,0,18.000,39.000,55.000,0,0,0,0,0,0,0,0,0,0,0,16,0,3,70,1,28.000,1,1,2,2,1,1,0,0,1,0,0,1,0,0,0,0,1,1,1,1,1,1,0,0,0,8136,0,0,0,0,0,0,0,0,0
0.508750,3.89,29.857,17.910,79,3,72.000,0,0,18.000,39.000,55.000,0,0,0,0,0,0,0,0,0,0,0,16,0,3,70,1,28.000,1,1,2,2,1,1,0,0,1,0,0,1,0,0,0,0,1,1,1,1,1,1,0,0,0,8140,0,0,0,0,0,0,0,0,0
0.509000,4.00,29.908,17.970,80,3,72.000,0,0,18.000,39.000,55.000,0,0,0,0,0,0,0,0,0,0,0,16,0,3,70,1,28.000,1,1,2,2,1,1,0,0,1,0,0,1,0,0,0,0,1,1,1,1,1,1,0,0,0,8144,0,0,0,0,0,0,0,0,0
0.509250,4.10,29.959,17.970,82,3,72.000,0,0,18.000,39.000,55.000,0,0,0,0,0,0,0,0,0,0,0,16,0,3,70,1,28.000,1,1,2,2,1,1,0,0,1,0,0,1,0,0,0,0,1,1,1,1,1,1,0,0,0,8148,0,0,0,0,0,0,0,0,0
0.509500,4.21,30.010,18.020,84,3,72.000,0,0,18.000,39.000,55.000,0,0,0,0,0,0,0,0,0,0,0,16,0,3,70,1,28.000,1,1,2,2,1,1,0,0,1,0,0,1,0,0,0,0,1,1,1,1,1,1,0,0,0,8152,0,0,0,0,0,0,0,0,0
0.509750,4.32,30.062,18.020,86,4,72.000,0,0,18.000,39.000,55.000,0,0,0,0,0,0,0,0,0,0,0,16,0,3,70,1,28.000,1,1,2,2,1,1,0,0,1,0,0,1,0,0,0,0,1,1,1,1,1,1,0,0,0,8156,0,0,0,0,0,0,0,0,0
0.510000,4.43,30.113,18.080,88,4,72.000,0,0,18.000,39.000,55.000,0,0,0,0,0,0,0,0,0,0,0,16,0,3,70,1,28.000,1,1,2,2,1,1,0,0,1,0,0,1,0,0,0,0,1,1,1,1,1,1,0,0,0,8160,0,0,0,0,0,0,0,0,0
0.510250,4.54,30.164,18.080,90,4,72.000,0,0,18.000,39.000,55.000,0,0,0,0,0,0,0,0,0,0,0,16,0,3,70,1,28.000,1,1,2,2,1,1,0,0,1,0,0,1,0,0,0,0,1,1,1,1,1,1,0,0,0,8164,0,0,0,0,0,0,0,0,0
0.510500,4.64,30.215,18.130,92,4,72.000,0,0,18.000,39.000,55.000,0,0,0,0,0,0,0,0,0,0,0,16,0,3,70,1,28.000,1,1,2,2,1,1,0,0,1,0,0,1,0,0,0,0,1,1,1,1,1,1,0,0,0,8168,0,0,0,0,0,0,0,0,0
0.510750,4.75,30.266,18.130,94,4,72.000,0,0,18.000,39.000,55.000,0,0,0,0,0,0,0,0,0,0,0,16,0,3,70,1,28.000,1,1,2,2,1,1,0,0,1,0,0,1,0,0,0,0,1,1,1,1,1,1,0,0,0,8172,0,0,0,0,0,0,0,0,0
0.511000,4.86,30.317,18.180,96,5,72.000,0,0,18.000,39.000,55.000,0,0,0,0,0,0,0,0,0,0,0,16,0,3,70,1,28.000,1,1,2,2,1,1,0,0,1,0,0,1,0,0,0,0,1,1,1,1,1,1,0,0,0,8176,0,0,0,0,0,0,0,0,0
0.511250,4.97,30.368,18.240,98,5,72.000,0,0,18.000,39.000,55.000,0,0,0,0,0,0,0,0,0,0,0,16,0,3,70,1,28.000,1,1,2,2,1,1,0,0,1,0,0,1,0,0,0,0,1,1,1,1,1,1,0,0,0,8180,0,0,0,0,0,0,0,0,0
0.511500,5.08,30.419,18.240,100,5,72.000,0,0,18.000,39.000,55.000,0,0,0,0,0,0,0,0,0,0,0,16,0,3,70,1,28.000,1,1,2,2,1,1,0,0,1,0,0,1,0,0,0,0,1,1,1,1,1,1,0,0,0,8184,0,0,0,0,0,0,0,0,0
0.511750,5.18,30.470,18.290,102,5,72.000,0,0,18.000,39.000,55.000,0,0,0,0,0,0,0,0,0,0,0,16,0,3,70,1,28.000,1,1,2,2,1,1,0,0,1,0,0,1,0,0,0,0,1,1,1,1,1,1,0,0,0,8188,0,0,0,0,0,0,0,0,0
0.512000,5.29,30.521,18.290,103,5,72.000,0,0,18.000,39.000,55.000,0,0,0,0,0,0,0,0,0,0,0,16,0,3,70,1,28.000,1,1,2,2,1,1,0,0,1,0,0,1,0,0,0,0,1,1,1,1,1,1,0,0,0,8192,0,0,0,0,0,0,0,0,0
0.512250,5.40,30.572,18.350,105,6,72.000,0,0,18.000,39.000,55.000,0,0,0,0,0,0,0,0,0,0,0,16,0,3,70,1,28.000,1,1,2,2,1,1,0,0,1,0,0,1,0,0,0,0,1,1,1,1,1,1,0,0,0,8196,0,0,0,0,0,0,0,0,0
0.512500,5.51,30.623,18.350,107,6,72.000,0,0,18.000,39.000,55.000,0,0,0,0,0,0,0,0,0,0,0,16,0,3,70,1,28.000,1,1,2,2,1,1,0,0,1,0,0,1,0,0,0,0,1,1,1,1,1,1,0,0,0,8200,0,0,0,0,0,0,0,0,0
0.512750,5.62,30.673,18.400,109,6,72.000,0,0,18.000,39.000,55.000,0,0,0,0,0,0,0,0,0,0,0,16,0,3,70,1,28.000,1,1,2,2,1,1,0,0,1,0,0,1,0,0,0,0,1,1,1,1,1,1,0,0,0,8204,0,0,0,0,0,0,0,0,0
0.513000,5.72,30.724,18.460,111,6,72.000,0,0,18.000,39.000,55.000,0,0,0,0,0,0,0,0,0,0,0,16,0,3,70,1,28.000,1,1,2,2,1,1,0,0,1,0,0,1,0,0,0,0,1,1,1,1,1,1,0,0,0,8208,0,0,0,0,0,0,0,0,0
0.513250,5.83,30.775,18.460,113,6,72.000,0,0,18.000,39.000,55.000,0,0,0,0,0,0,0,0,0,0,0,16,0,3,70,1,28.000,1,1,2,2,1,1,0,0,1,0,0,1,0,0,0,0,1,1,1,1,1,1,0,0,0,8212,0,0,0,0,0,0,0,0,0
0.513500,5.94,30.826,18.510,114,7,72.000,0,0,18.000,39.000,55.000,0,0,0,0,0,0,0,0,0,0,0,16,0,3,70,1,28.000,1,1,2,2,1,1,0,0,1,0,0,1,0,0,0,0,1,1,1,1,1,1,0,0,0,8216,0,0,0,0,0,0,0,0,0
0.513750,6.05,30.876,18.510,116,7,72.000,0,0,18.000,39.000,55.000,0,0,0,0,0,0,0,0,0,0,0,16,0,3,70,1,28.000,1,1,2,2,1,1,0,0,1,0,0,1,0,0,0,0,1,1,1,1,1,1,0,0,0,8220,0,0,0,0,0,0,0,0,0
0.514000,6.16,30.927,18.560,118,7,72.000,0,0,18.000,39.000,55.000,0,0,0,0,0,0,0,0,0,0,0,16,0,3,70,1,28.000,1,1,2,2,1,1,0,0,1,0,0,1,0,0,0,0,1,1,1,1,1,1,0,0,0,8224,0,0,0,0,0,0,0,0,0
0.514250,6.26,30.978,18.560,120,7,72.000,0,0,18.000,39.000,55.000,0,0,0,0,0,0,0,0,0,0,0,16,0,3,70,1,28.000,1,1,2,2,1,1,0,0,1,0,0,1,0,0,0,0,1,1,1,1,1,1,0,0,0,8228,0,0,0,0,0,0,0,0,0
0.514500,6.37,31.028,18.620,122,8,72.000,0,0,18.000,39.000,55.000,0,0,0,0,0,0,0,0,0,0,0,16,0,3,70,1,28.000,1,1,2,2,1,1,0,0,1,0,0,1,0,0,0,0,1,1,1,1,1,1,0,0,0,8232,0,0,0,0,0,0,0,0,0
0.514750,6.48,31.079,18.620,123,8,72.000,0,0,18.000,39.000,55.000,0,0,0,0,0,0,0,0,0,0,0,16,0,3,70,1,28.000,1,1,2,2,1,1,0,0,1,0,0,1,0,0,0,0,1,1,1,1,1,1,0,0,0,8236,0,0,0,0,0,0,0,0,0
0.515000,6.59,31.129,18.670,125,8,72.000,0,0,18.000,39.000,55.000,0,0,0,0,0,0,0,0,0,0,0,16,0,3,70,1,28.000,1,1,2,2,1,1,0,0,1,0,0,1,0,0,0,0,1,1,1,1,1,1,0,0,0,8240,0,0,0,0,0,0,0,0,0
0.515250,6.70,31.179,18.670,127,8,72.000,0,0,18.000,39.000,55.000,0,0,0,0,0,0,0,0,0,0,0,16,0,3,70,1,28.000,1,1,2,2,1,1,0,0,1,0,0,1,0,0,0,0,1,1,1,1,1,1,0,0,0,8244,0,0,0,0,0,0,0,0,0
0.515500,6.80,31.230,18.730,129,9,72.000,0,0,18.000,39.000,55.000,0,0,0,0,0,0,0,0,0,0,0,16,0,3,70,1,28.000,1,1,2,2,1,1,0,0,1,0,0,1,0,0,0,0,1,1,1,1,1,1,0,0,0,8248,0,0,0,0,0,0,0,0,0
0.515750,6.91,31.280,18.780,130,9,72.000,0,0,18.000,39.000,55.000,0,0,0,0,0,0,0,0,0,0,0,16,0,3,70,1,28.000,1,1,2,2,1,1,0,0,1,0,0,1,0,0,0,0,1,1,1,1,1,1,0,0,0,8252,0,0,0,0,0,0,0,0,0
0.516000,7.02,31.331,18.780,132,9,72.000,0,0,18.000,39.000,55.000,0,0,0,0,0,0,0,0,0,0,0,16,0,3,70,1,28.000,1,1,2,2,1,1,0,0,1,0,0,1,0,0,0,0,1,1,1,1,1,1,0,0,0,8256,0,0,0,0,0,0,0,0,0
0.516250,7.13,31.381,18.840,134,9,72.000,0,0,18.000,39.000,55.000,0,0,0,0,0,0,0,0,0,0,0,16,0,3,70,1,28.000,1,1,2,2,1,1,0,0,1,0,0,1,0,0,0,0,1,1,1,1,1,1,0,0,0,8260,0,0,0,0,0,0,0,0,0
0.516500,7.24,31.431,18.840,135,10,72.000,0,0,18.000,39.000,55.000,0,0,0,0,0,0,0,0,0,0,0,16,0,3,70,1,28.000,1,1,2,2,1,1,0,0,1,0,0,1,0,0,0,0,1,1,1,1,1,1,0,0,0,8264,0,0,0,0,0,0,0,0,0
0.516750,7.34,31.481,18.890,137,10,72.000,0,0,18.000,39.000,55.000,0,0,0,0,0,0,0,0,0,0,0,16,0,3,70,1,28.000,1,1,2,2,1,1,0,0,1,0,0,1,0,0,0,0,1,1,1,1,1,1,0,0,0,8268,0,0,0,0,0,0,0,0,0
0.517000,7.45,31.531,18.890,139,10,72.000,0,0,18.000,39.000,55.000,0,0,0,0,0,0,0,0,0,0,0,16,0,3,70,1,28.000,1,1,2,2,1,1,0,0,1,0,0,1,0,0,0,0,1,1,1,1,1,1,0,0,0,8272,0,0,0,0,0,0,0,0,0
0.517250,7.56,31.581,18.950,140,10,72.000,0,0,18.000,39.000,55.000,0,0,0,160,7,7,0,0,0,0,0,16,0,3,30,1,28.000,1,1,3,3,2,1,0,0,2,0,0,2,0,0,0,0,1,1,1,1,1,1,0,0,0,8276,0,0,0,0,0,0,0,0,0
0.517500,7.67,31.631,18.950,142,11,72.000,0,0,18.000,39.000,55.000,0,0,0,160,7,7,0,0,0,0,0,16,0,3,30,1,28.000,1,1,3,3,2,1,0,0,2,0,0,2,0,0,0,0,1,1,1,1,1,1,0,0,0,8280,0,0,0,0,0,0,0,0,0
0.517750,7.78,31.681,19.000,144,11,72.000,0,0,18.000,39.000,55.000,0,0,0,160,7,7,0,0,0,0,0,16,0,3,30,1,28.000,1,1,3,3,2,1,0,0,2,0,0,2,0,0,0,0,1,1,1,1,1,1,0,0,0,8284,0,0,0,0,0,0,0,0,0
0.518000,7.88,31.731,19.050,145,11,72.000,0,0,18.000,39.000,55.000,0,0,0,160,7,7,0,0,0,0,0,16,0,3,30,1,28.000,1,1,3,3,2,1,0,0,2,0,0,2,0,0,0,0,1,1,1,1,1,1,0,0,0,8288,0,0,0,0,0,0,0,0,0
0.518250,7.99,31.781,19.050,147,11,72.000,0,0,18.000,39.000,55.000,0,0,0,160,7,7,0,0,0,0,0,16,0,3,30,1,28.000,1,1,3,3,2,1,0,0,2,0,0,2,0,0,0,0,1,1,1,1,1,1,0,0,0,8292,0,0,0,0,0,0,0,0,0
0.518500,8.10,31.831,19.110,149,12,72.000,0,0,18.000,39.000,55.000,0,0,0,160,8,8,0,0,0,0,0,16,0,3,30,1,28.000,1,1,3,3,2,1,0,0,2,0,0,2,0,0,0,0,1,1,1,1,1,1,0,0,0,8296,0,0,0,0,0,0,0,0,0
0.518750,8.21,31.881,19.110,150,12,72.000,0,0,18.000,39.000,55.000,0,0,0,160,8,8,0,0,0,0,0,16,0,3,30,1,28.000,1,1,3,3,2,1,0,0,2,0,0,2,0,0,0,0,1,1,1,1,1,1,0,0,0,8300,0,0,0,0,0,0,0,0,0
0.519000,8.32,31.930,19.160,152,12,72.000,0,0,18.000,39.000,55.000,0,0,0,160,8,8,0,0,0,0,0,16,0,3,30,1,28.000,1,1,3,3,2,1,0,0,2,0,0,2,0,0,0,0,1,1,1,1,1,1,0,0,0,8304,0,0,0,0,0,0,0,0,0
0.519250,8.42,31.980,19.160,154,13,72.000,0,0,18.000,39.000,55.000,0,0,0,160,9,9,0,0,0,0,0,16,0,3,30,1,28.000,1,1,3,3,2,1,0,0,2,0,0,2,0,0,0,0,1,1,1,1,1,1,0,0,0,8308,0,0,0,0,0,0,0,0,0
0.519500,8.53,32.030,19.220,155,13,72.000,0,0,18.000,39.000,55.000,0,0,0,160,9,9,0,0,0,0,0,16,0,3,30,1,28.000,1,1,3,3,2,1,0,0,2,0,0,2,0,0,0,0,1,1,1,1,1,1,0,0,0,8312,0,0,0,0,0,0,0,0,0
0.519750,8.64,32.079,19.220,157,13,72.000,0,0,18.000,39.000,55.000,0,0,0,160,9,9,0,0,0,0,0,16,0,3,30,1,28.000,1,1,3,3,2,1,0,0,2,0,0,2,0,0,0,0,1,1,1,1,1,1,0,0,0,8316,0,0,0,0,0,0,0,0,0
0.520000,8.75,32.129,19.270,158,14,72.000,0,0,18.000,39.000,55.000,0,0,0,160,10,10,0,0,0,0,0,16,0,3,30,1,28.000,1,1,3,3,2,1,0,0,2,0,0,2,0,0,0,0,1,1,1,1,1,1,0,0,0,8320,0,0,0,0,0,0,0,0,0
0.520250,8.86,32.178,19.330,160,14,72.000,0,0,18.000,39.000,55.000,0,0,0,160,10,10,0,0,0,0,0,16,0,3,30,1,28.000,1,1,3,3,2,1,0,0,2,0,0,2,0,0,0,0,1,1,1,1,1,1,0,0,0,8324,0,0,0,0,0,0,0,0,0
0.520500,8.96,32.228,19.330,162,14,72.000,0,0,18.000,39.000,55.000,0,0,0,160,10,10,0,0,0,0,0,16,0,3,30,1,28.000,1,1,3,3,2,1,0,0,2,0,0,2,0,0,0,0,1,1,1,1,1,1,0,0,0,8328,0,0,0,0,0,0,0,0,0
0.520750,9.07,32.277,19.380,163,14,72.000,0,0,18.000,39.000,55.000,0,0,0,160,10,10,0,0,0,0,0,16,0,3,30,1,28.000,1,1,3,3,2,1,0,0,2,0,0,2,0,0,0,0,1,1,1,1,1,1,0,0,0,8332,0,0,0,0,0,0,0,0,0
0.521000,9.18,32.326,19.380,165,15,72.000,0,0,18.000,39.000,55.000,0,0,0,160,10,10,0,0,0,0,0,16,0,3,30,1,28.000,1,1,3,3,2,1,0,0,2,0,0,2,0,0,0,0,1,1,1,1,1,1,0,0,0,8336,0,0,0,0,0,0,0,0,0
0.521250,9.29,32.375,19.440,166,15,72.000,0,0,18.000,39.000,55.000,0,0,0,160,10,10,0,0,0,0,0,16,0,3,30,1,28.000,1,1,3,3,2,1,0,0,2,0,0,2,0,0,0,0,1,1,1,1,1,1,0,0,0,8340,0,0,0,0,0,0,0,0,0
0.521500,9.40,32.425,19.440,168,15,72.000,0,0,18.000,39.000,55.000,0,0,0,160,10,10,0,0,0,0,0,16,0,3,30,1,28.000,1,1,3,3,2,1,0,0,2,0,0,2,0,0,0,0,1,1,1,1,1,1,0,0,0,8344,0,0,0,0,0,0,0,0,0
0.521750,9.50,32.474,19.490,169,16,72.000,0,0,18.000,39.000,55.000,0,0,0,160,11,11,0,0,0,0,0,16,0,3,30,1,28.000,1,1,3,3,2,1,0,0,2,0,0,2,0,0,0,0,1,1,1,1,1,1,0,0,0,8348,0,0,0,0,0,0,0,0,0
0.522000,9.61,32.523,19.490,171,16,72.000,0,0,18.000,39.000,55.000,0,0,0,160,11,11,0,0,0,0,0,16,0,3,30,1,28.000,1,1,3,3,2,1,0,0,2,0,0,2,0,0,0,0,1,1,1,1,1,1,0,0,0,8352,0,0,0,0,0,0,0,0,0
0.522250,9.72,32.572,19.540,172,16,72.000,0,0,18.000,39.000,55.000,0,0,0,160,11,11,0,0,0,0,0,16,0,3,30,1,28.000,1,1,3,3,2,1,0,0,2,0,0,2,0,0,0,0,1,1,1,1,1,1,0,0,0,8356,0,0,0,0,0,0,0,0,0
0.522500,9.83,32.621,19.540,174,17,72.000,0,0,18.000,39.000,55.000,0,0,0,160,12,12,0,0,0,0,0,16,0,3,30,1,28.000,1,1,3,3,2,1,0,0,2,0,0,2,0,0,0,0,1,1,1,1,1,1,0,0,0,8360,0,0,0,0,0,0,0,0,0
0.522750,9.94,32.669,19.600,175,17,72.000,0,0,18.000,39.000,55.000,0,0,0,160,12,12,0,0,0,0,0,16,0,3,30,1,28.000,1,1,3,3,2,1,0,0,2,0,0,2,0,0,0,0,1,1,1,1,1,1,0,0,0,8364,0,0,0,0,0,0,0,0,0
0.523000,10.04,32.718,19.650,177,17,72.000,0,0,18.000,39.000,55.000,0,0,0,160,12,12,0,0,0,0,0,16,0,3,30,1,28.000,1,1,3,3,2,1,0,0,2,0,0,2,0,0,0,0,1,1,1,1,1,1,0,0,0,8368,0,0,0,0,0,0,0,0,0
0.523250,10.15,32.767,19.650,178,18,72.000,0,0,18.000,39.000,55.000,0,0,0,160,12,12,0,0,0,0,0,16,0,3,30,1,28.000,1,1,3,3,2,1,0,0,2,0,0,2,0,0,0,0,1,1,1,1,1,1,0,0,0,8372,0,0,0,0,0,0,0,0,0
0.523500,10.26,32.816,19.710,180,18,72.000,0,0,18.000,39.000,55.000,0,0,0,160,12,12,0,0,0,0,0,16,0,3,30,1,28.000,1,1,3,3,2,1,0,0,2,0,0,2,0,0,0,0,1,1,1,1,1,1,0,0,0,8376,0,0,0,0,0,0,0,0,0
0.523750,10.37,32.864,19.710,181,18,72.000,0,0,18.000,39.000,55.000,0,0,0,160,12,12,0,0,0,0,0,16,0,3,30,1,28.000,1,1,3,3,2,1,0,0,2,0,0,2,0,0,0,0,1,1,1,1,1,1,0,0,0,8380,0,0,0,0,0,0,0,0,0
0.524000,10.48,32.913,19.760,183,19,72.000,0,0,18.000,39.000,55.000,0,0,0,160,13,13,0,0,0,0,0,16,0,3,30,1,28.000,1,1,3,3,2,1,0,0,2,0,0,2,0,0,0,0,1,1,1,1,1,1,0,0,0,8384,0,0,0,0,0,0,0,0,0
0.524250,10.58,32.961,19.760,184,19,72.000,0,0,18.000,39.000,55.000,0,0,0,160,13,13,0,0,0,0,0,16,0,3,30,1,28.000,1,1,3,3,2,1,0,0,2,0,0,2,0,0,0,0,1,1,1,1,1,1,0,0,0,8388,0,0,0,0,0,0,0,0,0
0.524500,10.69,33.010,19.820,186,19,72.000,0,0,18.000,39.000,55.000,0,0,0,160,13,13,0,0,0,0,0,16,0,3,30,1,28.000,1,1,3,3,2,1,0,0,2,0,0,2,0,0,0,0,1,1,1,1,1,1,0,0,0,8392,0,0,0,0,0,0,0,0,0
0.524750,10.80,33.058,19.820,187,20,72.000,0,0,18.000,39.000,55.000,0,0,0,160,14,14,0,0,0,0,0,16,0,3,30,1,28.000,1,1,3,3,2,1,0,0,2,0,0,2,0,0,0,0,1,1,1,1,1,1,0,0,0,8396,0,0,0,0,0,0,0,0,0
0.525000,10.91,33.106,19.870,189,20,72.000,0,0,18.000,39.000,55.000,0,0,0,160,14,14,0,0,0,0,0,16,0,3,30,1,28.000,1,1,3,3,2,1,0,0,2,0,0,2,0,0,0,0,1,1,1,1,1,1,0,0,0,8400,0,0,0,0,0,0,0,0,0
0.525250,11.02,33.155,19.870,190,20,72.000,0,0,18.000,39.000,55.000,0,0,0,160,14,14,0,0,0,0,0,16,0,3,30,1,28.000,1,1,3,3,2,1,0,0,2,0,0,2,0,0,0,0,1,1,1,1,1,1,0,0,0,8404,0,0,0,0,0,0,0,0,0
0.525500,11.12,33.203,19.920,192,21,72.000,0,0,18.000,39.000,55.000,0,0,0,160,15,15,0,0,0,0,0,16,0,3,30,1,28.000,1,1,3,3,2,1,0,0,2,0,0,2,0,0,0,0,1,1,1,1,1,1,0,0,0,8408,0,0,0,0,0,0,0,0,0
0.525750,11.23,33.251,19.920,193,21,72.000,0,0,18.000,39.000,55.000,0,0,0,160,15,15,0,0,0,0,0,16,0,3,30,1,28.000,1,1,3,3,2,1,0,0,2,0,0,2,0,0,0,0,1,1,1,1,1,1,0,0,0,8412,0,0,0,0,0,0,0,0,0
0.526000,11.34,33.299,19.980,194,21,72.000,0,0,18.000,39.000,55.000,0,0,0,160,15,15,15,15,15,1,1,0,0,3,30,1,28.000,1,1,1,1,3,1,0,0,3,0,0,3,0,0,0,0,1,1,1,1,1,1,0,0,0,8416,0,0,0,0,0,0,0,0,0
0.526250,11.45,33.347,19.980,196,194,72.000,0,0,18.000,39.000,55.000,0,0,0,160,151,151,151,151,151,2,1,0,0,3,30,1,28.000,1,1,1,1,3,1,0,0,3,0,0,3,0,0,0,0,1,1,1,1,1,1,0,0,0,8420,0,0,0,0,0,0,0,0,0
0.526500,11.56,33.395,20.030,197,194,72.000,0,0,18.000,39.000,55.000,0,0,0,160,151,151,151,151,151,3,1,0,0,3,30,1,28.000,1,1,1,1,3,1,0,0,3,0,0,3,0,0,0,0,1,1,1,1,1,1,0,0,0,8424,0,0,0,0,0,0,0,0,0
0.526750,11.66,33.442,20.030,199,194,72.000,0,0,18.000,39.000,55.000,0,0,0,160,151,151,151,151,151,3,1,0,0,3,30,1,28.000,1,1,1,1,3,1,0,0,3,0,0,3,0,0,0,0,1,1,1,1,1,1,0,0,0,8428,0,0,0,0,0,0,0,0,0
0.527000,11.77,33.490,20.090,200,194,72.000,0,0,18.000,39.000,55.000,0,0,0,160,151,151,151,151,151,4,1,0,0,3,30,1,28.000,1,1,1,1,3,1,0,0,3,0,0,3,0,0,0,0,1,1,1,1,1,1,0,0,0,8432,0,0,0,0,0,0,0,0,0
0.527250,11.88,33.538,20.140,202,194,72.000,0,0,18.000,39.000,55.000,0,0,0,160,151,151,151,151,151,5,1,0,0,3,30,1,28.000,1,1,1,1,3,1,0,0,3,0,0,3,0,0,0,0,1,1,1,1,1,1,0,0,0,8436,0,0,0,0,0,0,0,0,0
0.527500,11.99,33.585,20.140,203,194,72.000,0,0,18.000,39.000,55.000,0,0,0,160,151,151,151,151,151,6,1,0,0,3,30,1,28.000,1,1,1,1,3,1,0,0,3,0,0,3,0,0,0,0,1,1,1,1,1,1,0,0,0,8440,0,0,0,0,0,0,0,0,0
0.527750,12.10,33.633,20.200,204,194,72.000,0,0,18.000,39.000,55.000,0,0,0,160,151,151,151,151,151,7,1,0,0,3,30,1,28.000,1,1,1,1,3,1,0,0,3,0,0,3,0,0,0,0,1,1,1,1,1,1,0,0,0,8444,0,0,0,0,0,0,0,0,0
0.528000,12.20,33.680,20.200,206,194,72.000,0,0,18.000,39.000,55.000,0,0,0,160,151,151,151,151,151,8,1,0,0,3,30,1,28.000,1,1,1,1,3,1,0,0,3,0,0,3,0,0,0,0,1,1,1,1,1,1,0,0,0,8448,0,0,0,0,0,0,0,0,0
0.528250,12.31,33.728,20.250,207,194,72.000,0,0,18.000,39.000,55.000,0,0,0,160,151,151,151,151,151,8,1,0,0,3,30,1,28.000,1,1,1,1,3,1,0,0,3,0,0,3,0,0,0,0,1,1,1,1,1,1,0,0,0,8452,0,0,0,0,0,0,0,0,0
0.528500,12.42,33.775,20.250,208,194,72.000,0,0,18.000,39.000,55.000,0,0,0,160,151,151,151,151,151,9,1,0,0,3,30,1,28.000,1,1,1,1,3,1,0,0,3,0,0,3,0,0,0,0,1,1,1,1,1,1,0,0,0,8456,0,0,0,0,0,0,0,0,0
0.528750,12.53,33.822,20.310,210,194,72.000,0,0,18.000,39.000,55.000,0,0,0,160,151,151,151,151,151,10,1,0,0,3,30,1,28.000,1,1,1,1,3,1,0,0,3,0,0,3,0,0,0,0,1,1,1,1,1,1,0,0,0,8460,0,0,0,0,0,0,0,0,0
0.529000,12.64,33.869,20.310,211,194,72.000,0,0,18.000,39.000,55.000,0,0,0,160,151,151,151,151,151,11,1,0,0,3,30,1,28.000,1,1,1,1,3,1,0,0,3,0,0,3,0,0,0,0,1,1,1,1,1,1,0,0,0,8464,0,0,0,0,0,0,0,0,0
0.529250,12.74,33.916,20.360,212,194,72.000,0,0,18.000,39.000,55.000,0,0,0,160,151,151,151,151,151,12,1,0,0,3,30,1,28.000,1,1,1,1,3,1,0,0,3,0,0,3,0,0,0,0,1,1,1,1,1,1,0,0,0,8468,0,0,0,0,0,0,0,0,0
0.529500,12.85,33.963,20.360,214,194,72.000,0,0,18.000,39.000,55.000,0,0,0,160,151,151,151,151,151,13,1,0,0,3,30,1,28.000,1,1,1,1,3,1,0,0,3,0,0,3,0,0,0,0,1,1,1,1,1,1,0,0,0,8472,0,0,0,0,0,0,0,0,0
0.529750,12.96,34.010,20.410,215,194,72.000,0,0,18.000,39.000,55.000,0,0,0,160,151,151,151,151,151,14,1,0,0,3,30,1,28.000,1,1,1,1,3,1,0,0,3,0,0,3,0,0,0,0,1,1,1,1,1,1,0,0,0,8476,0,0,0,0,0,0,0,0,0
0.530000,13.07,34.057,20.410,216,194,72.000,0,0,18.000,39.000,55.000,0,0,0,160,151,151,151,151,151,14,1,0,0,3,30,1,28.000,1,1,1,1,3,1,0,0,3,0,0,3,0,0,0,0,1,1,1,1,1,1,0,0,0,8480,0,0,0,0,0,0,0,0,0
0.530250,13.18,34.104,20.470,218,194,72.000,0,0,18.000,39.000,55.000,0,0,0,160,151,151,151,151,151,15,1,0,0,3,30,1,28.000,1,1,1,1,3,1,0,0,3,0,0,3,0,0,0,0,1,1,1,1,1,1,0,0,0,8484,0,0,0,0,0,0,0,0,0
0.530500,13.28,34.150,20.470,219,194,72.000,0,0,18.000,39.000,55.000,0,0,0,160,151,151,151,151,151,16,1,0,0,3,30,1,28.000,1,1,1,1,3,1,0,0,3,0,0,3,0,0,0,0,1,1,1,1,1,1,0,0,0,8488,0,0,0,0,0,0,0,0,0
0.530750,13.39,34.197,20.520,220,195,72.000,0,0,18.000,39.000,55.000,0,0,0,160,152,152,152,152,152,17,1,0,0,3,30,1,28.000,1,1,1,1,3,1,0,0,3,0,0,3,0,0,0,0,1,1,1,1,1,1,0,0,0,8492,0,0,0,0,0,0,0,0,0
0.531000,13.50,34.243,20.520,222,195,72.000,0,0,18.000,39.000,55.000,0,0,0,160,152,152,152,152,152,18,1,0,0,3,30,1,28.000,1,1,1,1,3,1,0,0,3,0,0,3,0,0,0,0,1,1,1,1,1,1,0,0,0,8496,0,0,0,0,0,0,0,0,0
0.531250,13.61,34.290,20.580,223,195,72.000,0,0,18.000,39.000,55.000,0,0,0,160,152,152,152,152,152,19,1,0,0,3,30,1,28.000,1,1,1,1,3,1,0,0,3,0,0,3,0,0,0,0,1,1,1,1,1,1,0,0,0,8500,0,0,0,0,0,0,0,0,0
0.531500,13.72,34.336,20.580,224,195,72.000,0,0,18.000,39.000,55.000,0,0,0,160,152,152,152,152,152,19,1,0,0,3,30,1,28.000,1,1,1,1,3,1,0,0,3,0,0,3,0,0,0,0,1,1,1,1,1,1,0,0,0,8504,0,0,0,0,0,0,0,0,0
0.531750,13.82,34.382,20.630,226,195,72.000,0,0,18.000,39.000,55.000,0,0,0,160,152,152,152,152,152,20,1,0,0,3,30,1,28.000,1,1,1,1,3,1,0,0,3,0,0,3,0,0,0,0,1,1,1,1,1,1,0,0,0,8508,0,0,0,0,0,0,0,0,0
0.532000,13.93,34.428,20.630,227,195,72.000,0,0,18.000,39.000,55.000,0,0,0,160,152,152,152,152,152,21,1,0,0,3,30,1,28.000,1,1,1,1,3,1,0,0,3,0,0,3,0,0,0,0,1,1,1,1,1,1,0,0,0,8512,0,0,0,0,0,0,0,0,0
0.532250,14.04,34.474,20.690,228,195,72.000,0,0,18.000,39.000,55.000,0,0,0,160,152,152,152,152,152,22,1,0,0,3,30,1,28.000,1,1,1,1,3,1,0,0,3,0,0,3,0,0,0,0,1,1,1,1,1,1,0,0,0,8516,0,0,0,0,0,0,0,0,0
0.532500,14.15,34.520,20.690,229,195,72.000,0,0,18.000,39.000,55.000,0,0,0,160,152,152,152,152,152,23,1,0,0,3,30,1,28.000,1,1,1,1,3,1,0,0,3,0,0,3,0,0,0,0,1,1,1,1,1,1,0,0,0,8520,0,0,0,0,0,0,0,0,0
0.532750,14.26,34.566,20.740,231,195,72.000,0,0,18.000,39.000,55.000,0,0,0,160,152,152,152,152,152,24,1,0,0,3,30,1,28.000,1,1,1,1,3,1,0,0,3,0,0,3,0,0,0,0,1,1,1,1,1,1,0,0,0,8524,0,0,0,0,0,0,0,0,0
0.533000,14.36,34.612,20.740,232,195,72.000,0,0,18.000,39.000,55.000,0,0,0,160,152,152,152,152,152,25,1,0,0,3,30,1,28.000,1,1,1,1,3,1,0,0,3,0,0,3,0,0,0,0,1,1,1,1,1,1,0,0,0,8528,0,0,0,0,0,0,0,0,0
0.533250,14.47,34.658,20.790,233,195,72.000,0,0,18.000,39.000,55.000,0,0,0,160,152,152,152,152,152,25,1,0,0,3,30,1,28.000,1,1,1,1,3,1,0,0,3,0,0,3,0,0,0,0,1,1,1,1,1,1,0,0,0,8532,0,0,0,0,0,0,0,0,0
0.533500,14.58,34.703,20.790,234,195,72.000,0,0,18.000,39.000,55.000,0,0,0,160,152,152,152,152,152,26,1,0,0,3,30,1,28.000,1,1,1,1,3,1,0,0,3,0,0,3,0,0,0,0,1,1,1,1,1,1,0,0,0,8536,0,0,0,0,0,0,0,0,0
0.533750,14.69,34.749,20.850,236,195,72.000,0,0,18.000,39.000,55.000,0,0,0,160,152,152,152,152,152,27,1,0,0,3,30,1,28.000,1,1,1,1,3,1,0,0,3,0,0,3,0,0,0,0,1,1,1,1,1,1,0,0,0,8540,0,0,0,0,0,0,0,0,0
0.534000,14.80,34.794,20.850,237,195,72.000,0,0,18.000,39.000,55.000,0,0,0,160,152,152,152,152,152,28,1,0,0,3,30,1,28.000,1,1,1,1,3,1,0,0,3,0,0,3,0,0,0,0,1,1,1,1,1,1,0,0,0,8544,0,0,0,0,0,0,0,0,0
0.534250,14.90,34.840,20.900,238,196,72.000,0,0,18.000,39.000,55.000,0,0,0,160,153,153,153,153,153,29,1,0,0,3,30,1,28.000,1,1,1,1,3,1,0,0,3,0,0,3,0,0,0,0,1,1,1,1,1,1,0,0,0,8548,0,0,0,0,0,0,0,0,0
0.534500,15.01,34.885,20.900,239,196,72.000,0,0,18.000,39.000,55.000,0,0,0,160,153,153,153,153,153,30,1,0,0,3,30,1,28.000,1,1,0,0,4,1,0,0,4,0,0,4,0,0,0,0,1,1,1,1,1,1,0,0,0,8552,0,0,0,0,0,0,0,0,0
0.534750,15.12,34.930,20.960,241,196,72.000,0,0,18.000,39.000,55.000,0,0,0,160,153,153,153,153,153,31,1,0,0,3,30,1,28.000,1,1,0,0,4,1,0,0,4,0,0,4,0,0,0,0,1,1,1,1,1,1,0,0,0,8556,0,0,0,0,0,0,0,0,0
0.535000,15.23,34.975,20.960,242,196,72.000,0,0,18.000,39.000,55.000,0,0,0,160,153,153,153,153,153,31,1,0,0,3,30,1,28.000,1,1,0,0,4,1,0,0,4,0,0,4,0,0,0,0,1,1,1,1,1,1,0,0,0,8560,0,0,0,0,0,0,0,0,0
0.535250,15.34,35.020,21.010,243,196,72.000,0,0,18.000,39.000,55.000,0,0,0,160,153,153,153,153,153,32,1,0,0,3,30,1,28.000,1,1,0,0,4,1,0,0,4,0,0,4,0,0,0,0,1,1,1,1,1,1,0,0,0,8564,0,0,0,0,0,0,0,0,0
0.535500,15.44,35.065,21.010,244,196,72.000,0,0,18.000,39.000,55.000,0,0,0,160,153,153,153,153,153,33,1,0,0,3,30,1,28.000,1,1,0,0,4,1,0,0,4,0,0,4,0,0,0,0,1,1,1,1,1,1,0,0,0,8568,0,0,0,0,0,0,0,0,0
0.535750,15.55,35.110,21.070,245,196,72.000,0,0,18.000,39.000,55.000,0,0,0,160,153,153,153,153,153,34,1,0,0,3,30,1,28.000,1,1,0,0,4,1,0,0,4,0,0,4,0,0,0,0,1,1,1,1,1,1,0,0,0,8572,0,0,0,0,0,0,0,0,0
0.536000,15.66,35.154,21.070,247,196,72.000,0,0,18.000,39.000,55.000,0,0,0,160,153,153,153,153,153,35,1,0,0,3,30,1,28.000,1,1,0,0,4,1,0,0,4,0,0,4,0,0,0,0,1,1,1,1,1,1,0,0,0,8576,0,0,0,0,0,0,0,0,0
0.536250,15.77,35.199,21.120,248,196,72.000,0,0,18.000,39.000,55.000,0,0,0,160,153,153,153,153,153,36,1,0,0,3,30,1,28.000,1,1,0,0,4,1,0,0,4,0,0,4,0,0,0,0,1,1,1,1,1,1,0,0,0,8580,0,0,0,0,0,0,0,0,0
0.536500,15.88,35.243,21.120,249,196,72.000,0,0,18.000,39.000,55.000,0,0,0,160,153,153,153,153,153,36,1,0,0,3,30,1,28.000,1,1,0,0,4,1,0,0,4,0,0,4,0,0,0,0,1,1,1,1,1,1,0,0,0,8584,0,0,0,0,0,0,0,0,0
0.536750,15.98,35.288,21.180,250,197,72.000,0,0,18.000,39.000,55.000,0,0,0,160,153,153,153,153,153,37,1,0,0,3,30,1,28.000,1,1,0,0,4,1,0,0,4,0,0,4,0,0,0,0,1,1,1,1,1,1,0,0,0,8588,0,0,0,0,0,0,0,0,0
0.537000,16.09,35.332,21.180,251,197,72.000,0,0,18.000,39.000,55.000,0,0,0,160,153,153,153,153,153,38,1,0,0,3,30,1,28.000,1,1,0,0,4,1,0,0,4,0,0,4,0,0,0,0,1,1,1,1,1,1,0,0,0,8592,0,0,0,0,0,0,0,0,0
0.537250,16.20,35.376,21.230,253,197,72.000,0,0,18.000,39.000,55.000,0,0,0,160,153,153,153,153,153,39,1,0,0,3,30,1,28.000,1,1,0,0,4,1,0,0,4,0,0,4,0,0,0,0,1,1,1,1,1,1,0,0,0,8596,0,0,0,0,0,0,0,0,0
0.537500,16.31,35.420,21.230,254,197,72.000,0,0,18.000,39.000,55.000,0,0,0,160,153,153,153,153,153,40,1,0,0,3,30,1,28.000,1,1,0,0,4,1,0,0,4,0,0,4,0,0,0,0,1,1,1,1,1,1,0,0,0,8600,0,0,0,0,0,0,0,0,0
0.537750,16.42,35.464,21.280,255,197,72.000,0,0,18.000,39.000,55.000,0,0,0,160,153,153,153,153,153,41,1,0,0,3,30,1,28.000,1,1,0,0,4,1,0,0,4,0,0,4,0,0,0,0,1,1,1,1,1,1,0,0,0,8604,0,0,0,0,0,0,0,0,0
0.538000,16.52,35.508,21.280,256,197,72.000,0,0,18.000,39.000,55.000,0,0,0,160,153,153,153,153,153,42,1,0,0,3,30,1,28.000,1,1,0,0,4,1,0,0,4,0,0,4,0,0,0,0,1,1,1,1,1,1,0,0,0,8608,0,0,0,0,0,0,0,0,0
0.538250,16.63,35.552,21.340,257,197,72.000,0,0,18.000,39.000,55.000,0,0,0,160,153,153,153,153,153,42,1,0,0,3,30,1,28.000,1,1,0,0,4,1,0,0,4,0,0,4,0,0,0,0,1,1,1,1,1,1,0,0,0,8612,0,0,0,0,0,0,0,0,0
0.538500,16.74,35.596,21.340,258,197,72.000,0,0,18.000,39.000,55.000,0,0,0,160,153,153,153,153,153,43,1,0,0,3,30,1,28.000,1,1,0,0,4,1,0,0,4,0,0,4,0,0,0,0,1,1,1,1,1,1,0,0,0,8616,0,0,0,0,0,0,0,0,0
0.538750,16.85,35.640,21.390,259,197,72.000,0,0,18.000,39.000,55.000,0,0,0,160,153,153,153,153,153,44,1,0,0,3,30,1,28.000,1,1,0,0,4,1,0,0,4,0,0,4,0,0,0,0,1,1,1,1,1,1,0,0,0,8620,0,0,0,0,0,0,0,0,0
0.539000,16.96,35.683,21.390,261,198,72.000,0,0,18.000,39.000,55.000,0,0,0,160,155,155,155,155,155,45,1,0,0,3,30,1,28.000,1,1,0,0,4,1,0,0,4,0,0,4,0,0,0,0,1,1,1,1,1,1,0,0,0,8624,0,0,0,0,0,0,0,0,0
0.539250,17.06,35.726,21.450,262,198,72.000,0,0,18.000,39.000,55.000,0,0,0,160,155,155,155,155,155,46,1,0,0,3,30,1,28.000,1,1,0,0,4,1,0,0,4,0,0,4,0,0,0,0,1,1,1,1,1,1,0,0,0,8628,0,0,0,0,0,0,0,0,0
0.539500,17.17,35.770,21.450,263,198,72.000,0,0,18.000,39.000,55.000,0,0,0,160,155,155,155,155,155,47,1,0,0,3,30,1,28.000,1,1,0,0,4,1,0,0,4,0,0,4,0,0,0,0,1,1,1,1,1,1,0,0,0,8632,0,0,0,0,0,0,0,0,0
0.539750,17.28,35.813,21.500,264,198,72.000,0,0,18.000,39.000,55.000,0,0,0,160,155,155,155,155,155,47,1,0,0,3,30,1,28.000,1,1,0,0,4,1,0,0,4,0,0,4,0,0,0,0,1,1,1,1,1,1,0,0,0,8636,0,0,0,0,0,0,0,0,0
0.540000,17.39,35.856,21.500,265,198,72.000,0,0,18.000,39.000,55.000,0,0,0,160,155,155,155,155,155,48,1,0,0,3,30,1,28.000,1,1,0,0,4,1,0,0,4,0,0,4,0,0,0,0,1,1,1,1,1,1,0,0,0,8640,0,0,0,0,0,0,0,0,0
0.540250,17.50,35.899,21.560,266,198,72.000,0,0,18.000,39.000,55.000,0,0,0,160,155,155,155,155,155,49,1,0,0,3,30,1,28.000,1,1,0,0,4,1,0,0,4,0,0,4,0,0,0,0,1,1,1,1,1,1,0,0,0,8644,0,0,0,0,0,0,0,0,0
0.540500,17.60,35.942,21.560,267,198,72.000,0,0,18.000,39.000,55.000,0,0,0,160,155,155,155,155,155,50,1,0,0,3,30,1,28.000,1,1,0,0,4,1,0,0,4,0,0,4,0,0,0,0,1,1,1,1,1,1,0,0,0,8648,0,0,0,0,0,0,0,0,0
0.540750,17.71,35.985,21.560,268,199,72.000,0,0,18.000,39.000,55.000,0,0,0,160,155,155,155,155,155,51,1,0,0,3,30,1,28.000,1,1,0,0,4,1,0,0,4,0,0,4,0,0,0,0,1,1,1,1,1,1,0,0,0,8652,0,0,0,0,0,0,0,0,0
0.541000,17.82,36.027,21.610,270,199,72.000,0,0,18.000,39.000,55.000,0,0,0,160,155,155,155,155,155,52,1,0,0,3,30,1,28.000,1,1,0,0,4,1,0,0,4,0,0,4,0,0,0,0,1,1,1,1,1,1,0,0,0,8656,0,0,0,0,0,0,0,0,0
0.541250,17.93,36.070,21.670,271,199,72.000,0,0,18.000,39.000,55.000,0,0,0,160,155,155,155,155,155,53,1,0,0,3,30,1,28.000,1,1,0,0,4,1,0,0,4,0,0,4,0,0,0,0,1,1,1,1,1,1,0,0,0,8660,0,0,0,0,0,0,0,0,0
0.541500,18.04,36.112,21.670,272,199,72.000,0,0,18.000,39.000,55.000,0,0,0,160,155,155,155,155,155,53,1,0,0,3,30,1,28.000,1,1,0,0,4,1,0,0,4,0,0,4,0,0,0,0,1,1,1,1,1,1,0,0,0,8664,0,0,0,0,0,0,0,0,0
0.541750,18.14,36.155,21.670,273,199,72.000,0,0,18.000,39.000,55.000,0,0,0,160,155,155,155,155,155,54,1,0,0,3,30,1,28.000,1,1,0,0,4,1,0,0,4,0,0,4,0,0,0,0,1,1,1,1,1,1,0,0,0,8668,0,0,0,0,0,0,0,0,0
0.542000,18.25,36.197,21.720,274,199,72.000,0,0,18.000,39.000,55.000,0,0,0,160,155,155,155,155,155,55,1,0,0,3,30,1,28.000,1,1,0,0,4,1,0,0,4,0,0,4,0,0,0,0,1,1,1,1,1,1,0,0,0,8672,0,0,0,0,0,0,0,0,0
0.542250,18.36,36.239,21.720,275,199,72.000,0,0,18.000,39.000,55.000,0,0,0,160,155,155,155,155,155,56,1,0,0,3,30,1,28.000,1,1,0,0,4,1,0,0,4,0,0,4,0,0,0,0,1,1,1,1,1,1,0,0,0,8676,0,0,0,0,0,0,0,0,0
0.542500,18.47,36.281,21.770,276,200,72.000,0,0,18.000,39.000,55.000,0,0,0,160,156,156,156,156,156,57,1,0,0,3,30,1,28.000,1,1,0,0,4,1,0,0,4,0,0,4,0,0,0,0,1,1,1,1,1,1,0,0,0,8680,0,0,0,0,0,0,0,0,0
0.542750,18.58,36.323,21.770,277,200,72.000,0,0,18.000,39.000,55.000,0,0,0,160,156,156,156,156,156,58,1,0,0,3,30,1,28.000,1,1,0,0,4,1,0,0,4,0,0,4,0,0,0,0,1,1,1,1,1,1,0,0,0,8684,0,0,0,0,0,0,0,0,0
0.543000,18.68,36.365,21.830,278,200,72.000,0,0,18.000,39.000,55.000,0,0,0,160,156,156,156,156,156,58,1,0,0,3,30,1,28.000,1,1,0,0,4,1,0,0,4,0,0,4,0,0,0,0,1,1,1,1,1,1,0,0,0,8688,0,0,0,0,0,0,0,0,0
0.543250,18.79,36.407,21.830,279,200,72.000,71,71,18.000,39.000,55.000,262,107,172,160,78,78,78,78,78,59,1,0,0,3,30,1,28.000,1,1,2,2,5,1,0,0,5,0,0,5,0,0,0,0,1,1,1,1,1,1,0,0,0,8692,0,0,0,0,0,0,0,0,0
0.543500,18.90,36.448,21.880,280,200,72.000,71,71,18.000,39.000,55.000,263,107,172,160,78,78,78,78,78,60,1,0,0,3,30,1,28.000,1,1,2,2,5,1,0,0,5,0,0,5,0,0,0,0,1,1,1,1,1,1,0,0,0,8696,0,0,0,0,0,0,0,0,0
0.543750,19.01,36.490,21.880,281,200,72.000,71,71,18.000,39.000,55.000,263,107,172,160,78,78,78,78,78,61,1,0,0,3,30,1,28.000,1,1,2,2,5,1,0,0,5,0,0,5,0,0,0,0,1,1,1,1,1,1,0,0,0,8700,0,0,0,0,0,0,0,0,0
0.544000,19.12,36.531,21.880,282,201,72.000,71,71,18.000,39.000,55.000,263,108,173,160,78,78,78,78,78,62,1,0,0,3,30,1,28.000,1,1,2,2,5,1,0,0,5,0,0,5,0,0,0,0,1,1,1,1,1,1,0,0,0,8704,0,0,0,0,0,0,0,0,0
0.544250,19.22,36.572,21.940,283,201,72.000,71,71,18.000,39.000,55.000,263,108,173,160,78,78,78,78,78,63,1,0,0,3,30,1,28.000,1,1,2,2,5,1,0,0,5,0,0,5,0,0,0,0,1,1,1,1,1,1,0,0,0,8708,0,0,0,0,0,0,0,0,0
0.544500,19.33,36.613,21.940,285,201,72.000,71,71,18.000,39.000,55.000,263,108,173,160,78,78,78,78,78,64,1,0,0,3,30,1,28.000,1,1,2,2,5,1,0,0,5,0,0,5,0,0,0,0,1,1,1,1,1,1,0,0,0,8712,0,0,0,0,0,0,0,0,0
0.544750,19.44,36.654,21.990,286,201,72.000,71,71,18.000,39.000,55.000,264,108,173,160,78,78,78,78,78,64,1,0,0,3,30,1,28.000,1,1,2,2,5,1,0,0,5,0,0,5,0,0,0,0,1,1,1,1,1,1,0,0,0,8716,0,0,0,0,0,0,0,0,0
0.545000,19.55,36.695,21.990,287,201,72.000,71,71,18.000,39.000,55.000,264,108,173,160,78,78,78,78,78,65,1,0,0,3,30,1,28.000,1,1,2,2,5,1,0,0,5,0,0,5,0,0,0,0,1,1,1,1,1,1,0,0,0,8720,0,0,0,0,0,0,0,0,0
0.545250,19.66,36.736,22.050,288,202,72.000,71,71,18.000,39.000,55.000,265,108,174,160,79,79,79,79,79,66,1,0,0,3,30,1,28.000,1,1,2,2,5,1,0,0,5,0,0,5,0,0,0,0,1,1,1,1,1,1,0,0,0,8724,0,0,0,0,0,0,0,0,0
0.545500,19.76,36.777,22.050,289,202,72.000,71,71,18.000,39.000,55.000,265,108,174,160,79,79,79,79,79,67,1,0,0,3,30,1,28.000,1,1,2,2,5,1,0,0,5,0,0,5,0,0,0,0,1,1,1,1,1,1,0,0,0,8728,0,0,0,0,0,0,0,0,0
0.545750,19.87,36.817,22.100,290,202,72.000,71,71,18.000,39.000,55.000,265,108,174,160,79,79,79,79,79,68,1,0,0,3,30,1,28.000,1,1,2,2,5,1,0,0,5,0,0,5,0,0,0,0,1,1,1,1,1,1,0,0,0,8732,0,0,0,0,0,0,0,0,0
0.546000,19.98,36.858,22.100,291,202,72.000,71,71,18.000,39.000,55.000,265,108,174,160,79,79,79,79,79,69,1,0,0,3,30,1,28.000,1,1,2,2,5,1,0,0,5,0,0,5,0,0,0,0,1,1,1,1,1,1,0,0,0,8736,0,0,0,0,0,0,0,0,0
0.546250,20.09,36.898,22.150,292,202,72.000,71,71,18.000,39.000,55.000,266,108,174,160,79,79,79,79,79,70,1,0,0,3,30,1,28.000,1,1,2,2,5,1,0,0,5,0,0,5,0,0,0,0,1,1,1,1,1,1,0,0,0,8740,0,0,0,0,0,0,0,0,0
0.546500,20.20,36.938,22.150,293,202,72.000,71,71,18.000,39.000,55.000,266,108,174,160,79,79,79,79,79,70,1,0,0,3,30,1,28.000,1,1,2,2,5,1,0,0,5,0,0,5,0,0,0,0,1,1,1,1,1,1,0,0,0,8744,0,0,0,0,0,0,0,0,0
0.546750,20.30,36.978,22.150,294,203,72.000,71,71,18.000,39.000,55.000,266,109,175,160,79,79,79,79,79,71,1,0,0,3,30,1,28.000,1,1,2,2,5,1,0,0,5,0,0,5,0,0,0,0,1,1,1,1,1,1,0,0,0,8748,0,0,0,0,0,0,0,0,0
0.547000,20.41,37.018,22.210,295,203,72.000,71,71,18.000,39.000,55.000,267,109,175,160,79,79,79,79,79,72,1,0,0,3,30,1,28.000,1,1,2,2,5,1,0,0,5,0,0,5,0,0,0,0,1,1,1,1,1,1,0,0,0,8752,0,0,0,0,0,0,0,0,0
0.547250,20.52,37.058,22.210,296,203,72.000,71,71,18.000,39.000,55.000,267,109,175,160,79,79,79,79,79,73,1,0,0,3,30,1,28.000,1,1,2,2,5,1,0,0,5,0,0,5,0,0,0,0,1,1,1,1,1,1,0,0,0,8756,0,0,0,0,0,0,0,0,0
0.547500,20.63,37.098,22.260,297,203,72.000,71,71,18.000,39.000,55.000,267,109,175,160,79,79,79,79,79,74,1,0,0,3,30,1,28.000,1,1,2,2,5,1,0,0,5,0,0,5,0,0,0,0,1,1,1,1,1,1,0,0,0,8760,0,0,0,0,0,0,0,0,0
0.547750,20.74,37.137,22.260,298,203,72.000,71,71,18.000,39.000,55.000,267,109,175,160,79,79,79,79,79,75,1,0,0,3,30,1,28.000,1,1,2,2,5,1,0,0,5,0,0,5,0,0,0,0,1,1,1,1,1,1,0,0,0,8764,0,0,0,0,0,0,0,0,0
0.548000,20.84,37.177,22.320,299,204,72.000,71,71,18.000,39.000,55.000,268,110,176,160,80,80,80,80,80,75,1,0,0,3,30,1,28.000,1,1,2,2,5,1,0,0,5,0,0,5,0,0,0,0,1,1,1,1,1,1,0,0,0,8768,0,0,0,0,0,0,0,0,0
0.548250,20.95,37.216,22.320,300,204,72.000,71,71,18.000,39.000,55.000,268,110,176,160,80,80,80,80,80,76,1,0,0,3,30,1,28.000,1,1,2,2,5,1,0,0,5,0,0,5,0,0,0,0,1,1,1,1,1,1,0,0,0,8772,0,0,0,0,0,0,0,0,0
0.548500,21.06,37.256,22.370,301,204,72.000,71,71,18.000,39.000,55.000,269,110,176,160,80,80,80,80,80,77,1,0,0,3,30,1,28.000,1,1,2,2,5,1,0,0,5,0,0,5,0,0,0,0,1,1,1,1,1,1,0,0,0,8776,0,0,0,0,0,0,0,0,0
0.548750,21.17,37.295,22.370,302,204,72.000,71,71,18.000,39.000,55.000,269,110,176,160,80,80,80,80,80,78,1,0,0,3,30,1,28.000,1,1,2,2,5,1,0,0,5,0,0,5,0,0,0,0,1,1,1,1,1,1,0,0,0,8780,0,0,0,0,0,0,0,0,0
0.549000,21.28,37.334,22.370,303,204,72.000,71,71,18.000,39.000,55.000,269,110,176,160,80,80,80,80,80,79,1,0,0,3,30,1,28.000,1,1,2,2,5,1,0,0,5,0,0,5,0,0,0,0,1,1,1,1,1,1,0,0,0,8784,0,0,0,0,0,0,0,0,0
0.549250,21.38,37.373,22.430,304,205,72.000,71,71,18.000,39.000,55.000,269,110,177,160,80,80,80,80,80,80,1,0,0,3,30,1,28.000,1,1,2,2,5,1,0,0,5,0,0,5,0,0,0,0,1,1,1,1,1,1,0,0,0,8788,0,0,0,0,0,0,0,0,0
0.549500,21.49,37.411,22.430,304,205,72.000,71,71,18.000,39.000,55.000,269,110,177,160,80,80,80,80,80,80,1,0,0,3,30,1,28.000,1,1,2,2,5,1,0,0,5,0,0,5,0,0,0,0,1,1,1,1,1,1,0,0,0,8792,0,0,0,0,0,0,0,0,0
0.549750,21.60,37.450,22.480,305,205,72.000,71,71,18.000,39.000,55.000,270,110,177,160,80,80,80,80,80,80,1,0,0,3,30,1,28.000,1,1,2,2,5,1,0,0,5,0,0,5,0,0,0,0,1,1,1,1,1,1,0,0,0,8796,0,0,0,0,0,0,0,0,0
0.550000,21.71,37.488,22.480,306,205,72.000,71,71,18.000,39.000,55.000,270,110,177,160,80,80,80,80,80,80,1,0,0,3,30,1,28.000,1,1,2,2,5,1,0,0,5,0,0,5,0,0,0,0,1,1,1,1,1,1,0,0,0,8800,0,0,0,0,0,0,0,0,0
0.550250,21.82,37.527,22.540,307,205,72.000,71,71,18.000,39.000,55.000,271,110,177,160,80,80,80,80,80,80,1,0,0,3,30,1,28.000,1,1,2,2,5,1,0,0,5,0,0,5,0,0,0,0,1,1,1,1,1,1,0,0,0,8804,0,0,0,0,0,0,0,0,0
0.550500,21.92,37.565,22.540,308,206,72.000,71,71,18.000,39.000,55.000,271,111,178,160,81,81,81,81,81,81,1,0,0,3,30,1,28.000,1,1,2,2,5,1,0,0,5,0,0,5,0,0,0,0,1,1,1,1,1,1,0,0,0,8808,0,0,0,0,0,0,0,0,0
0.550750,22.03,37.603,22.540,309,206,72.000,71,71,18.000,39.000,55.000,271,111,178,160,81,81,81,81,81,81,1,0,0,3,30,1,28.000,1,1,2,2,5,1,0,0,5,0,0,5,0,0,0,0,1,1,1,1,1,1,0,0,0,8812,0,0,0,0,0,0,0,0,0
0.551000,22.14,37.641,22.590,310,206,72.000,71,71,18.000,39.000,55.000,271,111,178,160,81,81,81,81,81,81,1,0,0,3,30,1,28.000,1,1,2,2,5,1,0,0,5,0,0,5,0,0,0,0,1,1,1,1,1,1,0,0,0,8816,0,0,0,0,0,0,0,0,0
0.551250,22.25,37.679,22.590,311,206,72.000,71,71,18.000,39.000,55.000,271,111,178,160,81,81,81,81,81,81,1,0,0,3,30,1,28.000,1,1,2,2,5,1,0,0,5,0,0,5,0,0,0,0,1,1,1,1,1,1,0,0,0,8820,0,0,0,0,0,0,0,0,0
0.551500,22.36,37.717,22.640,312,206,72.000,71,71,18.000,39.000,55.000,272,111,178,160,81,81,81,81,81,81,1,0,0,3,30,1,28.000,1,1,2,2,5,1,0,0,5,0,0,5,0,0,0,0,1,1,1,1,1,1,0,0,0,8824,0,0,0,0,0,0,0,0,0
0.551750,22.46,37.754,22.640,313,207,72.000,71,71,18.000,39.000,55.000,272,112,179,160,81,81,81,81,81,81,1,0,0,3,30,1,28.000,1,1,2,2,5,1,0,0,5,0,0,5,0,0,0,0,1,1,1,1,1,1,0,0,0,8828,0,0,0,0,0,0,0,0,0
0.552000,22.57,37.792,22.640,314,207,72.000,71,71,18.000,39.000,55.000,272,112,179,160,81,81,81,81,81,81,1,0,0,3,30,1,28.000,1,1,3,3,6,1,0,0,6,0,0,6,0,0,0,0,1,1,1,1,1,1,0,0,0,8832,0,0,0,0,0,0,0,0,0
0.552250,22.68,37.829,22.700,315,207,72.000,71,71,18.000,39.000,55.000,273,112,179,160,81,81,81,81,81,81,1,0,0,3,30,1,28.000,1,1,3,3,6,1,0,0,6,0,0,6,0,0,0,0,1,1,1,1,1,1,0,0,0,8836,0,0,0,0,0,0,0,0,0
0.552500,22.79,37.866,22.700,316,207,72.000,71,71,18.000,39.000,55.000,273,112,179,160,81,81,81,81,81,81,1,0,0,3,30,1,28.000,1,1,3,3,6,1,0,0,6,0,0,6,0,0,0,0,1,1,1,1,1,1,0,0,0,8840,0,0,0,0,0,0,0,0,0
0.552750,22.90,37.903,22.750,317,208,72.000,71,71,18.000,39.000,55.000,273,112,180,160,82,82,82,82,82,82,1,0,0,3,30,1,28.000,1,1,3,3,6,1,0,0,6,0,0,6,0,0,0,0,1,1,1,1,1,1,0,0,0,8844,0,0,0,0,0,0,0,0,0
0.553000,23.00,37.940,22.750,318,208,72.000,71,71,18.000,39.000,55.000,273,112,180,160,82,82,82,82,82,82,1,0,0,3,30,1,28.000,1,1,3,3,6,1,0,0,6,0,0,6,0,0,0,0,1,1,1,1,1,1,0,0,0,8848,0,0,0,0,0,0,0,0,0
0.553250,23.11,37.977,22.750,318,208,72.000,71,71,18.000,39.000,55.000,273,112,180,160,82,82,82,82,82,82,1,0,0,3,30,1,28.000,1,1,3,3,6,1,0,0,6,0,0,6,0,0,0,0,1,1,1,1,1,1,0,0,0,8852,0,0,0,0,0,0,0,0,0
0.553500,23.22,38.014,22.810,319,208,72.000,71,71,18.000,39.000,55.000,274,112,180,160,82,82,82,82,82,82,1,0,0,3,30,1,28.000,1,1,3,3,6,1,0,0,6,0,0,6,0,0,0,0,1,1,1,1,1,1,0,0,0,8856,0,0,0,0,0,0,0,0,0
0.553750,23.33,38.050,22.810,320,209,72.000,71,71,18.000,39.000,55.000,274,113,181,160,82,82,82,82,82,82,1,0,0,3,30,1,28.000,1,1,3,3,6,1,0,0,6,0,0,6,0,0,0,0,1,1,1,1,1,1,0,0,0,8860,0,0,0,0,0,0,0,0,0
0.554000,23.44,38.087,22.860,321,209,72.000,71,71,18.000,39.000,55.000,274,113,181,160,82,82,82,82,82,82,1,0,0,3,30,1,28.000,1,1,3,3,6,1,0,0,6,0,0,6,0,0,0,0,1,1,1,1,1,1,0,0,0,8864,0,0,0,0,0,0,0,0,0
0.554250,23.54,38.123,22.860,322,209,72.000,71,71,18.000,39.000,55.000,274,113,181,160,82,82,82,82,82,82,1,0,0,3,30,1,28.000,1,1,3,3,6,1,0,0,6,0,0,6,0,0,0,0,1,1,1,1,1,1,0,0,0,8868,0,0,0,0,0,0,0,0,0
0.554500,23.65,38.159,22.920,323,209,72.000,71,71,18.000,39.000,55.000,275,113,181,160,82,82,82,82,82,82,1,0,0,3,30,1,28.000,1,1,3,3,6,1,0,0,6,0,0,6,0,0,0,0,1,1,1,1,1,1,0,0,0,8872,0,0,0,0,0,0,0,0,0
0.554750,23.76,38.195,22.920,324,209,72.000,71,71,18.000,39.000,55.000,275,113,181,160,82,82,82,82,82,82,1,0,0,3,30,1,28.000,1,1,3,3,6,1,0,0,6,0,0,6,0,0,0,0,1,1,1,1,1,1,0,0,0,8876,0,0,0,0,0,0,0,0,0
0.555000,23.87,38.231,22.920,325,210,72.000,71,71,18.000,39.000,55.000,275,114,182,160,83,83,83,83,83,83,1,0,0,3,30,1,28.000,1,1,3,3,6,1,0,0,6,0,0,6,0,0,0,0,1,1,1,1,1,1,0,0,0,8880,0,0,0,0,0,0,0,0,0
0.555250,23.98,38.267,22.970,326,210,72.000,71,71,18.000,39.000,55.000,276,114,182,160,83,83,83,83,83,83,1,0,0,3,30,1,28.000,1,1,3,3,6,1,0,0,6,0,0,6,0,0,0,0,1,1,1,1,1,1,0,0,0,8884,0,0,0,0,0,0,0,0,0
0.555500,24.08,38.302,22.970,326,210,72.000,71,71,18.000,39.000,55.000,276,114,182,160,83,83,83,83,83,83,1,0,0,3,30,1,28.000,1,1,3,3,6,1,0,0,6,0,0,6,0,0,0,0,1,1,1,1,1,1,0,0,0,8888,0,0,0,0,0,0,0,0,0
0.555750,24.19,38.338,23.030,327,210,72.000,71,71,18.000,39.000,55.000,276,114,182,160,83,83,83,83,83,83,1,0,0,3,30,1,28.000,1,1,3,3,6,1,0,0,6,0,0,6,0,0,0,0,1,1,1,1,1,1,0,0,0,8892,0,0,0,0,0,0,0,0,0
0.556000,24.30,38.373,23.030,328,211,72.000,71,71,18.000,39.000,55.000,276,114,183,160,83,83,83,83,83,83,1,0,0,3,30,1,28.000,1,1,3,3,6,1,0,0,6,0,0,6,0,0,0,0,1,1,1,1,1,1,0,0,0,8896,0,0,0,0,0,0,0,0,0
0.556250,24.41,38.408,23.030,329,211,72.000,71,71,18.000,39.000,55.000,276,114,183,160,83,83,83,83,83,83,1,0,0,3,30,1,28.000,1,1,3,3,6,1,0,0,6,0,0,6,0,0,0,0,1,1,1,1,1,1,0,0,0,8900,0,0,0,0,0,0,0,0,0
0.556500,24.52,38.443,23.080,330,211,72.000,71,71,18.000,39.000,55.000,277,114,183,160,83,83,83,83,83,83,1,0,0,3,30,1,28.000,1,1,3,3,6,1,0,0,6,0,0,6,0,0,0,0,1,1,1,1,1,1,0,0,0,8904,0,0,0,0,0,0,0,0,0
0.556750,24.62,38.478,23.080,331,211,72.000,71,71,18.000,39.000,55.000,277,114,183,160,83,83,83,83,83,83,1,0,0,3,30,1,28.000,1,1,3,3,6,1,0,0,6,0,0,6,0,0,0,0,1,1,1,1,1,1,0,0,0,8908,0,0,0,0,0,0,0,0,0
0.557000,24.73,38.513,23.080,332,212,72.000,71,71,18.000,39.000,55.000,277,115,184,160,84,84,84,84,84,84,1,0,0,3,30,1,28.000,1,1,3,3,6,1,0,0,6,0,0,6,0,0,0,0,1,1,1,1,1,1,0,0,0,8912,0,0,0,0,0,0,0,0,0
0.557250,24.84,38.548,23.130,332,212,72.000,71,71,18.000,39.000,55.000,278,115,184,160,84,84,84,84,84,84,1,0,0,3,30,1,28.000,1,1,3,3,6,1,0,0,6,0,0,6,0,0,0,0,1,1,1,1,1,1,0,0,0,8916,0,0,0,0,0,0,0,0,0
0.557500,24.95,38.582,23.130,333,212,72.000,71,71,18.000,39.000,55.000,278,115,184,160,84,84,84,84,84,84,1,0,0,3,30,1,28.000,1,1,3,3,6,1,0,0,6,0,0,6,0,0,0,0,1,1,1,1,1,1,0,0,0,8920,0,0,0,0,0,0,0,0,0
0.557750,25.06,38.617,23.130,334,212,72.000,71,71,18.000,39.000,55.000,278,115,184,160,84,84,84,84,84,84,1,0,0,3,30,1,28.000,1,1,3,3,6,1,0,0,6,0,0,6,0,0,0,0,1,1,1,1,1,1,0,0,0,8924,0,0,0,0,0,0,0,0,0
0.558000,25.16,38.651,23.190,335,213,72.000,71,71,18.000,39.000,55.000,278,115,185,160,84,84,84,84,84,84,1,0,0,3,30,1,28.000,1,1,3,3,6,1,0,0,6,0,0,6,0,0,0,0,1,1,1,1,1,1,0,0,0,8928,0,0,0,0,0,0,0,0,0
0.558250,25.27,38.685,23.190,336,213,72.000,71,71,18.000,39.000,55.000,278,115,185,160,84,84,84,84,84,84,1,0,0,3,30,1,28.000,1,1,3,3,6,1,0,0,6,0,0,6,0,0,0,0,1,1,1,1,1,1,0,0,0,8932,0,0,0,0,0,0,0,0,0
0.558500,25.38,38.719,23.240,337,213,72.000,71,71,18.000,39.000,55.000,279,115,185,160,84,84,84,84,84,84,1,0,0,3,30,1,28.000,1,1,3,3,6,1,0,0,6,0,0,6,0,0,0,0,1,1,1,1,1,1,0,0,0,8936,0,0,0,0,0,0,0,0,0
0.558750,25.49,38.753,23.240,337,213,72.000,71,71,18.000,39.000,55.000,279,115,185,160,84,84,84,84,84,84,1,0,0,3,30,1,28.000,1,1,3,3,6,1,0,0,6,0,0,6,0,0,0,0,1,1,1,1,1,1,0,0,0,8940,0,0,0,0,0,0,0,0,0
0.559000,25.60,38.786,23.300,338,214,72.000,71,71,18.000,39.000,55.000,280,116,186,160,85,85,85,85,85,85,1,0,0,3,30,1,28.000,1,1,3,3,6,1,0,0,6,0,0,6,0,0,0,0,1,1,1,1,1,1,0,0,0,8944,0,0,0,0,0,0,0,0,0
0.559250,25.70,38.820,23.300,339,214,72.000,71,71,18.000,39.000,55.000,280,116,186,160,85,85,85,85,85,85,1,0,0,3,30,1,28.000,1,1,3,3,6,1,0,0,6,0,0,6,0,0,0,0,1,1,1,1,1,1,0,0,0,8948,0,0,0,0,0,0,0,0,0
0.559500,25.81,38.853,23.300,340,214,72.000,71,71,18.000,39.000,55.000,280,116,186,160,85,85,85,85,85,85,1,0,0,3,30,1,28.000,1,1,3,3,6,1,0,0,6,0,0,6,0,0,0,0,1,1,1,1,1,1,0,0,0,8952,0,0,0,0,0,0,0,0,0
0.559750,25.92,38.886,23.350,341,214,72.000,71,71,18.000,39.000,55.000,280,116,186,160,85,85,85,85,85,85,1,0,0,3,30,1,28.000,1,1,3,3,6,1,0,0,6,0,0,6,0,0,0,0,1,1,1,1,1,1,0,0,0,8956,0,0,0,0,0,0,0,0,0
0.560000,26.03,38.919,23.350,342,215,72.000,71,71,18.000,39.000,55.000,280,117,187,160,85,85,85,85,85,85,1,0,0,3,30,1,28.000,1,1,3,3,6,1,0,0,6,0,0,6,0,0,0,0,1,1,1,1,1,1,0,0,0,8960,0,0,0,0,0,0,0,0,0
0.560250,26.14,38.952,23.350,342,215,72.000,71,71,18.000,39.000,55.000,280,117,187,160,85,85,85,85,85,85,1,0,0,3,30,1,28.000,1,1,3,3,6,1,0,0,6,0,0,6,0,0,0,0,1,1,1,1,1,1,0,0,0,8964,0,0,0,0,0,0,0,0,0
0.560500,26.24,38.985,23.410,343,215,72.000,71,71,18.000,39.000,55.000,281,117,187,160,85,85,85,85,85,85,1,0,0,3,30,1,28.000,1,1,3,3,6,1,0,0,6,0,0,6,0,0,0,0,1,1,1,1,1,1,0,0,0,8968,0,0,0,0,0,0,0,0,0
0.560750,26.35,39.018,23.410,344,216,72.000,71,71,18.000,39.000,55.000,281,117,188,160,86,86,86,86,86,86,1,0,0,3,30,1,28.000,1,1,1,1,7,1,0,0,7,0,0,7,0,0,0,0,1,1,1,1,1,1,0,0,0,8972,0,0,0,0,0,0,0,0,0
0.561000,26.46,39.050,23.410,345,216,72.000,71,71,18.000,39.000,55.000,281,117,188,160,86,86,86,86,86,86,1,0,0,3,30,1,28.000,1,1,1,1,7,1,0,0,7,0,0,7,0,0,0,0,1,1,1,1,1,1,0,0,0,8976,0,0,0,0,0,0,0,0,0
0.561250,26.57,39.083,23.460,346,216,72.000,71,71,18.000,39.000,55.000,282,117,188,160,86,86,86,86,86,86,1,0,0,3,30,1,28.000,1,1,1,1,7,1,0,0,7,0,0,7,0,0,0,0,1,1,1,1,1,1,0,0,0,8980,0,0,0,0,0,0,0,0,0
0.561500,26.68,39.115,23.460,346,216,72.000,71,71,18.000,39.000,55.000,282,117,188,160,86,86,86,86,86,86,1,0,0,3,30,1,28.000,1,1,1,1,7,1,0,0,7,0,0,7,0,0,0,0,1,1,1,1,1,1,0,0,0,8984,0,0,0,0,0,0,0,0,0
0.561750,26.78,39.147,23.460,347,217,72.000,71,71,18.000,39.000,55.000,282,118,189,160,86,86,86,86,86,86,1,0,0,3,30,1,28.000,1,1,1,1,7,1,0,0,7,0,0,7,0,0,0,0,1,1,1,1,1,1,0,0,0,8988,0,0,0,0,0,0,0,0,0
0.562000,26.89,39.179,23.510,348,217,72.000,71,71,18.000,39.000,55.000,282,118,189,160,86,86,86,86,86,86,1,0,0,3,30,1,28.000,1,1,1,1,7,1,0,0,7,0,0,7,0,0,0,0,1,1,1,1,1,1,0,0,0,8992,0,0,0,0,0,0,0,0,0
0.562250,27.00,39.211,23.510,349,217,72.000,71,71,18.000,39.000,55.000,282,118,189,160,86,86,86,86,86,86,1,0,0,3,30,1,28.000,1,1,1,1,7,1,0,0,7,0,0,7,0,0,0,0,1,1,1,1,1,1,0,0,0,8996,0,0,0,0,0,0,0,0,0
0.562500,27.11,39.242,23.510,350,217,72.000,71,71,18.000,39.000,55.000,282,118,189,160,86,86,86,86,86,86,1,0,0,3,30,1,28.000,1,1,1,1,7,1,0,0,7,0,0,7,0,0,0,0,1,1,1,1,1,1,0,0,0,9000,0,0,0,0,0,0,0,0,0
0.562750,27.22,39.274,23.570,350,218,72.000,71,71,18.000,39.000,55.000,283,119,190,160,87,87,87,87,87,87,1,0,0,3,30,1,28.000,1,1,1,1,7,1,0,0,7,0,0,7,0,0,0,0,1,1,1,1,1,1,0,0,0,9004,0,0,0,0,0,0,0,0,0
0.563000,27.32,39.305,23.570,351,218,72.000,71,71,18.000,39.000,55.000,283,119,190,160,87,87,87,87,87,87,1,0,0,3,30,1,28.000,1,1,1,1,7,1,0,0,7,0,0,7,0,0,0,0,1,1,1,1,1,1,0,0,0,9008,0,0,0,0,0,0,0,0,0
0.563250,27.43,39.336,23.620,352,218,72.000,71,71,18.000,39.000,55.000,284,119,190,160,87,87,87,87,87,87,1,0,0,3,30,1,28.000,1,1,1,1,7,1,0,0,7,0,0,7,0,0,0,0,1,1,1,1,1,1,0,0,0,9012,0,0,0,0,0,0,0,0,0
0.563500,27.54,39.367,23.620,353,219,72.000,71,71,18.000,39.000,55.000,284,119,191,160,87,87,87,87,87,87,1,0,0,3,30,1,28.000,1,1,1,1,7,1,0,0,7,0,0,7,0,0,0,0,1,1,1,1,1,1,0,0,0,9016,0,0,0,0,0,0,0,0,0
0.563750,27.65,39.398,23.620,353,219,72.000,71,71,18.000,39.000,55.000,284,119,191,160,87,87,87,87,87,87,1,0,0,3,30,1,28.000,1,1,1,1,7,1,0,0,7,0,0,7,0,0,0,0,1,1,1,1,1,1,0,0,0,9020,0,0,0,0,0,0,0,0,0
0.564000,27.76,39.429,23.620,354,219,72.000,71,71,18.000,39.000,55.000,284,119,191,160,87,87,87,87,87,87,1,0,0,3,30,1,28.000,1,1,1,1,7,1,0,0,7,0,0,7,0,0,0,0,1,1,1,1,1,1,0,0,0,9024,0,0,0,0,0,0,0,0,0
0.564250,27.86,39.459,23.680,355,219,72.000,71,71,18.000,39.000,55.000,284,119,191,160,87,87,87,87,87,87,1,0,0,3,30,1,28.000,1,1,1,1,7,1,0,0,7,0,0,7,0,0,0,0,1,1,1,1,1,1,0,0,0,9028,0,0,0,0,0,0,0,0,0
0.564500,27.97,39.490,23.680,356,220,72.000,71,71,18.000,39.000,55.000,284,120,193,160,88,88,88,88,88,88,1,0,0,3,30,1,28.000,1,1,1,1,7,1,0,0,7,0,0,7,0,0,0,0,1,1,1,1,1,1,0,0,0,9032,0,0,0,0,0,0,0,0,0
0.564750,28.08,39.520,23.730,356,220,72.000,71,71,18.000,39.000,55.000,285,120,193,160,88,88,88,88,88,88,1,0,0,3,30,1,28.000,1,1,1,1,7,1,0,0,7,0,0,7,0,0,0,0,1,1,1,1,1,1,0,0,0,9036,0,0,0,0,0,0,0,0,0
0.565000,28.19,39.550,23.730,357,220,72.000,71,71,18.000,39.000,55.000,285,120,193,160,88,88,88,88,88,88,1,0,0,3,30,1,28.000,1,1,1,1,7,1,0,0,7,0,0,7,0,0,0,0,1,1,1,1,1,1,0,0,0,9040,0,0,0,0,0,0,0,0,0
0.565250,28.30,39.580,23.730,358,221,72.000,71,71,18.000,39.000,55.000,285,121,193,160,88,88,88,88,88,88,1,0,0,3,30,1,28.000,1,1,1,1,7,1,0,0,7,0,0,7,0,0,0,0,1,1,1,1,1,1,0,0,0,9044,0,0,0,0,0,0,0,0,0
0.565500,28.40,39.610,23.790,359,221,72.000,71,71,18.000,39.000,55.000,286,121,193,160,88,88,88,88,88,88,1,0,0,3,30,1,28.000,1,1,1,1,7,1,0,0,7,0,0,7,0,0,0,0,1,1,1,1,1,1,0,0,0,9048,0,0,0,0,0,0,0,0,0
0.565750,28.51,39.639,23.790,359,221,72.000,71,71,18.000,39.000,55.000,286,121,193,160,88,88,88,88,88,88,1,0,0,3,30,1,28.000,1,1,1,1,7,1,0,0,7,0,0,7,0,0,0,0,1,1,1,1,1,1,0,0,0,9052,0,0,0,0,0,0,0,0,0
0.566000,28.62,39.669,23.790,360,221,72.000,71,71,18.000,39.000,55.000,286,121,193,160,88,88,88,88,88,88,1,0,0,3,30,1,28.000,1,1,1,1,7,1,0,0,7,0,0,7,0,0,0,0,1,1,1,1,1,1,0,0,0,9056,0,0,0,0,0,0,0,0,0
0.566250,28.73,39.698,23.790,361,222,72.000,71,71,18.000,39.000,55.000,286,121,194,160,88,88,88,88,88,88,1,0,0,3,30,1,28.000,1,1,1,1,7,1,0,0,7,0,0,7,0,0,0,0,1,1,1,1,1,1,0,0,0,9060,0,0,0,0,0,0,0,0,0
0.566500,28.84,39.727,23.840,362,222,72.000,71,71,18.000,39.000,55.000,286,121,194,160,88,88,88,88,88,88,1,0,0,3,30,1,28.000,1,1,1,1,7,1,0,0,7,0,0,7,0,0,0,0,1,1,1,1,1,1,0,0,0,9064,0,0,0,0,0,0,0,0,0
0.566750,28.94,39.756,23.840,362,222,72.000,71,71,18.000,39.000,55.000,286,121,194,160,88,88,88,88,88,88,1,0,0,3,30,1,28.000,1,1,1,1,7,1,0,0,7,0,0,7,0,0,0,0,1,1,1,1,1,1,0,0,0,9068,0,0,0,0,0,0,0,0,0
0.567000,29.05,39.785,23.840,363,223,72.000,71,71,18.000,39.000,55.000,286,122,196,160,89,89,89,89,89,89,1,0,0,3,30,1,28.000,1,1,1,1,7,1,0,0,7,0,0,7,0,0,0,0,1,1,1,1,1,1,0,0,0,9072,0,0,0,0,0,0,0,0,0
0.567250,29.16,39.814,23.900,364,223,72.000,71,71,18.000,39.000,55.000,287,122,196,160,89,89,89,89,89,89,1,0,0,3,30,1,28.000,1,1,1,1,7,1,0,0,7,0,0,7,0,0,0,0,1,1,1,1,1,1,0,0,0,9076,0,0,0,0,0,0,0,0,0
0.567500,29.27,39.843,23.900,365,223,72.000,71,71,18.000,39.000,55.000,287,122,196,160,89,89,89,89,89,89,1,0,0,3,30,1,28.000,1,1,1,1,7,1,0,0,7,0,0,7,0,0,0,0,1,1,1,1,1,1,0,0,0,9080,0,0,0,0,0,0,0,0,0
0.567750,29.38,39.871,23.900,365,223,72.000,71,71,18.000,39.000,55.000,287,122,196,160,89,89,89,89,89,89,1,0,0,3,30,1,28.000,1,1,1,1,7,1,0,0,7,0,0,7,0,0,0,0,1,1,1,1,1,1,0,0,0,9084,0,0,0,0,0,0,0,0,0
0.568000,29.48,39.899,23.950,366,224,72.000,71,71,18.000,39.000,55.000,288,123,197,160,89,89,89,89,89,89,1,0,0,3,30,1,28.000,1,1,1,1,7,1,0,0,7,0,0,7,0,0,0,0,1,1,1,1,1,1,0,0,0,9088,0,0,0,0,0,0,0,0,0
0.568250,29.59,39.927,23.950,367,224,72.000,71,71,18.000,39.000,55.000,288,123,197,160,89,89,89,89,89,89,1,0,0,3,30,1,28.000,1,1,1,1,7,1,0,0,7,0,0,7,0,0,0,0,1,1,1,1,1,1,0,0,0,9092,0,0,0,0,0,0,0,0,0
0.568500,29.70,39.955,23.950,367,224,72.000,71,71,18.000,39.000,55.000,288,123,197,160,89,89,89,89,89,89,1,0,0,3,30,1,28.000,1,1,1,1,7,1,0,0,7,0,0,7,0,0,0,0,1,1,1,1,1,1,0,0,0,9096,0,0,0,0,0,0,0,0,0
0.568750,29.81,39.983,24.000,368,225,72.000,71,71,18.000,39.000,55.000,288,123,198,160,90,90,90,90,90,90,1,0,0,3,30,1,28.000,1,1,1,1,7,1,0,0,7,0,0,7,0,0,0,0,1,1,1,1,1,1,0,0,0,9100,0,0,0,0,0,0,0,0,0
0.569000,29.92,40.011,24.000,369,225,72.000,71,71,18.000,39.000,55.000,288,123,198,160,90,90,90,90,90,90,1,0,0,3,30,1,28.000,1,1,1,1,7,1,0,0,7,0,0,7,0,0,0,0,1,1,1,1,1,1,0,0,0,9104,0,0,0,0,0,0,0,0,0
0.569250,30.02,40.038,24.000,369,225,72.000,71,71,18.000,39.000,55.000,288,123,198,160,90,90,90,90,90,90,1,0,0,3,30,1,28.000,1,1,0,0,8,1,0,0,8,0,0,8,0,0,0,0,1,1,1,1,1,1,0,0,0,9108,0,0,0,0,0,0,0,0,0
0.569500,30.13,40.065,24.000,370,225,72.000,71,71,18.000,39.000,55.000,288,123,198,160,90,90,90,90,90,90,1,0,0,3,30,1,28.000,1,1,0,0,8,1,0,0,8,0,0,8,0,0,0,0,1,1,1,1,1,1,0,0,0,9112,0,0,0,0,0,0,0,0,0
0.569750,30.24,40.092,24.060,371,226,72.000,71,71,18.000,39.000,55.000,289,124,199,160,90,90,90,90,90,90,1,0,0,3,30,1,28.000,1,1,0,0,8,1,0,0,8,0,0,8,0,0,0,0,1,1,1,1,1,1,0,0,0,9116,0,0,0,0,0,0,0,0,0
0.570000,30.35,40.119,24.060,372,226,72.000,71,71,18.000,39.000,55.000,289,124,199,160,90,90,90,90,90,90,1,0,0,3,30,1,28.000,1,1,0,0,8,1,0,0,8,0,0,8,0,0,0,0,1,1,1,1,1,1,0,0,0,9120,0,0,0,0,0,0,0,0,0
0.570250,30.46,40.146,24.060,372,226,72.000,71,71,18.000,39.000,55.000,289,124,199,160,90,90,90,90,90,90,1,0,0,3,30,1,28.000,1,1,0,0,8,1,0,0,8,0,0,8,0,0,0,0,1,1,1,1,1,1,0,0,0,9124,0,0,0,0,0,0,0,0,0
0.570500,30.56,40.173,24.110,373,227,72.000,71,71,18.000,39.000,55.000,289,125,200,160,91,91,91,91,91,91,1,0,0,3,30,1,28.000,1,1,0,0,8,1,0,0,8,0,0,8,0,0,0,0,1,1,1,1,1,1,0,0,0,9128,0,0,0,0,0,0,0,0,0
0.570750,30.67,40.199,24.110,374,227,72.000,71,71,18.000,39.000,55.000,289,125,200,160,91,91,91,91,91,91,1,0,0,3,30,1,28.000,1,1,0,0,8,1,0,0,8,0,0,8,0,0,0,0,1,1,1,1,1,1,0,0,0,9132,0,0,0,0,0,0,0,0,0
0.571000,30.78,40.226,24.110,374,227,72.000,71,71,18.000,39.000,55.000,289,125,200,160,91,91,91,91,91,91,1,0,0,3,30,1,28.000,1,1,0,0,8,1,0,0,8,0,0,8,0,0,0,0,1,1,1,1,1,1,0,0,0,9136,0,0,0,0,0,0,0,0,0
0.571250,30.89,40.252,24.110,375,228,72.000,71,71,18.000,39.000,55.000,289,125,201,160,91,91,91,91,91,91,1,0,0,3,30,1,28.000,1,1,0,0,8,1,0,0,8,0,0,8,0,0,0,0,1,1,1,1,1,1,0,0,0,9140,0,0,0,0,0,0,0,0,0
0.571500,31.00,40.278,24.170,376,228,72.000,71,71,18.000,39.000,55.000,290,125,201,160,91,91,91,91,91,91,1,0,0,3,30,1,28.000,1,1,0,0,8,1,0,0,8,0,0,8,0,0,0,0,1,1,1,1,1,1,0,0,0,9144,0,0,0,0,0,0,0,0,0
0.571750,31.10,40.304,24.170,376,228,72.000,71,71,18.000,39.000,55.000,290,125,201,160,91,91,91,91,91,91,1,0,0,3,30,1,28.000,1,1,0,0,8,1,0,0,8,0,0,8,0,0,0,0,1,1,1,1,1,1,0,0,0,9148,0,0,0,0,0,0,0,0,0
0.572000,31.21,40.329,24.170,377,229,72.000,71,71,18.000,39.000,55.000,290,126,202,160,92,92,92,92,92,92,1,0,0,3,30,1,28.000,1,1,0,0,8,1,0,0,8,0,0,8,0,0,0,0,1,1,1,1,1,1,0,0,0,9152,0,0,0,0,0,0,0,0,0
0.572250,31.32,40.355,24.220,378,229,72.000,71,71,18.000,39.000,55.000,291,126,202,160,92,92,92,92,92,92,1,0,0,3,30,1,28.000,1,1,0,0,8,1,0,0,8,0,0,8,0,0,0,0,1,1,1,1,1,1,0,0,0,9156,0,0,0,0,0,0,0,0,0
0.572500,31.43,40.380,24.220,378,229,72.000,71,71,18.000,39.000,55.000,291,126,202,160,92,92,92,92,92,92,1,0,0,3,30,1,28.000,1,1,0,0,8,1,0,0,8,0,0,8,0,0,0,0,1,1,1,1,1,1,0,0,0,9160,0,0,0,0,0,0,0,0,0
0.572750,31.54,40.405,24.220,379,229,72.000,71,71,18.000,39.000,55.000,291,126,202,160,92,92,92,92,92,92,1,0,0,3,30,1,28.000,1,1,0,0,8,1,0,0,8,0,0,8,0,0,0,0,1,1,1,1,1,1,0,0,0,9164,0,0,0,0,0,0,0,0,0
0.573000,31.64,40.430,24.280,380,230,72.000,71,71,18.000,39.000,55.000,292,127,203,160,92,92,92,92,92,92,1,0,0,3,30,1,28.000,1,1,0,0,8,1,0,0,8,0,0,8,0,0,0,0,1,1,1,1,1,1,0,0,0,9168,0,0,0,0,0,0,0,0,0
0.573250,31.75,40.455,24.280,380,230,72.000,71,71,18.000,39.000,55.000,292,127,203,160,92,92,92,92,92,92,1,0,0,3,30,1,28.000,1,1,0,0,8,1,0,0,8,0,0,8,0,0,0,0,1,1,1,1,1,1,0,0,0,9172,0,0,0,0,0,0,0,0,0
0.573500,31.86,40.480,24.280,381,230,72.000,71,71,18.000,39.000,55.000,292,127,203,160,92,92,92,92,92,92,1,0,0,3,30,1,28.000,1,1,0,0,8,1,0,0,8,0,0,8,0,0,0,0,1,1,1,1,1,1,0,0,0,9176,0,0,0,0,0,0,0,0,0
0.573750,31.97,40.505,24.280,382,231,72.000,71,71,18.000,39.000,55.000,292,127,204,160,93,93,93,93,93,93,1,0,0,3,30,1,28.000,1,1,0,0,8,1,0,0,8,0,0,8,0,0,0,0,1,1,1,1,1,1,0,0,0,9180,0,0,0,0,0,0,0,0,0
0.574000,32.08,40.529,24.330,382,231,72.000,71,71,18.000,39.000,55.000,292,127,204,160,93,93,93,93,93,93,1,0,0,3,30,1,28.000,1,1,0,0,8,1,0,0,8,0,0,8,0,0,0,0,1,1,1,1,1,1,0,0,0,9184,0,0,0,0,0,0,0,0,0
0.574250,32.18,40.553,24.330,383,231,72.000,71,71,18.000,39.000,55.000,292,127,204,160,93,93,93,93,93,93,1,0,0,3,30,1,28.000,1,1,0,0,8,1,0,0,8,0,0,8,0,0,0,0,1,1,1,1,1,1,0,0,0,9188,0,0,0,0,0,0,0,0,0
0.574500,32.29,40.577,24.330,384,232,72.000,71,71,18.000,39.000,55.000,292,128,205,160,93,93,93,93,93,93,1,0,0,3,30,1,28.000,1,1,0,0,8,1,0,0,8,0,0,8,0,0,0,0,1,1,1,1,1,1,0,0,0,9192,0,0,0,0,0,0,0,0,0
0.574750,32.40,40.601,24.330,384,232,72.000,71,71,18.000,39.000,55.000,292,128,205,160,93,93,93,93,93,93,1,0,0,3,30,1,28.000,1,1,0,0,8,1,0,0,8,0,0,8,0,0,0,0,1,1,1,1,1,1,0,0,0,9196,0,0,0,0,0,0,0,0,0
0.575000,32.51,40.625,24.380,385,232,72.000,71,71,18.000,39.000,55.000,293,128,205,160,93,93,93,93,93,93,1,0,0,3,30,1,28.000,1,1,0,0,8,1,0,0,8,0,0,8,0,0,0,0,1,1,1,1,1,1,0,0,0,9200,0,0,0,0,0,0,0,0,0
0.575250,32.62,40.648,24.380,385,233,72.000,71,71,18.000,39.000,55.000,293,129,206,160,94,94,94,94,94,94,1,0,0,3,30,1,28.000,1,1,0,0,8,1,0,0,8,0,0,8,0,0,0,0,1,1,1,1,1,1,0,0,0,9204,0,0,0,0,0,0,0,0,0
0.575500,32.72,40.672,24.380,386,233,72.000,71,71,18.000,39.000,55.000,293,129,206,160,94,94,94,94,94,94,1,0,0,3,30,1,28.000,1,1,0,0,8,1,0,0,8,0,0,8,0,0,0,0,1,1,1,1,1,1,0,0,0,9208,0,0,0,0,0,0,0,0,0
0.575750,32.83,40.695,24.380,387,233,72.000,71,71,18.000,39.000,55.000,293,129,206,160,94,94,94,94,94,94,1,0,0,3,30,1,28.000,1,1,0,0,8,1,0,0,8,0,0,8,0,0,0,0,1,1,1,1,1,1,0,0,0,9212,0,0,0,0,0,0,0,0,0
0.576000,32.94,40.718,24.440,387,234,72.000,71,71,18.000,39.000,55.000,293,129,207,160,94,94,94,94,94,94,1,0,0,3,30,1,28.000,1,1,0,0,8,1,0,0,8,0,0,8,0,0,0,0,1,1,1,1,1,1,0,0,0,9216,0,0,0,0,0,0,0,0,0
0.576250,33.05,40.741,24.440,388,234,72.000,71,71,18.000,39.000,55.000,293,129,207,160,94,94,94,94,94,94,1,0,0,3,30,1,28.000,1,1,0,0,8,1,0,0,8,0,0,8,0,0,0,0,1,1,1,1,1,1,0,0,0,9220,0,0,0,0,0,0,0,0,0
0.576500,33.16,40.764,24.440,389,234,72.000,71,71,18.000,39.000,55.000,293,129,207,160,94,94,94,94,94,94,1,0,0,3,30,1,28.000,1,1,0,0,8,1,0,0,8,0,0,8,0,0,0,0,1,1,1,1,1,1,0,0,0,9224,0,0,0,0,0,0,0,0,0
0.576750,33.26,40.786,24.440,389,235,72.000,71,71,18.000,39.000,55.000,293,130,208,160,95,95,95,95,95,95,1,0,0,3,30,1,28.000,1,1,0,0,8,1,0,0,8,0,0,8,0,0,0,0,1,1,1,1,1,1,0,0,0,9228,0,0,0,0,0,0,0,0,0
0.577000,33.37,40.808,24.490,390,235,72.000,71,71,18.000,39.000,55.000,294,130,208,160,95,95,95,95,95,95,1,0,0,3,30,1,28.000,1,1,0,0,8,1,0,0,8,0,0,8,0,0,0,0,1,1,1,1,1,1,0,0,0,9232,0,0,0,0,0,0,0,0,0
0.577250,33.48,40.831,24.490,390,235,72.000,71,71,18.000,39.000,55.000,294,130,208,160,95,95,95,95,95,95,1,0,0,3,30,1,28.000,1,1,0,0,8,1,0,0,8,0,0,8,0,0,0,0,1,1,1,1,1,1,0,0,0,9236,0,0,0,0,0,0,0,0,0
0.577500,33.59,40.853,24.490,391,235,72.000,71,71,18.000,39.000,55.000,294,130,208,160,95,95,95,95,95,95,1,0,0,3,30,1,28.000,1,1,0,0,8,1,0,0,8,0,0,8,0,0,0,0,1,1,1,1,1,1,0,0,0,9240,0,0,0,0,0,0,0,0,0
0.577750,33.70,40.874,24.490,392,236,72.000,71,71,18.000,39.000,55.000,294,131,209,160,95,95,95,95,95,95,1,0,0,3,30,1,28.000,1,1,0,0,8,1,0,0,8,0,0,8,0,0,0,0,1,1,1,1,1,1,0,0,0,9244,0,0,0,0,0,0,0,0,0
0.578000,33.80,40.896,24.550,392,236,72.000,71,71,18.000,39.000,55.000,295,131,209,160,95,95,95,95,95,95,1,0,0,3,30,1,28.000,1,1,2,2,9,1,0,0,9,0,0,9,0,0,0,0,1,1,1,1,1,1,0,0,0,9248,0,0,0,0,0,0,0,0,0
0.578250,33.91,40.918,24.550,393,236,72.000,71,71,18.000,39.000,55.000,295,131,209,160,95,95,95,95,95,95,1,0,0,3,30,1,28.000,1,1,2,2,9,1,0,0,9,0,0,9,0,0,0,0,1,1,1,1,1,1,0,0,0,9252,0,0,0,0,0,0,0,0,0
0.578500,34.02,40.939,24.550,393,237,72.000,71,71,18.000,39.000,55.000,295,131,210,160,96,96,96,96,96,96,1,0,0,3,30,1,28.000,1,1,2,2,9,1,0,0,9,0,0,9,0,0,0,0,1,1,1,1,1,1,0,0,0,9256,0,0,0,0,0,0,0,0,0
0.578750,34.13,40.960,24.550,394,237,72.000,71,71,18.000,39.000,55.000,295,131,210,160,96,96,96,96,96,96,1,0,0,3,30,1,28.000,1,1,2,2,9,1,0,0,9,0,0,9,0,0,0,0,1,1,1,1,1,1,0,0,0,9260,0,0,0,0,0,0,0,0,0
0.579000,34.24,40.981,24.600,395,237,72.000,71,71,18.000,39.000,55.000,295,131,210,160,96,96,96,96,96,96,1,0,0,3,30,1,28.000,1,1,2,2,9,1,0,0,9,0,0,9,0,0,0,0,1,1,1,1,1,1,0,0,0,9264,0,0,0,0,0,0,0,0,0
0.579250,34.34,41.002,24.600,395,238,72.000,71,71,18.000,39.000,55.000,295,132,211,160,96,96,96,96,96,96,1,0,0,3,30,1,28.000,1,1,2,2,9,1,0,0,9,0,0,9,0,0,0,0,1,1,1,1,1,1,0,0,0,9268,0,0,0,0,0,0,0,0,0
0.579500,34.45,41.023,24.600,396,238,72.000,71,71,18.000,39.000,55.000,295,132,211,160,96,96,96,96,96,96,1,0,0,3,30,1,28.000,1,1,2,2,9,1,0,0,9,0,0,9,0,0,0,0,1,1,1,1,1,1,0,0,0,9272,0,0,0,0,0,0,0,0,0
0.579750,34.56,41.043,24.600,396,238,72.000,71,71,18.000,39.000,55.000,295,132,211,160,96,96,96,96,96,96,1,0,0,3,30,1,28.000,1,1,2,2,9,1,0,0,9,0,0,9,0,0,0,0,1,1,1,1,1,1,0,0,0,9276,0,0,0,0,0,0,0,0,0
0.580000,34.67,41.064,24.660,397,239,72.000,71,71,18.000,39.000,55.000,296,133,212,160,97,97,97,97,97,97,1,0,0,3,30,1,28.000,1,1,2,2,9,1,0,0,9,0,0,9,0,0,0,0,1,1,1,1,1,1,0,0,0,9280,0,0,0,0,0,0,0,0,0
0.580250,34.78,41.084,24.660,398,239,72.000,71,71,18.000,39.000,55.000,296,133,212,160,97,97,97,97,97,97,1,0,0,3,30,1,28.000,1,1,2,2,9,1,0,0,9,0,0,9,0,0,0,0,1,1,1,1,1,1,0,0,0,9284,0,0,0,0,0,0,0,0,0
0.580500,34.88,41.104,24.660,398,239,72.000,71,71,18.000,39.000,55.000,296,133,212,160,97,97,97,97,97,97,1,0,0,3,30,1,28.000,1,1,2,2,9,1,0,0,9,0,0,9,0,0,0,0,1,1,1,1,1,1,0,0,0,9288,0,0,0,0,0,0,0,0,0
0.580750,34.99,41.123,24.660,399,240,72.000,71,71,18.000,39.000,55.000,296,133,213,160,97,97,97,97,97,97,1,0,0,3,30,1,28.000,1,1,2,2,9,1,0,0,9,0,0,9,0,0,0,0,1,1,1,1,1,1,0,0,0,9292,0,0,0,0,0,0,0,0,0
0.581000,35.10,41.143,24.660,399,240,72.000,71,71,18.000,39.000,55.000,296,133,213,160,97,97,97,97,97,97,1,0,0,3,30,1,28.000,1,1,2,2,9,1,0,0,9,0,0,9,0,0,0,0,1,1,1,1,1,1,0,0,0,9296,0,0,0,0,0,0,0,0,0
0.581250,35.21,41.163,24.710,400,240,72.000,71,71,18.000,39.000,55.000,297,133,213,160,97,97,97,97,97,97,1,0,0,3,30,1,28.000,1,1,2,2,9,1,0,0,9,0,0,9,0,0,0,0,1,1,1,1,1,1,0,0,0,9300,0,0,0,0,0,0,0,0,0
0.581500,35.32,41.182,24.710,400,241,72.000,71,71,18.000,39.000,55.000,297,134,214,160,98,98,98,98,98,98,1,0,0,3,30,1,28.000,1,1,2,2,9,1,0,0,9,0,0,9,0,0,0,0,1,1,1,1,1,1,0,0,0,9304,0,0,0,0,0,0,0,0,0
0.581750,35.42,41.201,24.710,401,241,72.000,71,71,18.000,39.000,55.000,297,134,214,160,98,98,98,98,98,98,1,0,0,3,30,1,28.000,1,1,2,2,9,1,0,0,9,0,0,9,0,0,0,0,1,1,1,1,1,1,0,0,0,9308,0,0,0,0,0,0,0,0,0
0.582000,35.53,41.220,24.710,402,241,72.000,71,71,18.000,39.000,55.000,297,134,214,160,98,98,98,98,98,98,1,0,0,3,30,1,28.000,1,1,2,2,9,1,0,0,9,0,0,9,0,0,0,0,1,1,1,1,1,1,0,0,0,9312,0,0,0,0,0,0,0,0,0
0.582250,35.64,41.239,24.770,402,242,72.000,71,71,18.000,39.000,55.000,297,134,215,160,98,98,98,98,98,98,1,0,0,3,30,1,28.000,1,1,2,2,9,1,0,0,9,0,0,9,0,0,0,0,1,1,1,1,1,1,0,0,0,9316,0,0,0,0,0,0,0,0,0
0.582500,35.75,41.257,24.770,403,242,72.000,71,71,18.000,39.000,55.000,297,134,215,160,98,98,98,98,98,98,1,0,0,3,30,1,28.000,1,1,2,2,9,1,0,0,9,0,0,9,0,0,0,0,1,1,1,1,1,1,0,0,0,9320,0,0,0,0,0,0,0,0,0
0.582750,35.86,41.276,24.770,403,242,72.000,71,71,18.000,39.000,55.000,297,134,215,160,98,98,98,98,98,98,1,0,0,3,30,1,28.000,1,1,2,2,9,1,0,0,9,0,0,9,0,0,0,0,1,1,1,1,1,1,0,0,0,9324,0,0,0,0,0,0,0,0,0
0.583000,35.96,41.294,24.770,404,243,72.000,71,71,18.000,39.000,55.000,297,135,217,160,99,99,99,99,99,99,1,0,0,3,30,1,28.000,1,1,2,2,9,1,0,0,9,0,0,9,0,0,0,0,1,1,1,1,1,1,0,0,0,9328,0,0,0,0,0,0,0,0,0
0.583250,36.07,41.312,24.770,404,243,72.000,71,71,18.000,39.000,55.000,297,135,217,160,99,99,99,99,99,99,1,0,0,3,30,1,28.000,1,1,2,2,9,1,0,0,9,0,0,9,0,0,0,0,1,1,1,1,1,1,0,0,0,9332,0,0,0,0,0,0,0,0,0
0.583500,36.18,41.330,24.770,405,243,72.000,71,71,18.000,39.000,55.000,297,135,217,160,99,99,99,99,99,99,1,0,0,3,30,1,28.000,1,1,2,2,9,1,0,0,9,0,0,9,0,0,0,0,1,1,1,1,1,1,0,0,0,9336,0,0,0,0,0,0,0,0,0
0.583750,36.29,41.348,24.820,405,244,72.000,71,71,18.000,39.000,55.000,298,136,218,160,99,99,99,99,99,99,1,0,0,3,30,1,28.000,1,1,2,2,9,1,0,0,9,0,0,9,0,0,0,0,1,1,1,1,1,1,0,0,0,9340,0,0,0,0,0,0,0,0,0
0.584000,36.40,41.365,24.820,406,244,72.000,71,71,18.000,39.000,55.000,298,136,218,160,99,99,99,99,99,99,1,0,0,3,30,1,28.000,1,1,2,2,9,1,0,0,9,0,0,9,0,0,0,0,1,1,1,1,1,1,0,0,0,9344,0,0,0,0,0,0,0,0,0
0.584250,36.50,41.382,24.820,407,244,72.000,71,71,18.000,39.000,55.000,298,136,218,160,99,99,99,99,99,99,1,0,0,3,30,1,28.000,1,1,2,2,9,1,0,0,9,0,0,9,0,0,0,0,1,1,1,1,1,1,0,0,0,9348,0,0,0,0,0,0,0,0,0
0.584500,36.61,41.400,24.820,407,245,72.000,71,71,18.000,39.000,55.000,298,136,218,160,99,99,99,99,99,99,1,0,0,3,30,1,28.000,1,1,2,2,9,1,0,0,9,0,0,9,0,0,0,0,1,1,1,1,1,1,0,0,0,9352,0,0,0,0,0,0,0,0,0
0.584750,36.72,41.417,24.820,408,245,72.000,71,71,18.000,39.000,55.000,298,136,218,160,99,99,99,99,99,99,1,0,0,3,30,1,28.000,1,1,2,2,9,1,0,0,9,0,0,9,0,0,0,0,1,1,1,1,1,1,0,0,0,9356,0,0,0,0,0,0,0,0,0
0.585000,36.83,41.434,24.870,408,245,72.000,71,71,18.000,39.000,55.000,299,136,218,160,99,99,99,99,99,99,1,0,0,3,30,1,28.000,1,1,2,2,9,1,0,0,9,0,0,9,0,0,0,0,1,1,1,1,1,1,0,0,0,9360,0,0,0,0,0,0,0,0,0
0.585250,36.94,41.450,24.870,409,246,72.000,71,71,18.000,39.000,55.000,299,137,220,160,100,100,100,100,100,100,1,0,0,3,30,1,28.000,1,1,2,2,9,1,0,0,9,0,0,9,0,0,0,0,1,1,1,1,1,1,0,0,0,9364,0,0,0,0,0,0,0,0,0
0.585500,37.04,41.467,24.870,409,246,72.000,71,71,18.000,39.000,55.000,299,137,220,160,100,100,100,100,100,100,1,0,0,3,30,1,28.000,1,1,2,2,9,1,0,0,9,0,0,9,0,0,0,0,1,1,1,1,1,1,0,0,0,9368,0,0,0,0,0,0,0,0,0
0.585750,37.15,41.483,24.870,410,246,72.000,71,71,18.000,39.000,55.000,299,137,220,160,100,100,100,100,100,100,1,0,0,3,30,1,28.000,1,1,2,2,9,1,0,0,9,0,0,9,0,0,0,0,1,1,1,1,1,1,0,0,0,9372,0,0,0,0,0,0,0,0,0
0.586000,37.26,41.499,24.870,410,247,72.000,71,71,18.000,39.000,55.000,299,138,221,160,100,100,100,100,100,100,1,0,0,3,30,1,28.000,1,1,2,2,9,1,0,0,9,0,0,9,0,0,0,0,1,1,1,1,1,1,0,0,0,9376,0,0,0,0,0,0,0,0,0
0.586250,37.37,41.515,24.870,411,247,72.000,71,71,18.000,39.000,55.000,299,138,221,160,100,100,100,100,100,100,1,0,0,3,30,1,28.000,1,1,2,2,9,1,0,0,9,0,0,9,0,0,0,0,1,1,1,1,1,1,0,0,0,9380,0,0,0,0,0,0,0,0,0
0.586500,37.48,41.531,24.930,411,247,72.000,71,71,18.000,39.000,55.000,299,138,221,160,100,100,100,100,100,100,1,0,0,3,30,1,28.000,1,1,2,2,9,1,0,0,9,0,0,9,0,0,0,0,1,1,1,1,1,1,0,0,0,9384,0,0,0,0,0,0,0,0,0
0.586750,37.58,41.546,24.930,412,248,72.000,71,71,18.000,39.000,55.000,299,138,222,160,101,101,101,101,101,101,1,0,0,3,30,1,28.000,1,1,3,3,10,1,0,0,10,0,0,10,0,0,0,0,1,1,1,1,1,1,0,0,0,9388,0,0,0,0,0,0,0,0,0
0.587000,37.69,41.562,24.930,412,248,72.000,71,71,18.000,39.000,55.000,299,138,222,160,101,101,101,101,101,101,1,0,0,3,30,1,28.000,1,1,3,3,10,1,0,0,10,0,0,10,0,0,0,0,1,1,1,1,1,1,0,0,0,9392,0,0,0,0,0,0,0,0,0
0.587250,37.80,41.577,24.930,413,248,72.000,71,71,18.000,39.000,55.000,299,138,222,160,101,101,101,101,101,101,1,0,0,3,30,1,28.000,1,1,3,3,10,1,0,0,10,0,0,10,0,0,0,0,1,1,1,1,1,1,0,0,0,9396,0,0,0,0,0,0,0,0,0
0.587500,37.91,41.592,24.930,413,249,72.000,71,71,18.000,39.000,55.000,299,139,223,160,101,101,101,101,101,101,1,0,0,3,30,1,28.000,1,1,3,3,10,1,0,0,10,0,0,10,0,0,0,0,1,1,1,1,1,1,0,0,0,9400,0,0,0,0,0,0,0,0,0
0.587750,38.02,41.607,24.980,414,249,72.000,71,71,18.000,39.000,55.000,300,139,223,160,101,101,101,101,101,101,1,0,0,3,30,1,28.000,1,1,3,3,10,1,0,0,10,0,0,10,0,0,0,0,1,1,1,1,1,1,0,0,0,9404,0,0,0,0,0,0,0,0,0
0.588000,38.12,41.622,24.980,414,249,72.000,71,71,18.000,39.000,55.000,300,139,223,160,101,101,101,101,101,101,1,0,0,3,30,1,28.000,1,1,3,3,10,1,0,0,10,0,0,10,0,0,0,0,1,1,1,1,1,1,0,0,0,9408,0,0,0,0,0,0,0,0,0
0.588250,38.23,41.636,24.980,415,250,72.000,71,71,18.000,39.000,55.000,300,140,224,160,102,102,102,102,102,102,1,0,0,3,30,1,28.000,1,1,3,3,10,1,0,0,10,0,0,10,0,0,0,0,1,1,1,1,1,1,0,0,0,9412,0,0,0,0,0,0,0,0,0
0.588500,38.34,41.651,24.980,415,250,72.000,71,71,18.000,39.000,55.000,300,140,224,160,102,102,102,102,102,102,1,0,0,3,30,1,28.000,1,1,3,3,10,1,0,0,10,0,0,10,0,0,0,0,1,1,1,1,1,1,0,0,0,9416,0,0,0,0,0,0,0,0,0
0.588750,38.45,41.665,24.980,416,251,72.000,71,71,18.000,39.000,55.000,300,140,225,160,102,102,102,102,102,102,1,0,0,3,30,1,28.000,1,1,3,3,10,1,0,0,10,0,0,10,0,0,0,0,1,1,1,1,1,1,0,0,0,9420,0,0,0,0,0,0,0,0,0
0.589000,38.56,41.679,24.980,416,251,72.000,71,71,18.000,39.000,55.000,300,140,225,160,102,102,102,102,102,102,1,0,0,3,30,1,28.000,1,1,3,3,10,1,0,0,10,0,0,10,0,0,0,0,1,1,1,1,1,1,0,0,0,9424,0,0,0,0,0,0,0,0,0
0.589250,38.66,41.693,24.980,417,251,72.000,71,71,18.000,39.000,55.000,300,140,225,160,102,102,102,102,102,102,1,0,0,3,30,1,28.000,1,1,3,3,10,1,0,0,10,0,0,10,0,0,0,0,1,1,1,1,1,1,0,0,0,9428,0,0,0,0,0,0,0,0,0
0.589500,38.77,41.706,25.040,417,252,72.000,71,71,18.000,39.000,55.000,301,141,226,160,103,103,103,103,103,103,1,0,0,3,30,1,28.000,1,1,3,3,10,1,0,0,10,0,0,10,0,0,0,0,1,1,1,1,1,1,0,0,0,9432,0,0,0,0,0,0,0,0,0
0.589750,38.88,41.720,25.040,418,252,72.000,71,71,18.000,39.000,55.000,301,141,226,160,103,103,103,103,103,103,1,0,0,3,30,1,28.000,1,1,3,3,10,1,0,0,10,0,0,10,0,0,0,0,1,1,1,1,1,1,0,0,0,9436,0,0,0,0,0,0,0,0,0
0.590000,38.99,41.733,25.040,418,252,72.000,71,71,18.000,39.000,55.000,301,141,226,160,103,103,103,103,103,103,1,0,0,3,30,1,28.000,1,1,3,3,10,1,0,0,10,0,0,10,0,0,0,0,1,1,1,1,1,1,0,0,0,9440,0,0,0,0,0,0,0,0,0
0.590250,39.10,41.746,25.040,419,253,72.000,71,71,18.000,39.000,55.000,301,142,227,160,103,103,103,103,103,103,1,0,0,3,30,1,28.000,1,1,3,3,10,1,0,0,10,0,0,10,0,0,0,0,1,1,1,1,1,1,0,0,0,9444,0,0,0,0,0,0,0,0,0
0.590500,39.20,41.759,25.040,419,253,72.000,71,71,18.000,39.000,55.000,301,142,227,160,103,103,103,103,103,103,1,0,0,3,30,1,28.000,1,1,3,3,10,1,0,0,10,0,0,10,0,0,0,0,1,1,1,1,1,1,0,0,0,9448,0,0,0,0,0,0,0,0,0
0.590750,39.31,41.772,25.040,420,253,72.000,71,71,18.000,39.000,55.000,301,142,227,160,103,103,103,103,103,103,1,0,0,3,30,1,28.000,1,1,3,3,10,1,0,0,10,0,0,10,0,0,0,0,1,1,1,1,1,1,0,0,0,9452,0,0,0,0,0,0,0,0,0
0.591000,39.42,41.784,25.040,420,254,72.000,71,71,18.000,39.000,55.000,301,142,228,160,104,104,104,104,104,104,1,0,0,3,30,1,28.000,1,1,3,3,10,1,0,0,10,0,0,10,0,0,0,0,1,1,1,1,1,1,0,0,0,9456,0,0,0,0,0,0,0,0,0
0.591250,39.53,41.797,25.090,421,254,72.000,71,71,18.000,39.000,55.000,301,142,228,160,104,104,104,104,104,104,1,0,0,3,30,1,28.000,1,1,3,3,10,1,0,0,10,0,0,10,0,0,0,0,1,1,1,1,1,1,0,0,0,9460,0,0,0,0,0,0,0,0,0
0.591500,39.64,41.809,25.090,421,254,72.000,71,71,18.000,39.000,55.000,301,142,228,160,104,104,104,104,104,104,1,0,0,3,30,1,28.000,1,1,3,3,10,1,0,0,10,0,0,10,0,0,0,0,1,1,1,1,1,1,0,0,0,9464,0,0,0,0,0,0,0,0,0
0.591750,39.74,41.821,25.090,422,255,72.000,71,71,18.000,39.000,55.000,301,143,229,160,104,104,104,104,104,104,1,0,0,3,30,1,28.000,1,1,3,3,10,1,0,0,10,0,0,10,0,0,0,0,1,1,1,1,1,1,0,0,0,9468,0,0,0,0,0,0,0,0,0
0.592000,39.85,41.833,25.090,422,255,72.000,71,71,18.000,39.000,55.000,301,143,229,160,104,104,104,104,104,104,1,0,0,3,30,1,28.000,1,1,3,3,10,1,0,0,10,0,0,10,0,0,0,0,1,1,1,1,1,1,0,0,0,9472,0,0,0,0,0,0,0,0,0
0.592250,39.96,41.844,25.090,423,255,72.000,71,71,18.000,39.000,55.000,301,143,229,160,104,104,104,104,104,104,1,0,0,3,30,1,28.000,1,1,3,3,10,1,0,0,10,0,0,10,0,0,0,0,1,1,1,1,1,1,0,0,0,9476,0,0,0,0,0,0,0,0,0
0.592500,40.07,41.856,25.090,423,256,72.000,71,71,18.000,39.000,55.000,301,144,230,160,105,105,105,105,105,105,1,0,0,3,30,1,28.000,1,1,3,3,10,1,0,0,10,0,0,10,0,0,0,0,1,1,1,1,1,1,0,0,0,9480,0,0,0,0,0,0,0,0,0
0.592750,40.18,41.867,25.090,423,256,72.000,71,71,18.000,39.000,55.000,301,144,230,160,105,105,105,105,105,105,1,0,0,3,30,1,28.000,1,1,3,3,10,1,0,0,10,0,0,10,0,0,0,0,1,1,1,1,1,1,0,0,0,9484,0,0,0,0,0,0,0,0,0
0.593000,40.28,41.878,25.150,424,256,72.000,71,71,18.000,39.000,55.000,302,144,230,160,105,105,105,105,105,105,1,0,0,3,30,1,28.000,1,1,3,3,10,1,0,0,10,0,0,10,0,0,0,0,1,1,1,1,1,1,0,0,0,9488,0,0,0,0,0,0,0,0,0
0.593250,40.39,41.889,25.150,424,257,72.000,71,71,18.000,39.000,55.000,302,144,231,160,105,105,105,105,105,105,1,0,0,3,30,1,28.000,1,1,3,3,10,1,0,0,10,0,0,10,0,0,0,0,1,1,1,1,1,1,0,0,0,9492,0,0,0,0,0,0,0,0,0
0.593500,40.50,41.900,25.150,425,257,72.000,71,71,18.000,39.000,55.000,302,144,231,160,105,105,105,105,105,105,1,0,0,3,30,1,28.000,1,1,3,3,10,1,0,0,10,0,0,10,0,0,0,0,1,1,1,1,1,1,0,0,0,9496,0,0,0,0,0,0,0,0,0
0.593750,40.61,41.910,25.150,425,257,72.000,71,71,18.000,39.000,55.000,302,144,231,160,105,105,105,105,105,105,1,0,0,3,30,1,28.000,1,1,3,3,10,1,0,0,10,0,0,10,0,0,0,0,1,1,1,1,1,1,0,0,0,9500,0,0,0,0,0,0,0,0,0
0.594000,40.72,41.921,25.150,426,258,72.000,71,71,18.000,39.000,55.000,302,145,232,160,106,106,106,106,106,106,1,0,0,3,30,1,28.000,1,1,3,3,10,1,0,0,10,0,0,10,0,0,0,0,1,1,1,1,1,1,0,0,0,9504,0,0,0,0,0,0,0,0,0
0.594250,40.82,41.931,25.150,426,258,72.000,71,71,18.000,39.000,55.000,302,145,232,160,106,106,106,106,106,106,1,0,0,3,30,1,28.000,1,1,3,3,10,1,0,0,10,0,0,10,0,0,0,0,1,1,1,1,1,1,0,0,0,9508,0,0,0,0,0,0,0,0,0
0.594500,40.93,41.941,25.150,427,258,72.000,71,71,18.000,39.000,55.000,302,145,232,160,106,106,106,106,106,106,1,0,0,3,30,1,28.000,1,1,3,3,10,1,0,0,10,0,0,10,0,0,0,0,1,1,1,1,1,1,0,0,0,9512,0,0,0,0,0,0,0,0,0
0.594750,41.04,41.951,25.150,427,259,72.000,71,71,18.000,39.000,55.000,302,146,233,160,106,106,106,106,106,106,1,0,0,3,30,1,28.000,1,1,3,3,10,1,0,0,10,0,0,10,0,0,0,0,1,1,1,1,1,1,0,0,0,9516,0,0,0,0,0,0,0,0,0
0.595000,41.15,41.960,25.150,427,259,72.000,71,71,18.000,39.000,55.000,302,146,233,160,106,106,106,106,106,106,1,0,0,3,30,1,28.000,1,1,3,3,10,1,0,0,10,0,0,10,0,0,0,0,1,1,1,1,1,1,0,0,0,9520,0,0,0,0,0,0,0,0,0
0.595250,41.26,41.970,25.150,428,260,72.000,71,71,18.000,39.000,55.000,302,146,234,160,107,107,107,107,107,107,1,0,0,3,30,1,28.000,1,1,1,1,11,1,0,0,11,0,0,11,0,0,0,0,1,1,1,1,1,1,0,0,0,9524,0,0,0,0,0,0,0,0,0
0.595500,41.36,41.979,25.200,428,260,72.000,71,71,18.000,39.000,55.000,303,146,234,160,107,107,107,107,107,107,1,0,0,3,30,1,28.000,1,1,1,1,11,1,0,0,11,0,0,11,0,0,0,0,1,1,1,1,1,1,0,0,0,9528,0,0,0,0,0,0,0,0,0
0.595750,41.47,41.988,25.200,429,260,72.000,71,71,18.000,39.000,55.000,303,146,234,160,107,107,107,107,107,107,1,0,0,3,30,1,28.000,1,1,1,1,11,1,0,0,11,0,0,11,0,0,0,0,1,1,1,1,1,1,0,0,0,9532,0,0,0,0,0,0,0,0,0
0.596000,41.58,41.997,25.200,429,261,72.000,71,71,18.000,39.000,55.000,303,147,235,160,107,107,107,107,107,107,1,0,0,3,30,1,28.000,1,1,1,1,11,1,0,0,11,0,0,11,0,0,0,0,1,1,1,1,1,1,0,0,0,9536,0,0,0,0,0,0,0,0,0
0.596250,41.69,42.006,25.200,430,261,72.000,71,71,18.000,39.000,55.000,303,147,235,160,107,107,107,107,107,107,1,0,0,3,30,1,28.000,1,1,1,1,11,1,0,0,11,0,0,11,0,0,0,0,1,1,1,1,1,1,0,0,0,9540,0,0,0,0,0,0,0,0,0
0.596500,41.80,42.014,25.200,430,261,72.000,71,71,18.000,39.000,55.000,303,147,235,160,107,107,107,107,107,107,1,0,0,3,30,1,28.000,1,1,1,1,11,1,0,0,11,0,0,11,0,0,0,0,1,1,1,1,1,1,0,0,0,9544,0,0,0,0,0,0,0,0,0
0.596750,41.90,42.023,25.200,430,262,72.000,71,71,18.000,39.000,55.000,303,148,236,160,108,108,108,108,108,108,1,0,0,3,30,1,28.000,1,1,1,1,11,1,0,0,11,0,0,11,0,0,0,0,1,1,1,1,1,1,0,0,0,9548,0,0,0,0,0,0,0,0,0
0.597000,42.01,42.031,25.200,431,262,72.000,71,71,18.000,39.000,55.000,303,148,236,160,108,108,108,108,108,108,1,0,0,3,30,1,28.000,1,1,1,1,11,1,0,0,11,0,0,11,0,0,0,0,1,1,1,1,1,1,0,0,0,9552,0,0,0,0,0,0,0,0,0
0.597250,42.12,42.039,25.200,431,262,72.000,71,71,18.000,39.000,55.000,303,148,236,160,108,108,108,108,108,108,1,0,0,3,30,1,28.000,1,1,1,1,11,1,0,0,11,0,0,11,0,0,0,0,1,1,1,1,1,1,0,0,0,9556,0,0,0,0,0,0,0,0,0
0.597500,42.23,42.047,25.200,432,263,72.000,71,71,18.000,39.000,55.000,303,148,237,160,108,108,108,108,108,108,1,0,0,3,30,1,28.000,1,1,1,1,11,1,0,0,11,0,0,11,0,0,0,0,1,1,1,1,1,1,0,0,0,9560,0,0,0,0,0,0,0,0,0
0.597750,42.34,42.054,25.260,432,263,72.000,71,71,18.000,39.000,55.000,303,148,237,160,108,108,108,108,108,108,1,0,0,3,30,1,28.000,1,1,1,1,11,1,0,0,11,0,0,11,0,0,0,0,1,1,1,1,1,1,0,0,0,9564,0,0,0,0,0,0,0,0,0
0.598000,42.44,42.062,25.260,433,263,72.000,71,71,18.000,39.000,55.000,303,148,237,160,108,108,108,108,108,108,1,0,0,3,30,1,28.000,1,1,1,1,11,1,0,0,11,0,0,11,0,0,0,0,1,1,1,1,1,1,0,0,0,9568,0,0,0,0,0,0,0,0,0
0.598250,42.55,42.069,25.260,433,264,72.000,71,71,18.000,39.000,55.000,303,149,239,160,109,109,109,109,109,109,1,0,0,3,30,1,28.000,1,1,1,1,11,1,0,0,11,0,0,11,0,0,0,0,1,1,1,1,1,1,0,0,0,9572,0,0,0,0,0,0,0,0,0
0.598500,42.66,42.076,25.260,433,264,72.000,71,71,18.000,39.000,55.000,303,149,239,160,109,109,109,109,109,109,1,0,0,3,30,1,28.000,1,1,1,1,11,1,0,0,11,0,0,11,0,0,0,0,1,1,1,1,1,1,0,0,0,9576,0,0,0,0,0,0,0,0,0
0.598750,42.77,42.083,25.260,434,264,72.000,71,71,18.000,39.000,55.000,303,149,239,160,109,109,109,109,109,109,1,0,0,3,30,1,28.000,1,1,1,1,11,1,0,0,11,0,0,11,0,0,0,0,1,1,1,1,1,1,0,0,0,9580,0,0,0,0,0,0,0,0,0
0.599000,42.88,42.090,25.260,434,265,72.000,71,71,18.000,39.000,55.000,303,149,239,160,109,109,109,109,109,109,1,0,0,3,30,1,28.000,1,1,1,1,11,1,0,0,11,0,0,11,0,0,0,0,1,1,1,1,1,1,0,0,0,9584,0,0,0,0,0,0,0,0,0
0.599250,42.98,42.096,25.260,435,265,72.000,71,71,18.000,39.000,55.000,303,149,239,160,109,109,109,109,109,109,1,0,0,3,30,1,28.000,1,1,1,1,11,1,0,0,11,0,0,11,0,0,0,0,1,1,1,1,1,1,0,0,0,9588,0,0,0,0,0,0,0,0,0
0.599500,43.09,42.102,25.260,435,266,72.000,71,71,18.000,39.000,55.000,303,150,241,160,109,109,109,109,109,109,1,0,0,3,30,1,28.000,1,1,1,1,11,1,0,0,11,0,0,11,0,0,0,0,1,1,1,1,1,1,0,0,0,9592,0,0,0,0,0,0,0,0,0
0.599750,43.20,42.109,25.260,435,266,72.000,71,71,18.000,39.000,55.000,303,150,241,160,109,109,109,109,109,109,1,0,0,3,30,1,28.000,1,1,1,1,11,1,0,0,11,0,0,11,0,0,0,0,1,1,1,1,1,1,0,0,0,9596,0,0,0,0,0,0,0,0,0
0.600000,43.31,42.114,25.260,436,266,72.000,71,71,18.000,39.000,55.000,303,150,241,160,109,109,109,109,109,109,1,0,0,3,30,1,28.000,1,1,1,1,11,1,0,0,11,0,0,11,0,0,0,0,1,1,1,1,1,1,0,0,0,9600,0,0,0,0,0,0,0,0,0
0.600250,43.42,42.120,25.260,436,267,72.000,71,71,18.000,39.000,55.000,303,151,242,160,110,110,110,110,110,110,1,0,0,3,30,1,28.000,1,1,1,1,11,1,0,0,11,0,0,11,0,0,0,0,1,1,1,1,1,1,0,0,0,9604,0,0,0,0,0,0,0,0,0
0.600500,43.52,42.126,25.260,437,267,72.000,71,71,18.000,39.000,55.000,303,151,242,160,110,110,110,110,110,110,1,0,0,3,30,1,28.000,1,1,1,1,11,1,0,0,11,0,0,11,0,0,0,0,1,1,1,1,1,1,0,0,0,9608,0,0,0,0,0,0,0,0,0
0.600750,43.63,42.131,25.260,437,267,72.000,71,71,18.000,39.000,55.000,303,151,242,160,110,110,110,110,110,110,1,0,0,3,30,1,28.000,1,1,1,1,11,1,0,0,11,0,0,11,0,0,0,0,1,1,1,1,1,1,0,0,0,9612,0,0,0,0,0,0,0,0,0
0.601000,43.74,42.137,25.260,437,268,72.000,71,71,18.000,39.000,55.000,303,152,243,160,110,110,110,110,110,110,1,0,0,3,30,1,28.000,1,1,1,1,11,1,0,0,11,0,0,11,0,0,0,0,1,1,1,1,1,1,0,0,0,9616,0,0,0,0,0,0,0,0,0
0.601250,43.85,42.142,25.260,438,268,72.000,71,71,18.000,39.000,55.000,303,152,243,160,110,110,110,110,110,110,1,0,0,3,30,1,28.000,1,1,1,1,11,1,0,0,11,0,0,11,0,0,0,0,1,1,1,1,1,1,0,0,0,9620,0,0,0,0,0,0,0,0,0
0.601500,43.96,42.146,25.260,438,268,72.000,71,71,18.000,39.000,55.000,303,152,243,160,110,110,110,110,110,110,1,0,0,3,30,1,28.000,1,1,1,1,11,1,0,0,11,0,0,11,0,0,0,0,1,1,1,1,1,1,0,0,0,9624,0,0,0,0,0,0,0,0,0
0.601750,44.06,42.151,25.260,438,269,72.000,71,71,18.000,39.000,55.000,303,152,244,160,111,111,111,111,111,111,1,0,0,3,30,1,28.000,1,1,1,1,11,1,0,0,11,0,0,11,0,0,0,0,1,1,1,1,1,1,0,0,0,9628,0,0,0,0,0,0,0,0,0
0.602000,44.17,42.156,25.310,439,269,72.000,71,71,18.000,39.000,55.000,304,152,244,160,111,111,111,111,111,111,1,0,0,3,30,1,28.000,1,1,1,1,11,1,0,0,11,0,0,11,0,0,0,0,1,1,1,1,1,1,0,0,0,9632,0,0,0,0,0,0,0,0,0
0.602250,44.28,42.160,25.310,439,269,72.000,71,71,18.000,39.000,55.000,304,152,244,160,111,111,111,111,111,111,1,0,0,3,30,1,28.000,1,1,1,1,11,1,0,0,11,0,0,11,0,0,0,0,1,1,1,1,1,1,0,0,0,9636,0,0,0,0,0,0,0,0,0
0.602500,44.39,42.164,25.310,439,270,72.000,71,71,18.000,39.000,55.000,304,153,245,160,111,111,111,111,111,111,1,0,0,3,30,1,28.000,1,1,1,1,11,1,0,0,11,0,0,11,0,0,0,0,1,1,1,1,1,1,0,0,0,9640,0,0,0,0,0,0,0,0,0
0.602750,44.50,42.168,25.310,440,270,72.000,71,71,18.000,39.000,55.000,304,153,245,160,111,111,111,111,111,111,1,0,0,3,30,1,28.000,1,1,1,1,11,1,0,0,11,0,0,11,0,0,0,0,1,1,1,1,1,1,0,0,0,9644,0,0,0,0,0,0,0,0,0
0.603000,44.60,42.172,25.310,440,270,72.000,71,71,18.000,39.000,55.000,304,153,245,160,111,111,111,111,111,111,1,0,0,3,30,1,28.000,1,1,1,1,11,1,0,0,11,0,0,11,0,0,0,0,1,1,1,1,1,1,0,0,0,9648,0,0,0,0,0,0,0,0,0
0.603250,44.71,42.175,25.310,441,271,72.000,71,71,18.000,39.000,55.000,304,153,246,160,112,112,112,112,112,112,1,0,0,3,30,1,28.000,1,1,1,1,11,1,0,0,11,0,0,11,0,0,0,0,1,1,1,1,1,1,0,0,0,9652,0,0,0,0,0,0,0,0,0
0.603500,44.82,42.179,25.310,441,271,72.000,71,71,18.000,39.000,55.000,304,153,246,160,112,112,112,112,112,112,1,0,0,3,30,1,28.000,1,1,1,1,11,1,0,0,11,0,0,11,0,0,0,0,1,1,1,1,1,1,0,0,0,9656,0,0,0,0,0,0,0,0,0
0.603750,44.93,42.182,25.310,441,271,72.000,71,71,18.000,39.000,55.000,304,153,246,160,112,112,112,112,112,112,1,0,0,3,30,1,28.000,1,1,1,1,11,1,0,0,11,0,0,11,0,0,0,0,1,1,1,1,1,1,0,0,0,9660,0,0,0,0,0,0,0,0,0
0.604000,45.04,42.185,25.310,442,272,72.000,71,71,18.000,39.000,55.000,304,154,247,160,112,112,112,112,112,112,1,0,0,3,30,1,28.000,1,1,0,0,12,1,0,0,12,0,0,12,0,0,0,0,1,1,1,1,1,1,0,0,0,9664,0,0,0,0,0,0,0,0,0
0.604250,45.14,42.188,25.310,442,272,72.000,71,71,18.000,39.000,55.000,304,154,247,160,112,112,112,112,112,112,1,0,0,3,30,1,28.000,1,1,0,0,12,1,0,0,12,0,0,12,0,0,0,0,1,1,1,1,1,1,0,0,0,9668,0,0,0,0,0,0,0,0,0
0.604500,45.25,42.190,25.310,442,273,72.000,71,71,18.000,39.000,55.000,304,155,248,160,113,113,113,113,113,113,1,0,0,3,30,1,28.000,1,1,0,0,12,1,0,0,12,0,0,12,0,0,0,0,1,1,1,1,1,1,0,0,0,9672,0,0,0,0,0,0,0,0,0
0.604750,45.36,42.193,25.310,443,273,72.000,71,71,18.000,39.000,55.000,304,155,248,160,113,113,113,113,113,113,1,0,0,3,30,1,28.000,1,1,0,0,12,1,0,0,12,0,0,12,0,0,0,0,1,1,1,1,1,1,0,0,0,9676,0,0,0,0,0,0,0,0,0
0.605000,45.47,42.195,25.310,443,273,72.000,71,71,18.000,39.000,55.000,304,155,248,160,113,113,113,113,113,113,1,0,0,3,30,1,28.000,1,1,0,0,12,1,0,0,12,0,0,12,0,0,0,0,1,1,1,1,1,1,0,0,0,9680,0,0,0,0,0,0,0,0,0
0.605250,45.58,42.197,25.310,443,274,72.000,71,71,18.000,39.000,55.000,304,155,249,160,113,113,113,113,113,113,1,0,0,3,30,1,28.000,1,1,0,0,12,1,0,0,12,0,0,12,0,0,0,0,1,1,1,1,1,1,0,0,0,9684,0,0,0,0,0,0,0,0,0
0.605500,45.68,42.199,25.310,444,274,72.000,71,71,18.000,39.000,55.000,304,155,249,160,113,113,113,113,113,113,1,0,0,3,30,1,28.000,1,1,0,0,12,1,0,0,12,0,0,12,0,0,0,0,1,1,1,1,1,1,0,0,0,9688,0,0,0,0,0,0,0,0,0
0.605750,45.79,42.201,25.310,444,274,72.000,71,71,18.000,39.000,55.000,304,155,249,160,113,113,113,113,113,113,1,0,0,3,30,1,28.000,1,1,0,0,12,1,0,0,12,0,0,12,0,0,0,0,1,1,1,1,1,1,0,0,0,9692,0,0,0,0,0,0,0,0,0
0.606000,45.90,42.202,25.310,444,275,72.000,71,71,18.000,39.000,55.000,304,156,250,160,114,114,114,114,114,114,1,0,0,3,30,1,28.000,1,1,0,0,12,1,0,0,12,0,0,12,0,0,0,0,1,1,1,1,1,1,0,0,0,9696,0,0,0,0,0,0,0,0,0
0.606250,46.01,42.204,25.310,445,275,72.000,71,71,18.000,39.000,55.000,304,156,250,160,114,114,114,114,114,114,1,0,0,3,30,1,28.000,1,1,0,0,12,1,0,0,12,0,0,12,0,0,0,0,1,1,1,1,1,1,0,0,0,9700,0,0,0,0,0,0,0,0,0
0.606500,46.12,42.205,25.310,445,275,72.000,71,71,18.000,39.000,55.000,304,156,250,160,114,114,114,114,114,114,1,0,0,3,30,1,28.000,1,1,0,0,12,1,0,0,12,0,0,12,0,0,0,0,1,1,1,1,1,1,0,0,0,9704,0,0,0,0,0,0,0,0,0
0.606750,46.22,42.206,25.310,445,276,72.000,71,71,18.000,39.000,55.000,304,157,251,160,114,114,114,114,114,114,1,0,0,3,30,1,28.000,1,1,0,0,12,1,0,0,12,0,0,12,0,0,0,0,1,1,1,1,1,1,0,0,0,9708,0,0,0,0,0,0,0,0,0
0.607000,46.33,42.207,25.310,446,276,72.000,71,71,18.000,39.000,55.000,304,157,251,160,114,114,114,114,114,114,1,0,0,3,30,1,28.000,1,1,0,0,12,1,0,0,12,0,0,12,0,0,0,0,1,1,1,1,1,1,0,0,0,9712,0,0,0,0,0,0,0,0,0
0.607250,46.44,42.207,25.310,446,276,72.000,71,71,18.000,39.000,55.000,304,157,251,160,114,114,114,114,114,114,1,0,0,3,30,1,28.000,1,1,0,0,12,1,0,0,12,0,0,12,0,0,0,0,1,1,1,1,1,1,0,0,0,9716,0,0,0,0,0,0,0,0,0
0.607500,46.55,42.208,25.310,446,277,72.000,71,71,18.000,39.000,55.000,304,157,252,160,115,115,115,115,115,115,1,0,0,3,30,1,28.000,1,1,0,0,12,1,0,0,12,0,0,12,0,0,0,0,1,1,1,1,1,1,0,0,0,9720,0,0,0,0,0,0,0,0,0
0.607750,46.66,42.208,25.310,447,277,72.000,71,71,18.000,39.000,55.000,304,157,252,160,115,115,115,115,115,115,1,0,0,3,30,1,28.000,1,1,0,0,12,1,0,0,12,0,0,12,0,0,0,0,1,1,1,1,1,1,0,0,0,9724,0,0,0,0,0,0,0,0,0
0.608000,46.76,42.208,25.310,447,277,72.000,71,71,18.000,39.000,55.000,304,157,252,160,115,115,115,115,115,115,1,0,0,3,30,1,28.000,1,1,0,0,12,1,0,0,12,0,0,12,0,0,0,0,1,1,1,1,1,1,0,0,0,9728,0,0,0,0,0,0,0,0,0
0.608250,46.87,42.208,25.310,447,278,72.000,71,71,18.000,39.000,55.000,304,158,253,160,115,115,115,115,115,115,1,0,0,3,30,1,28.000,1,1,0,0,12,1,0,0,12,0,0,12,0,0,0,0,1,1,1,1,1,1,0,0,0,9732,0,0,0,0,0,0,0,0,0
0.608500,46.98,42.208,25.310,448,278,72.000,71,71,18.000,39.000,55.000,304,158,253,160,115,115,115,115,115,115,1,0,0,3,30,1,28.000,1,1,0,0,12,1,0,0,12,0,0,12,0,0,0,0,1,1,1,1,1,1,0,0,0,9736,0,0,0,0,0,0,0,0,0
0.608750,47.09,42.207,25.310,448,279,72.000,71,71,18.000,39.000,55.000,304,159,254,160,116,116,116,116,116,116,1,0,0,3,30,1,28.000,1,1,0,0,12,1,0,0,12,0,0,12,0,0,0,0,1,1,1,1,1,1,0,0,0,9740,0,0,0,0,0,0,0,0,0
0.609000,47.20,42.206,25.310,448,279,72.000,71,71,18.000,39.000,55.000,304,159,254,160,116,116,116,116,116,116,1,0,0,3,30,1,28.000,1,1,0,0,12,1,0,0,12,0,0,12,0,0,0,0,1,1,1,1,1,1,0,0,0,9744,0,0,0,0,0,0,0,0,0
0.609250,47.30,42.206,25.310,449,279,72.000,71,71,18.000,39.000,55.000,304,159,254,160,116,116,116,116,116,116,1,0,0,3,30,1,28.000,1,1,0,0,12,1,0,0,12,0,0,12,0,0,0,0,1,1,1,1,1,1,0,0,0,9748,0,0,0,0,0,0,0,0,0
0.609500,47.41,42.205,25.310,449,280,72.000,71,71,18.000,39.000,55.000,304,159,255,160,116,116,116,116,116,116,1,0,0,3,30,1,28.000,1,1,0,0,12,1,0,0,12,0,0,12,0,0,0,0,1,1,1,1,1,1,0,0,0,9752,0,0,0,0,0,0,0,0,0
0.609750,47.52,42.203,25.310,449,280,72.000,71,71,18.000,39.000,55.000,304,159,255,160,116,116,116,116,116,116,1,0,0,3,30,1,28.000,1,1,0,0,12,1,0,0,12,0,0,12,0,0,0,0,1,1,1,1,1,1,0,0,0,9756,0,0,0,0,0,0,0,0,0
0.610000,47.63,42.202,25.310,449,280,72.000,71,71,18.000,39.000,55.000,304,159,255,160,116,116,116,116,116,116,1,0,0,3,30,1,28.000,1,1,0,0,12,1,0,0,12,0,0,12,0,0,0,0,1,1,1,1,1,1,0,0,0,9760,0,0,0,0,0,0,0,0,0
0.610250,47.74,42.200,25.310,450,281,72.000,71,71,18.000,39.000,55.000,304,160,256,160,117,117,117,117,117,117,1,0,0,3,30,1,28.000,1,1,0,0,12,1,0,0,12,0,0,12,0,0,0,0,1,1,1,1,1,1,0,0,0,9764,0,0,0,0,0,0,0,0,0
0.610500,47.84,42.199,25.310,450,281,72.000,71,71,18.000,39.000,55.000,304,160,256,160,117,117,117,117,117,117,1,0,0,3,30,1,28.000,1,1,0,0,12,1,0,0,12,0,0,12,0,0,0,0,1,1,1,1,1,1,0,0,0,9768,0,0,0,0,0,0,0,0,0
0.610750,47.95,42.197,25.310,450,281,72.000,71,71,18.000,39.000,55.000,304,160,256,160,117,117,117,117,117,117,1,0,0,3,30,1,28.000,1,1,0,0,12,1,0,0,12,0,0,12,0,0,0,0,1,1,1,1,1,1,0,0,0,9772,0,0,0,0,0,0,0,0,0
0.611000,48.06,42.194,25.310,451,282,72.000,71,71,18.000,39.000,55.000,304,161,257,160,117,117,117,117,117,117,1,0,0,3,30,1,28.000,1,1,0,0,12,1,0,0,12,0,0,12,0,0,0,0,1,1,1,1,1,1,0,0,0,9776,0,0,0,0,0,0,0,0,0
0.611250,48.17,42.192,25.310,451,282,72.000,71,71,18.000,39.000,55.000,304,161,257,160,117,117,117,117,117,117,1,0,0,3,30,1,28.000,1,1,0,0,12,1,0,0,12,0,0,12,0,0,0,0,1,1,1,1,1,1,0,0,0,9780,0,0,0,0,0,0,0,0,0
0.611500,48.28,42.190,25.310,451,282,72.000,71,71,18.000,39.000,55.000,304,161,257,160,117,117,117,117,117,117,1,0,0,3,30,1,28.000,1,1,0,0,12,1,0,0,12,0,0,12,0,0,0,0,1,1,1,1,1,1,0,0,0,9784,0,0,0,0,0,0,0,0,0
0.611750,48.38,42.187,25.310,451,283,72.000,71,71,18.000,39.000,55.000,304,161,258,160,118,118,118,118,118,118,1,0,0,3,30,1,28.000,1,1,0,0,12,1,0,0,12,0,0,12,0,0,0,0,1,1,1,1,1,1,0,0,0,9788,0,0,0,0,0,0,0,0,0
0.612000,48.49,42.184,25.310,452,283,72.000,71,71,18.000,39.000,55.000,304,161,258,160,118,118,118,118,118,118,1,0,0,3,30,1,28.000,1,1,0,0,12,1,0,0,12,0,0,12,0,0,0,0,1,1,1,1,1,1,0,0,0,9792,0,0,0,0,0,0,0,0,0
0.612250,48.60,42.181,25.310,452,283,72.000,71,71,18.000,39.000,55.000,304,161,258,160,118,118,118,118,118,118,1,0,0,3,30,1,28.000,1,1,0,0,12,1,0,0,12,0,0,12,0,0,0,0,1,1,1,1,1,1,0,0,0,9796,0,0,0,0,0,0,0,0,0
0.612500,48.71,42.178,25.310,452,284,72.000,71,71,18.000,39.000,55.000,304,162,259,160,118,118,118,118,118,118,1,0,0,3,30,1,28.000,1,1,0,0,12,1,0,0,12,0,0,12,0,0,0,0,1,1,1,1,1,1,0,0,0,9800,0,0,0,0,0,0,0,0,0
0.612750,48.82,42.174,25.310,453,284,72.000,71,71,18.000,39.000,55.000,304,162,259,160,118,118,118,118,118,118,1,0,0,3,30,1,28.000,1,1,2,2,13,1,0,0,13,0,0,13,0,0,0,0,1,1,1,1,1,1,0,0,0,9804,0,0,0,0,0,0,0,0,0
0.613000,48.92,42.171,25.310,453,284,72.000,71,71,18.000,39.000,55.000,304,162,259,160,118,118,118,118,118,118,1,0,0,3,30,1,28.000,1,1,2,2,13,1,0,0,13,0,0,13,0,0,0,0,1,1,1,1,1,1,0,0,0,9808,0,0,0,0,0,0,0,0,0
0.613250,49.03,42.167,25.310,453,285,72.000,71,71,18.000,39.000,55.000,304,163,260,160,119,119,119,119,119,119,1,0,0,3,30,1,28.000,1,1,2,2,13,1,0,0,13,0,0,13,0,0,0,0,1,1,1,1,1,1,0,0,0,9812,0,0,0,0,0,0,0,0,0
0.613500,49.14,42.163,25.310,453,285,72.000,71,71,18.000,39.000,55.000,304,163,260,160,119,119,119,119,119,119,1,0,0,3,30,1,28.000,1,1,2,2,13,1,0,0,13,0,0,13,0,0,0,0,1,1,1,1,1,1,0,0,0,9816,0,0,0,0,0,0,0,0,0
0.613750,49.25,42.159,25.310,454,286,72.000,71,71,18.000,39.000,55.000,304,163,262,160,119,119,119,119,119,119,1,0,0,3,30,1,28.000,1,1,2,2,13,1,0,0,13,0,0,13,0,0,0,0,1,1,1,1,1,1,0,0,0,9820,0,0,0,0,0,0,0,0,0
0.614000,49.36,42.154,25.310,454,286,72.000,71,71,18.000,39.000,55.000,304,163,262,160,119,119,119,119,119,119,1,0,0,3,30,1,28.000,1,1,2,2,13,1,0,0,13,0,0,13,0,0,0,0,1,1,1,1,1,1,0,0,0,9824,0,0,0,0,0,0,0,0,0
0.614250,49.46,42.150,25.260,454,286,72.000,71,71,18.000,39.000,55.000,303,163,262,160,119,119,119,119,119,119,1,0,0,3,30,1,28.000,1,1,2,2,13,1,0,0,13,0,0,13,0,0,0,0,1,1,1,1,1,1,0,0,0,9828,0,0,0,0,0,0,0,0,0
0.614500,49.57,42.145,25.260,454,287,72.000,71,71,18.000,39.000,55.000,303,164,263,160,120,120,120,120,120,120,1,0,0,3,30,1,28.000,1,1,2,2,13,1,0,0,13,0,0,13,0,0,0,0,1,1,1,1,1,1,0,0,0,9832,0,0,0,0,0,0,0,0,0
0.614750,49.68,42.140,25.260,455,287,72.000,71,71,18.000,39.000,55.000,303,164,263,160,120,120,120,120,120,120,1,0,0,3,30,1,28.000,1,1,2,2,13,1,0,0,13,0,0,13,0,0,0,0,1,1,1,1,1,1,0,0,0,9836,0,0,0,0,0,0,0,0,0
0.615000,49.79,42.135,25.260,455,287,72.000,71,71,18.000,39.000,55.000,303,164,263,160,120,120,120,120,120,120,1,0,0,3,30,1,28.000,1,1,2,2,13,1,0,0,13,0,0,13,0,0,0,0,1,1,1,1,1,1,0,0,0,9840,0,0,0,0,0,0,0,0,0
0.615250,49.90,42.130,25.260,455,288,72.000,71,71,18.000,39.000,55.000,303,165,264,160,120,120,120,120,120,120,1,0,0,3,30,1,28.000,1,1,2,2,13,1,0,0,13,0,0,13,0,0,0,0,1,1,1,1,1,1,0,0,0,9844,0,0,0,0,0,0,0,0,0
0.615500,50.00,42.124,25.260,455,288,72.000,71,71,18.000,39.000,55.000,303,165,264,160,120,120,120,120,120,120,1,0,0,3,30,1,28.000,1,1,2,2,13,1,0,0,13,0,0,13,0,0,0,0,1,1,1,1,1,1,0,0,0,9848,0,0,0,0,0,0,0,0,0
0.615750,50.11,42.119,25.260,456,288,72.000,71,71,18.000,39.000,55.000,303,165,264,160,120,120,120,120,120,120,1,0,0,3,30,1,28.000,1,1,2,2,13,1,0,0,13,0,0,13,0,0,0,0,1,1,1,1,1,1,0,0,0,9852,0,0,0,0,0,0,0,0,0
0.616000,50.22,42.113,25.260,456,289,72.000,71,71,18.000,39.000,55.000,303,165,265,160,120,120,120,120,120,120,1,0,0,3,30,1,28.000,1,1,2,2,13,1,0,0,13,0,0,13,0,0,0,0,1,1,1,1,1,1,0,0,0,9856,0,0,0,0,0,0,0,0,0
0.616250,50.33,42.107,25.260,456,289,72.000,71,71,18.000,39.000,55.000,303,165,265,160,120,120,120,120,120,120,1,0,0,3,30,1,28.000,1,1,2,2,13,1,0,0,13,0,0,13,0,0,0,0,1,1,1,1,1,1,0,0,0,9860,0,0,0,0,0,0,0,0,0
0.616500,50.44,42.101,25.260,456,289,72.000,71,71,18.000,39.000,55.000,303,165,265,160,120,120,120,120,120,120,1,0,0,3,30,1,28.000,1,1,2,2,13,1,0,0,13,0,0,13,0,0,0,0,1,1,1,1,1,1,0,0,0,9864,0,0,0,0,0,0,0,0,0
0.616750,50.54,42.094,25.260,457,290,72.000,71,71,18.000,39.000,55.000,303,166,266,160,121,121,121,121,121,121,1,0,0,3,30,1,28.000,1,1,2,2,13,1,0,0,13,0,0,13,0,0,0,0,1,1,1,1,1,1,0,0,0,9868,0,0,0,0,0,0,0,0,0
0.617000,50.65,42.088,25.260,457,290,72.000,71,71,18.000,39.000,55.000,303,166,266,160,121,121,121,121,121,121,1,0,0,3,30,1,28.000,1,1,2,2,13,1,0,0,13,0,0,13,0,0,0,0,1,1,1,1,1,1,0,0,0,9872,0,0,0,0,0,0,0,0,0
0.617250,50.76,42.081,25.260,457,290,72.000,71,71,18.000,39.000,55.000,303,166,266,160,121,121,121,121,121,121,1,0,0,3,30,1,28.000,1,1,2,2,13,1,0,0,13,0,0,13,0,0,0,0,1,1,1,1,1,1,0,0,0,9876,0,0,0,0,0,0,0,0,0
0.617500,50.87,42.074,25.260,457,291,72.000,71,71,18.000,39.000,55.000,303,167,267,160,121,121,121,121,121,121,1,0,0,3,30,1,28.000,1,1,2,2,13,1,0,0,13,0,0,13,0,0,0,0,1,1,1,1,1,1,0,0,0,9880,0,0,0,0,0,0,0,0,0
0.617750,50.98,42.067,25.260,458,291,72.000,71,71,18.000,39.000,55.000,303,167,267,160,121,121,121,121,121,121,1,0,0,3,30,1,28.000,1,1,2,2,13,1,0,0,13,0,0,13,0,0,0,0,1,1,1,1,1,1,0,0,0,9884,0,0,0,0,0,0,0,0,0
0.618000,51.08,42.060,25.260,458,291,72.000,71,71,18.000,39.000,55.000,303,167,267,160,121,121,121,121,121,121,1,0,0,3,30,1,28.000,1,1,2,2,13,1,0,0,13,0,0,13,0,0,0,0,1,1,1,1,1,1,0,0,0,9888,0,0,0,0,0,0,0,0,0
0.618250,51.19,42.052,25.200,458,292,72.000,71,71,18.000,39.000,55.000,303,167,268,160,122,122,122,122,122,122,1,0,0,3,30,1,28.000,1,1,2,2,13,1,0,0,13,0,0,13,0,0,0,0,1,1,1,1,1,1,0,0,0,9892,0,0,0,0,0,0,0,0,0
0.618500,51.30,42.045,25.200,458,292,72.000,71,71,18.000,39.000,55.000,303,167,268,160,122,122,122,122,122,122,1,0,0,3,30,1,28.000,1,1,2,2,13,1,0,0,13,0,0,13,0,0,0,0,1,1,1,1,1,1,0,0,0,9896,0,0,0,0,0,0,0,0,0
0.618750,51.41,42.037,25.200,458,292,72.000,71,71,18.000,39.000,55.000,303,167,268,160,122,122,122,122,122,122,1,0,0,3,30,1,28.000,1,1,2,2,13,1,0,0,13,0,0,13,0,0,0,0,1,1,1,1,1,1,0,0,0,9900,0,0,0,0,0,0,0,0,0
0.619000,51.52,42.029,25.200,459,293,72.000,71,71,18.000,39.000,55.000,303,168,269,160,122,122,122,122,122,122,1,0,0,3,30,1,28.000,1,1,2,2,13,1,0,0,13,0,0,13,0,0,0,0,1,1,1,1,1,1,0,0,0,9904,0,0,0,0,0,0,0,0,0
0.619250,51.62,42.021,25.200,459,293,72.000,71,71,18.000,39.000,55.000,303,168,269,160,122,122,122,122,122,122,1,0,0,3,30,1,28.000,1,1,2,2,13,1,0,0,13,0,0,13,0,0,0,0,1,1,1,1,1,1,0,0,0,9908,0,0,0,0,0,0,0,0,0
0.619500,51.73,42.012,25.200,459,294,72.000,71,71,18.000,39.000,55.000,303,168,270,160,123,123,123,123,123,123,1,0,0,3,30,1,28.000,1,1,2,2,13,1,0,0,13,0,0,13,0,0,0,0,1,1,1,1,1,1,0,0,0,9912,0,0,0,0,0,0,0,0,0
0.619750,51.84,42.004,25.200,459,294,72.000,71,71,18.000,39.000,55.000,303,168,270,160,123,123,123,123,123,123,1,0,0,3,30,1,28.000,1,1,2,2,13,1,0,0,13,0,0,13,0,0,0,0,1,1,1,1,1,1,0,0,0,9916,0,0,0,0,0,0,0,0,0
0.620000,51.95,41.995,25.200,459,294,72.000,71,71,18.000,39.000,55.000,303,168,270,160,123,123,123,123,123,123,1,0,0,3,30,1,28.000,1,1,2,2,13,1,0,0,13,0,0,13,0,0,0,0,1,1,1,1,1,1,0,0,0,9920,0,0,0,0,0,0,0,0,0
0.620250,52.06,41.986,25.200,460,295,72.000,71,71,18.000,39.000,55.000,303,169,271,160,123,123,123,123,123,123,1,0,0,3,30,1,28.000,1,1,2,2,13,1,0,0,13,0,0,13,0,0,0,0,1,1,1,1,1,1,0,0,0,9924,0,0,0,0,0,0,0,0,0
0.620500,52.16,41.977,25.200,460,295,72.000,71,71,18.000,39.000,55.000,303,169,271,160,123,123,123,123,123,123,1,0,0,3,30,1,28.000,1,1,2,2,13,1,0,0,13,0,0,13,0,0,0,0,1,1,1,1,1,1,0,0,0,9928,0,0,0,0,0,0,0,0,0
0.620750,52.27,41.968,25.150,460,295,72.000,71,71,18.000,39.000,55.000,302,169,271,160,123,123,123,123,123,123,1,0,0,3,30,1,28.000,1,1,2,2,13,1,0,0,13,0,0,13,0,0,0,0,1,1,1,1,1,1,0,0,0,9932,0,0,0,0,0,0,0,0,0
0.621000,52.38,41.958,25.150,460,296,72.000,71,71,18.000,39.000,55.000,302,170,272,160,124,124,124,124,124,124,1,0,0,3,30,1,28.000,1,1,2,2,13,1,0,0,13,0,0,13,0,0,0,0,1,1,1,1,1,1,0,0,0,9936,0,0,0,0,0,0,0,0,0
0.621250,52.49,41.949,25.150,461,296,72.000,71,71,18.000,39.000,55.000,302,170,272,160,124,124,124,124,124,124,1,0,0,3,30,1,28.000,1,1,2,2,13,1,0,0,13,0,0,13,0,0,0,0,1,1,1,1,1,1,0,0,0,9940,0,0,0,0,0,0,0,0,0
0.621500,52.60,41.939,25.150,461,296,72.000,71,71,18.000,39.000,55.000,302,170,272,160,124,124,124,124,124,124,1,0,0,3,30,1,28.000,1,1,3,3,14,1,0,0,14,0,0,14,0,0,0,0,1,1,1,1,1,1,0,0,0,9944,0,0,0,0,0,0,0,0,0
0.621750,52.70,41.929,25.150,461,297,72.000,71,71,18.000,39.000,55.000,302,170,273,160,124,124,124,124,124,124,1,0,0,3,30,1,28.000,1,1,3,3,14,1,0,0,14,0,0,14,0,0,0,0,1,1,1,1,1,1,0,0,0,9948,0,0,0,0,0,0,0,0,0
0.622000,52.81,41.919,25.150,461,297,72.000,71,71,18.000,39.000,55.000,302,170,273,160,124,124,124,124,124,124,1,0,0,3,30,1,28.000,1,1,3,3,14,1,0,0,14,0,0,14,0,0,0,0,1,1,1,1,1,1,0,0,0,9952,0,0,0,0,0,0,0,0,0
0.622250,52.92,41.909,25.150,461,297,72.000,71,71,18.000,39.000,55.000,302,170,273,160,124,124,124,124,124,124,1,0,0,3,30,1,28.000,1,1,3,3,14,1,0,0,14,0,0,14,0,0,0,0,1,1,1,1,1,1,0,0,0,9956,0,0,0,0,0,0,0,0,0
0.622500,53.03,41.898,25.150,461,298,72.000,71,71,18.000,39.000,55.000,302,171,274,160,125,125,125,125,125,125,1,0,0,3,30,1,28.000,1,1,3,3,14,1,0,0,14,0,0,14,0,0,0,0,1,1,1,1,1,1,0,0,0,9960,0,0,0,0,0,0,0,0,0
0.622750,53.14,41.887,25.150,462,298,72.000,71,71,18.000,39.000,55.000,302,171,274,160,125,125,125,125,125,125,1,0,0,3,30,1,28.000,1,1,3,3,14,1,0,0,14,0,0,14,0,0,0,0,1,1,1,1,1,1,0,0,0,9964,0,0,0,0,0,0,0,0,0
0.623000,53.24,41.877,25.150,462,298,72.000,71,71,18.000,39.000,55.000,302,171,274,160,125,125,125,125,125,125,1,0,0,3,30,1,28.000,1,1,3,3,14,1,0,0,14,0,0,14,0,0,0,0,1,1,1,1,1,1,0,0,0,9968,0,0,0,0,0,0,0,0,0
0.623250,53.35,41.866,25.090,462,299,72.000,71,71,18.000,39.000,55.000,301,172,275,160,125,125,125,125,125,125,1,0,0,3,30,1,28.000,1,1,3,3,14,1,0,0,14,0,0,14,0,0,0,0,1,1,1,1,1,1,0,0,0,9972,0,0,0,0,0,0,0,0,0
0.623500,53.46,41.854,25.090,462,299,72.000,71,71,18.000,39.000,55.000,301,172,275,160,125,125,125,125,125,125,1,0,0,3,30,1,28.000,1,1,3,3,14,1,0,0,14,0,0,14,0,0,0,0,1,1,1,1,1,1,0,0,0,9976,0,0,0,0,0,0,0,0,0
0.623750,53.57,41.843,25.090,462,299,72.000,71,71,18.000,39.000,55.000,301,172,275,160,125,125,125,125,125,125,1,0,0,3,30,1,28.000,1,1,3,3,14,1,0,0,14,0,0,14,0,0,0,0,1,1,1,1,1,1,0,0,0,9980,0,0,0,0,0,0,0,0,0
0.624000,53.68,41.831,25.090,463,300,72.000,71,71,18.000,39.000,55.000,301,172,276,160,126,126,126,126,126,126,1,0,0,3,30,1,28.000,1,1,3,3,14,1,0,0,14,0,0,14,0,0,0,0,1,1,1,1,1,1,0,0,0,9984,0,0,0,0,0,0,0,0,0
0.624250,53.78,41.820,25.090,463,300,72.000,71,71,18.000,39.000,55.000,301,172,276,160,126,126,126,126,126,126,1,0,0,3,30,1,28.000,1,1,3,3,14,1,0,0,14,0,0,14,0,0,0,0,1,1,1,1,1,1,0,0,0,9988,0,0,0,0,0,0,0,0,0
0.624500,53.89,41.808,25.090,463,300,72.000,71,71,18.000,39.000,55.000,301,172,276,160,126,126,126,126,126,126,1,0,0,3,30,1,28.000,1,1,3,3,14,1,0,0,14,0,0,14,0,0,0,0,1,1,1,1,1,1,0,0,0,9992,0,0,0,0,0,0,0,0,0
0.624750,54.00,41.796,25.090,463,301,72.000,71,71,18.000,39.000,55.000,301,173,277,160,126,126,126,126,126,126,1,0,0,3,30,1,28.000,1,1,3,3,14,1,0,0,14,0,0,14,0,0,0,0,1,1,1,1,1,1,0,0,0,9996,0,0,0,0,0,0,0,0,0
0.625000,54.11,41.783,25.040,463,301,72.000,71,71,18.000,39.000,55.000,301,173,277,160,126,126,126,126,126,126,1,0,0,3,30,1,28.000,1,1,3,3,14,1,0,0,14,0,0,14,0,0,0,0,1,1,1,1,1,1,0,0,0,10000,0,0,0,0,0,0,0,0,0
0.625250,54.22,41.771,25.040,463,301,72.000,71,71,18.000,39.000,55.000,301,173,277,160,126,126,126,126,126,126,1,0,0,3,30,1,28.000,1,1,3,3,14,1,0,0,14,0,0,14,0,0,0,0,1,1,1,1,1,1,0,0,0,10004,0,0,0,0,0,0,0,0,0
0.625500,54.32,41.758,25.040,464,302,72.000,71,71,18.000,39.000,55.000,301,174,278,160,127,127,127,127,127,127,1,0,0,3,30,1,28.000,1,1,3,3,14,1,0,0,14,0,0,14,0,0,0,0,1,1,1,1,1,1,0,0,0,10008,0,0,0,0,0,0,0,0,0
0.625750,54.43,41.745,25.040,464,302,72.000,71,71,18.000,39.000,55.000,301,174,278,160,127,127,127,127,127,127,1,0,0,3,30,1,28.000,1,1,3,3,14,1,0,0,14,0,0,14,0,0,0,0,1,1,1,1,1,1,0,0,0,10012,0,0,0,0,0,0,0,0,0
0.626000,54.54,41.732,25.040,464,302,72.000,71,71,18.000,39.000,55.000,301,174,278,160,127,127,127,127,127,127,1,0,0,3,30,1,28.000,1,1,3,3,14,1,0,0,14,0,0,14,0,0,0,0,1,1,1,1,1,1,0,0,0,10016,0,0,0,0,0,0,0,0,0
0.626250,54.65,41.719,25.040,464,303,72.000,71,71,18.000,39.000,55.000,301,174,279,160,127,127,127,127,127,127,1,0,0,3,30,1,28.000,1,1,3,3,14,1,0,0,14,0,0,14,0,0,0,0,1,1,1,1,1,1,0,0,0,10020,0,0,0,0,0,0,0,0,0
0.626500,54.76,41.706,25.040,464,303,72.000,71,71,18.000,39.000,55.000,301,174,279,160,127,127,127,127,127,127,1,0,0,3,30,1,28.000,1,1,3,3,14,1,0,0,14,0,0,14,0,0,0,0,1,1,1,1,1,1,0,0,0,10024,0,0,0,0,0,0,0,0,0
0.626750,54.86,41.692,24.980,464,303,72.000,71,71,18.000,39.000,55.000,300,174,279,160,127,127,127,127,127,127,1,0,0,3,30,1,28.000,1,1,3,3,14,1,0,0,14,0,0,14,0,0,0,0,1,1,1,1,1,1,0,0,0,10028,0,0,0,0,0,0,0,0,0
0.627000,54.97,41.679,24.980,464,304,72.000,71,71,18.000,39.000,55.000,300,175,280,160,128,128,128,128,128,128,1,0,0,3,30,1,28.000,1,1,3,3,14,1,0,0,14,0,0,14,0,0,0,0,1,1,1,1,1,1,0,0,0,10032,0,0,0,0,0,0,0,0,0
0.627250,55.08,41.665,24.980,465,304,72.000,71,71,18.000,39.000,55.000,300,175,280,160,128,128,128,128,128,128,1,0,0,3,30,1,28.000,1,1,3,3,14,1,0,0,14,0,0,14,0,0,0,0,1,1,1,1,1,1,0,0,0,10036,0,0,0,0,0,0,0,0,0
0.627500,55.19,41.651,24.980,465,304,72.000,71,71,18.000,39.000,55.000,300,175,280,160,128,128,128,128,128,128,1,0,0,3,30,1,28.000,1,1,3,3,14,1,0,0,14,0,0,14,0,0,0,0,1,1,1,1,1,1,0,0,0,10040,0,0,0,0,0,0,0,0,0
0.627750,55.30,41.636,24.980,465,305,72.000,71,71,18.000,39.000,55.000,300,176,281,160,128,128,128,128,128,128,1,0,0,3,30,1,28.000,1,1,3,3,14,1,0,0,14,0,0,14,0,0,0,0,1,1,1,1,1,1,0,0,0,10044,0,0,0,0,0,0,0,0,0
0.628000,55.40,41.622,24.980,465,305,72.000,71,71,18.000,39.000,55.000,300,176,281,160,128,128,128,128,128,128,1,0,0,3,30,1,28.000,1,1,3,3,14,1,0,0,14,0,0,14,0,0,0,0,1,1,1,1,1,1,0,0,0,10048,0,0,0,0,0,0,0,0,0
0.628250,55.51,41.608,24.980,465,305,72.000,71,71,18.000,39.000,55.000,300,176,281,160,128,128,128,128,128,128,1,0,0,3,30,1,28.000,1,1,3,3,14,1,0,0,14,0,0,14,0,0,0,0,1,1,1,1,1,1,0,0,0,10052,0,0,0,0,0,0,0,0,0
0.628500,55.62,41.593,24.930,465,306,72.000,71,71,18.000,39.000,55.000,299,176,282,160,129,129,129,129,129,129,1,0,0,3,30,1,28.000,1,1,3,3,14,1,0,0,14,0,0,14,0,0,0,0,1,1,1,1,1,1,0,0,0,10056,0,0,0,0,0,0,0,0,0
0.628750,55.73,41.578,24.930,465,306,72.000,71,71,18.000,39.000,55.000,299,176,282,160,129,129,129,129,129,129,1,0,0,3,30,1,28.000,1,1,3,3,14,1,0,0,14,0,0,14,0,0,0,0,1,1,1,1,1,1,0,0,0,10060,0,0,0,0,0,0,0,0,0
0.629000,55.84,41.563,24.930,466,306,72.000,71,71,18.000,39.000,55.000,299,176,282,160,129,129,129,129,129,129,1,0,0,3,30,1,28.000,1,1,3,3,14,1,0,0,14,0,0,14,0,0,0,0,1,1,1,1,1,1,0,0,0,10064,0,0,0,0,0,0,0,0,0
0.629250,55.94,41.548,24.930,466,307,72.000,71,71,18.000,39.000,55.000,299,177,284,160,129,129,129,129,129,129,1,0,0,3,30,1,28.000,1,1,3,3,14,1,0,0,14,0,0,14,0,0,0,0,1,1,1,1,1,1,0,0,0,10068,0,0,0,0,0,0,0,0,0
0.629500,56.05,41.532,24.930,466,307,72.000,71,71,18.000,39.000,55.000,299,177,284,160,129,129,129,129,129,129,1,0,0,3,30,1,28.000,1,1,3,3,14,1,0,0,14,0,0,14,0,0,0,0,1,1,1,1,1,1,0,0,0,10072,0,0,0,0,0,0,0,0,0
0.629750,56.16,41.517,24.870,466,307,72.000,71,71,18.000,39.000,55.000,299,177,284,160,129,129,129,129,129,129,1,0,0,3,30,1,28.000,1,1,3,3,14,1,0,0,14,0,0,14,0,0,0,0,1,1,1,1,1,1,0,0,0,10076,0,0,0,0,0,0,0,0,0
0.630000,56.27,41.501,24.870,466,308,72.000,71,71,18.000,39.000,55.000,299,178,285,160,130,130,130,130,130,130,1,0,0,3,30,1,28.000,1,1,1,1,15,1,0,0,15,0,0,15,0,0,0,0,1,1,1,1,1,1,0,0,0,10080,0,0,0,0,0,0,0,0,0
0.630250,56.38,41.485,24.870,466,308,72.000,71,71,18.000,39.000,55.000,299,178,285,160,130,130,130,130,130,130,1,0,0,3,30,1,28.000,1,1,1,1,15,1,0,0,15,0,0,15,0,0,0,0,1,1,1,1,1,1,0,0,0,10084,0,0,0,0,0,0,0,0,0
0.630500,56.48,41.469,24.870,466,308,72.000,71,71,18.000,39.000,55.000,299,178,285,160,130,130,130,130,130,130,1,0,0,3,30,1,28.000,1,1,1,1,15,1,0,0,15,0,0,15,0,0,0,0,1,1,1,1,1,1,0,0,0,10088,0,0,0,0,0,0,0,0,0
0.630750,56.59,41.452,24.870,466,309,72.000,71,71,18.000,39.000,55.000,299,178,286,160,130,130,130,130,130,130,1,0,0,3,30,1,28.000,1,1,1,1,15,1,0,0,15,0,0,15,0,0,0,0,1,1,1,1,1,1,0,0,0,10092,0,0,0,0,0,0,0,0,0
0.631000,56.70,41.436,24.870,467,309,72.000,71,71,18.000,39.000,55.000,299,178,286,160,130,130,130,130,130,130,1,0,0,3,30,1,28.000,1,1,1,1,15,1,0,0,15,0,0,15,0,0,0,0,1,1,1,1,1,1,0,0,0,10096,0,0,0,0,0,0,0,0,0
0.631250,56.81,41.419,24.820,467,309,72.000,71,71,18.000,39.000,55.000,298,178,286,160,130,130,130,130,130,130,1,0,0,3,30,1,28.000,1,1,1,1,15,1,0,0,15,0,0,15,0,0,0,0,1,1,1,1,1,1,0,0,0,10100,0,0,0,0,0,0,0,0,0
0.631500,56.92,41.402,24.820,467,310,72.000,71,71,18.000,39.000,55.000,298,179,287,160,130,130,130,130,130,130,1,0,0,3,30,1,28.000,1,1,1,1,15,1,0,0,15,0,0,15,0,0,0,0,1,1,1,1,1,1,0,0,0,10104,0,0,0,0,0,0,0,0,0
0.631750,57.02,41.386,24.820,467,310,72.000,71,71,18.000,39.000,55.000,298,179,287,160,130,130,130,130,130,130,1,0,0,3,30,1,28.000,1,1,1,1,15,1,0,0,15,0,0,15,0,0,0,0,1,1,1,1,1,1,0,0,0,10108,0,0,0,0,0,0,0,0,0
0.632000,57.13,41.368,24.820,467,310,72.000,71,71,18.000,39.000,55.000,298,179,287,160,130,130,130,130,130,130,1,0,0,3,30,1,28.000,1,1,1,1,15,1,0,0,15,0,0,15,0,0,0,0,1,1,1,1,1,1,0,0,0,10112,0,0,0,0,0,0,0,0,0
0.632250,57.24,41.351,24.820,467,311,72.000,71,71,18.000,39.000,55.000,298,180,288,160,131,131,131,131,131,131,1,0,0,3,30,1,28.000,1,1,1,1,15,1,0,0,15,0,0,15,0,0,0,0,1,1,1,1,1,1,0,0,0,10116,0,0,0,0,0,0,0,0,0
0.632500,57.35,41.334,24.770,467,311,72.000,71,71,18.000,39.000,55.000,297,180,288,160,131,131,131,131,131,131,1,0,0,3,30,1,28.000,1,1,1,1,15,1,0,0,15,0,0,15,0,0,0,0,1,1,1,1,1,1,0,0,0,10120,0,0,0,0,0,0,0,0,0
0.632750,57.46,41.316,24.770,467,311,72.000,71,71,18.000,39.000,55.000,297,180,288,160,131,131,131,131,131,131,1,0,0,3,30,1,28.000,1,1,1,1,15,1,0,0,15,0,0,15,0,0,0,0,1,1,1,1,1,1,0,0,0,10124,0,0,0,0,0,0,0,0,0
0.633000,57.56,41.298,24.770,467,312,72.000,71,71,18.000,39.000,55.000,297,180,289,160,131,131,131,131,131,131,1,0,0,3,30,1,28.000,1,1,1,1,15,1,0,0,15,0,0,15,0,0,0,0,1,1,1,1,1,1,0,0,0,10128,0,0,0,0,0,0,0,0,0
0.633250,57.67,41.280,24.770,467,312,72.000,71,71,18.000,39.000,55.000,297,180,289,160,131,131,131,131,131,131,1,0,0,3,30,1,28.000,1,1,1,1,15,1,0,0,15,0,0,15,0,0,0,0,1,1,1,1,1,1,0,0,0,10132,0,0,0,0,0,0,0,0,0
0.633500,57.78,41.262,24.770,468,312,72.000,71,71,18.000,39.000,55.000,297,180,289,160,131,131,131,131,131,131,1,0,0,3,30,1,28.000,1,1,1,1,15,1,0,0,15,0,0,15,0,0,0,0,1,1,1,1,1,1,0,0,0,10136,0,0,0,0,0,0,0,0,0
0.633750,57.89,41.244,24.770,468,313,72.000,71,71,18.000,39.000,55.000,297,181,290,160,132,132,132,132,132,132,1,0,0,3,30,1,28.000,1,1,1,1,15,1,0,0,15,0,0,15,0,0,0,0,1,1,1,1,1,1,0,0,0,10140,0,0,0,0,0,0,0,0,0
0.634000,58.00,41.225,24.710,468,313,72.000,71,71,18.000,39.000,55.000,297,181,290,160,132,132,132,132,132,132,1,0,0,3,30,1,28.000,1,1,1,1,15,1,0,0,15,0,0,15,0,0,0,0,1,1,1,1,1,1,0,0,0,10144,0,0,0,0,0,0,0,0,0
0.634250,58.10,41.206,24.710,468,313,72.000,71,71,18.000,39.000,55.000,297,181,290,160,132,132,132,132,132,132,1,0,0,3,30,1,28.000,1,1,1,1,15,1,0,0,15,0,0,15,0,0,0,0,1,1,1,1,1,1,0,0,0,10148,0,0,0,0,0,0,0,0,0
0.634500,58.21,41.188,24.710,468,313,72.000,71,71,18.000,39.000,55.000,297,181,290,160,132,132,132,132,132,132,1,0,0,3,30,1,28.000,1,1,1,1,15,1,0,0,15,0,0,15,0,0,0,0,1,1,1,1,1,1,0,0,0,10152,0,0,0,0,0,0,0,0,0
0.634750,58.32,41.169,24.710,468,314,72.000,71,71,18.000,39.000,55.000,297,182,291,160,132,132,132,132,132,132,1,0,0,3,30,1,28.000,1,1,1,1,15,1,0,0,15,0,0,15,0,0,0,0,1,1,1,1,1,1,0,0,0,10156,0,0,0,0,0,0,0,0,0
0.635000,58.43,41.149,24.660,468,314,72.000,71,71,18.000,39.000,55.000,296,182,291,160,132,132,132,132,132,132,1,0,0,3,30,1,28.000,1,1,1,1,15,1,0,0,15,0,0,15,0,0,0,0,1,1,1,1,1,1,0,0,0,10160,0,0,0,0,0,0,0,0,0
0.635250,58.54,41.130,24.660,468,314,72.000,71,71,18.000,39.000,55.000,296,182,291,160,132,132,132,132,132,132,1,0,0,3,30,1,28.000,1,1,1,1,15,1,0,0,15,0,0,15,0,0,0,0,1,1,1,1,1,1,0,0,0,10164,0,0,0,0,0,0,0,0,0
0.635500,58.64,41.111,24.660,468,315,72.000,71,71,18.000,39.000,55.000,296,182,292,160,133,133,133,133,133,133,1,0,0,3,30,1,28.000,1,1,1,1,15,1,0,0,15,0,0,15,0,0,0,0,1,1,1,1,1,1,0,0,0,10168,0,0,0,0,0,0,0,0,0
0.635750,58.75,41.091,24.660,468,315,72.000,71,71,18.000,39.000,55.000,296,182,292,160,133,133,133,133,133,133,1,0,0,3,30,1,28.000,1,1,1,1,15,1,0,0,15,0,0,15,0,0,0,0,1,1,1,1,1,1,0,0,0,10172,0,0,0,0,0,0,0,0,0
0.636000,58.86,41.071,24.660,468,315,72.000,71,71,18.000,39.000,55.000,296,182,292,160,133,133,133,133,133,133,1,0,0,3,30,1,28.000,1,1,1,1,15,1,0,0,15,0,0,15,0,0,0,0,1,1,1,1,1,1,0,0,0,10176,0,0,0,0,0,0,0,0,0
0.636250,58.97,41.051,24.600,468,316,72.000,71,71,18.000,39.000,55.000,295,183,293,160,133,133,133,133,133,133,1,0,0,3,30,1,28.000,1,1,1,1,15,1,0,0,15,0,0,15,0,0,0,0,1,1,1,1,1,1,0,0,0,10180,0,0,0,0,0,0,0,0,0
0.636500,59.08,41.031,24.600,468,316,72.000,71,71,18.000,39.000,55.000,295,183,293,160,133,133,133,133,133,133,1,0,0,3,30,1,28.000,1,1,1,1,15,1,0,0,15,0,0,15,0,0,0,0,1,1,1,1,1,1,0,0,0,10184,0,0,0,0,0,0,0,0,0
0.636750,59.18,41.011,24.600,469,316,72.000,71,71,18.000,39.000,55.000,295,183,293,160,133,133,133,133,133,133,1,0,0,3,30,1,28.000,1,1,1,1,15,1,0,0,15,0,0,15,0,0,0,0,1,1,1,1,1,1,0,0,0,10188,0,0,0,0,0,0,0,0,0
0.637000,59.29,40.990,24.600,469,317,72.000,71,71,18.000,39.000,55.000,295,184,294,160,134,134,134,134,134,134,1,0,0,3,30,1,28.000,1,1,1,1,15,1,0,0,15,0,0,15,0,0,0,0,1,1,1,1,1,1,0,0,0,10192,0,0,0,0,0,0,0,0,0
0.637250,59.40,40.970,24.550,469,317,72.000,71,71,18.000,39.000,55.000,295,184,294,160,134,134,134,134,134,134,1,0,0,3,30,1,28.000,1,1,1,1,15,1,0,0,15,0,0,15,0,0,0,0,1,1,1,1,1,1,0,0,0,10196,0,0,0,0,0,0,0,0,0
0.637500,59.51,40.949,24.550,469,317,72.000,71,71,18.000,39.000,55.000,295,184,294,160,134,134,134,134,134,134,1,0,0,3,30,1,28.000,1,1,1,1,15,1,0,0,15,0,0,15,0,0,0,0,1,1,1,1,1,1,0,0,0,10200,0,0,0,0,0,0,0,0,0
0.637750,59.62,40.928,24.550,469,318,72.000,71,71,18.000,39.000,55.000,295,184,295,160,134,134,134,134,134,134,1,0,0,3,30,1,28.000,1,1,1,1,15,1,0,0,15,0,0,15,0,0,0,0,1,1,1,1,1,1,0,0,0,10204,0,0,0,0,0,0,0,0,0
0.638000,59.72,40.907,24.550,469,318,72.000,71,71,18.000,39.000,55.000,295,184,295,160,134,134,134,134,134,134,1,0,0,3,30,1,28.000,1,1,1,1,15,1,0,0,15,0,0,15,0,0,0,0,1,1,1,1,1,1,0,0,0,10208,0,0,0,0,0,0,0,0,0
0.638250,59.83,40.885,24.490,469,318,72.000,71,71,18.000,39.000,55.000,294,184,295,160,134,134,134,134,134,134,1,0,0,3,30,1,28.000,1,1,1,1,15,1,0,0,15,0,0,15,0,0,0,0,1,1,1,1,1,1,0,0,0,10212,0,0,0,0,0,0,0,0,0
0.638500,59.94,40.864,24.490,469,319,72.000,71,71,18.000,39.000,55.000,294,185,296,160,135,135,135,135,135,135,1,0,0,3,30,1,28.000,1,1,1,1,15,1,0,0,15,0,0,15,0,0,0,0,1,1,1,1,1,1,0,0,0,10216,0,0,0,0,0,0,0,0,0
0.638750,60.05,40.842,24.490,469,319,72.000,71,71,18.000,39.000,55.000,294,185,296,160,135,135,135,135,135,135,1,0,0,3,30,1,28.000,1,1,0,0,16,1,0,0,16,0,0,16,0,0,0,0,1,1,1,1,1,1,0,0,0,10220,0,0,0,0,0,0,0,0,0
0.639000,60.16,40.820,24.490,469,319,72.000,71,71,18.000,39.000,55.000,294,185,296,160,135,135,135,135,135,135,1,0,0,3,30,1,28.000,1,1,0,0,16,1,0,0,16,0,0,16,0,0,0,0,1,1,1,1,1,1,0,0,0,10224,0,0,0,0,0,0,0,0,0
0.639250,60.26,40.798,24.490,469,319,72.000,71,71,18.000,39.000,55.000,294,185,296,160,135,135,135,135,135,135,1,0,0,3,30,1,28.000,1,1,0,0,16,1,0,0,16,0,0,16,0,0,0,0,1,1,1,1,1,1,0,0,0,10228,0,0,0,0,0,0,0,0,0
0.639500,60.37,40.776,24.440,469,320,72.000,71,71,18.000,39.000,55.000,293,185,297,160,135,135,135,135,135,135,1,0,0,3,30,1,28.000,1,1,0,0,16,1,0,0,16,0,0,16,0,0,0,0,1,1,1,1,1,1,0,0,0,10232,0,0,0,0,0,0,0,0,0
0.639750,60.48,40.754,24.440,469,320,72.000,71,71,18.000,39.000,55.000,293,185,297,160,135,135,135,135,135,135,1,0,0,3,30,1,28.000,1,1,0,0,16,1,0,0,16,0,0,16,0,0,0,0,1,1,1,1,1,1,0,0,0,10236,0,0,0,0,0,0,0,0,0
0.640000,60.59,40.732,24.440,469,320,72.000,71,71,18.000,39.000,55.000,293,185,297,160,135,135,135,135,135,135,1,0,0,3,30,1,28.000,1,1,0,0,16,1,0,0,16,0,0,16,0,0,0,0,1,1,1,1,1,1,0,0,0,10240,0,0,0,0,0,0,0,0,0
0.640250,60.70,40.709,24.440,469,321,72.000,71,71,18.000,39.000,55.000,293,186,298,160,136,136,136,136,136,136,1,0,0,3,30,1,28.000,1,1,0,0,16,1,0,0,16,0,0,16,0,0,0,0,1,1,1,1,1,1,0,0,0,10244,0,0,0,0,0,0,0,0,0
0.640500,60.80,40.686,24.380,469,321,72.000,71,71,18.000,39.000,55.000,293,186,298,160,136,136,136,136,136,136,1,0,0,3,30,1,28.000,1,1,0,0,16,1,0,0,16,0,0,16,0,0,0,0,1,1,1,1,1,1,0,0,0,10248,0,0,0,0,0,0,0,0,0
0.640750,60.91,40.663,24.380,469,321,72.000,71,71,18.000,39.000,55.000,293,186,298,160,136,136,136,136,136,136,1,0,0,3,30,1,28.000,1,1,0,0,16,1,0,0,16,0,0,16,0,0,0,0,1,1,1,1,1,1,0,0,0,10252,0,0,0,0,0,0,0,0,0
0.641000,61.02,40.640,24.380,469,322,72.000,71,71,18.000,39.000,55.000,293,187,299,160,136,136,136,136,136,136,1,0,0,3,30,1,28.000,1,1,0,0,16,1,0,0,16,0,0,16,0,0,0,0,1,1,1,1,1,1,0,0,0,10256,0,0,0,0,0,0,0,0,0
0.641250,61.13,40.617,24.380,469,322,72.000,71,71,18.000,39.000,55.000,293,187,299,160,136,136,136,136,136,136,1,0,0,3,30,1,28.000,1,1,0,0,16,1,0,0,16,0,0,16,0,0,0,0,1,1,1,1,1,1,0,0,0,10260,0,0,0,0,0,0,0,0,0
0.641500,61.24,40.594,24.330,469,322,72.000,71,71,18.000,39.000,55.000,292,187,299,160,136,136,136,136,136,136,1,0,0,3,30,1,28.000,1,1,0,0,16,1,0,0,16,0,0,16,0,0,0,0,1,1,1,1,1,1,0,0,0,10264,0,0,0,0,0,0,0,0,0
0.641750,61.34,40.570,24.330,469,323,72.000,71,71,18.000,39.000,55.000,292,187,300,160,137,137,137,137,137,137,1,0,0,3,30,1,28.000,1,1,0,0,16,1,0,0,16,0,0,16,0,0,0,0,1,1,1,1,1,1,0,0,0,10268,0,0,0,0,0,0,0,0,0
0.642000,61.45,40.546,24.330,469,323,72.000,71,71,18.000,39.000,55.000,292,187,300,160,137,137,137,137,137,137,1,0,0,3,30,1,28.000,1,1,0,0,16,1,0,0,16,0,0,16,0,0,0,0,1,1,1,1,1,1,0,0,0,10272,0,0,0,0,0,0,0,0,0
0.642250,61.56,40.523,24.330,469,323,72.000,71,71,18.000,39.000,55.000,292,187,300,160,137,137,137,137,137,137,1,0,0,3,30,1,28.000,1,1,0,0,16,1,0,0,16,0,0,16,0,0,0,0,1,1,1,1,1,1,0,0,0,10276,0,0,0,0,0,0,0,0,0
0.642500,61.67,40.499,24.280,469,323,72.000,71,71,18.000,39.000,55.000,292,187,300,160,137,137,137,137,137,137,1,0,0,3,30,1,28.000,1,1,0,0,16,1,0,0,16,0,0,16,0,0,0,0,1,1,1,1,1,1,0,0,0,10280,0,0,0,0,0,0,0,0,0
0.642750,61.78,40.474,24.280,470,324,72.000,71,71,18.000,39.000,55.000,292,188,301,160,137,137,137,137,137,137,1,0,0,3,30,1,28.000,1,1,0,0,16,1,0,0,16,0,0,16,0,0,0,0,1,1,1,1,1,1,0,0,0,10284,0,0,0,0,0,0,0,0,0
0.643000,61.88,40.450,24.280,470,324,72.000,71,71,18.000,39.000,55.000,292,188,301,160,137,137,137,137,137,137,1,0,0,3,30,1,28.000,1,1,0,0,16,1,0,0,16,0,0,16,0,0,0,0,1,1,1,1,1,1,0,0,0,10288,0,0,0,0,0,0,0,0,0
0.643250,61.99,40.425,24.280,470,324,72.000,71,71,18.000,39.000,55.000,292,188,301,160,137,137,137,137,137,137,1,0,0,3,30,1,28.000,1,1,0,0,16,1,0,0,16,0,0,16,0,0,0,0,1,1,1,1,1,1,0,0,0,10292,0,0,0,0,0,0,0,0,0
0.643500,62.10,40.401,24.220,470,325,72.000,71,71,18.000,39.000,55.000,291,189,302,160,138,138,138,138,138,138,1,0,0,3,30,1,28.000,1,1,0,0,16,1,0,0,16,0,0,16,0,0,0,0,1,1,1,1,1,1,0,0,0,10296,0,0,0,0,0,0,0,0,0
0.643750,62.21,40.376,24.220,470,325,72.000,71,71,18.000,39.000,55.000,291,189,302,160,138,138,138,138,138,138,1,0,0,3,30,1,28.000,1,1,0,0,16,1,0,0,16,0,0,16,0,0,0,0,1,1,1,1,1,1,0,0,0,10300,0,0,0,0,0,0,0,0,0
0.644000,62.32,40.351,24.220,470,325,72.000,71,71,18.000,39.000,55.000,291,189,302,160,138,138,138,138,138,138,1,0,0,3,30,1,28.000,1,1,0,0,16,1,0,0,16,0,0,16,0,0,0,0,1,1,1,1,1,1,0,0,0,10304,0,0,0,0,0,0,0,0,0
0.644250,62.42,40.326,24.170,470,326,72.000,71,71,18.000,39.000,55.000,290,189,303,160,138,138,138,138,138,138,1,0,0,3,30,1,28.000,1,1,0,0,16,1,0,0,16,0,0,16,0,0,0,0,1,1,1,1,1,1,0,0,0,10308,0,0,0,0,0,0,0,0,0
0.644500,62.53,40.301,24.170,470,326,72.000,71,71,18.000,39.000,55.000,290,189,303,160,138,138,138,138,138,138,1,0,0,3,30,1,28.000,1,1,0,0,16,1,0,0,16,0,0,16,0,0,0,0,1,1,1,1,1,1,0,0,0,10312,0,0,0,0,0,0,0,0,0
0.644750,62.64,40.275,24.170,470,326,72.000,71,71,18.000,39.000,55.000,290,189,303,160,138,138,138,138,138,138,1,0,0,3,30,1,28.000,1,1,0,0,16,1,0,0,16,0,0,16,0,0,0,0,1,1,1,1,1,1,0,0,0,10316,0,0,0,0,0,0,0,0,0
0.645000,62.75,40.250,24.110,470,326,72.000,71,71,18.000,39.000,55.000,289,189,303,160,138,138,138,138,138,138,1,0,0,3,30,1,28.000,1,1,0,0,16,1,0,0,16,0,0,16,0,0,0,0,1,1,1,1,1,1,0,0,0,10320,0,0,0,0,0,0,0,0,0
0.645250,62.86,40.224,24.110,470,327,72.000,71,71,18.000,39.000,55.000,289,190,305,160,139,139,139,139,139,139,1,0,0,3,30,1,28.000,1,1,0,0,16,1,0,0,16,0,0,16,0,0,0,0,1,1,1,1,1,1,0,0,0,10324,0,0,0,0,0,0,0,0,0
0.645500,62.96,40.198,24.110,470,327,72.000,71,71,18.000,39.000,55.000,289,190,305,160,139,139,139,139,139,139,1,0,0,3,30,1,28.000,1,1,0,0,16,1,0,0,16,0,0,16,0,0,0,0,1,1,1,1,1,1,0,0,0,10328,0,0,0,0,0,0,0,0,0
0.645750,63.07,40.172,24.110,470,327,72.000,71,71,18.000,39.000,55.000,289,190,305,160,139,139,139,139,139,139,1,0,0,3,30,1,28.000,1,1,0,0,16,1,0,0,16,0,0,16,0,0,0,0,1,1,1,1,1,1,0,0,0,10332,0,0,0,0,0,0,0,0,0
0.646000,63.18,40.146,24.060,470,328,72.000,71,71,18.000,39.000,55.000,289,191,305,160,139,139,139,139,139,139,1,0,0,3,30,1,28.000,1,1,0,0,16,1,0,0,16,0,0,16,0,0,0,0,1,1,1,1,1,1,0,0,0,10336,0,0,0,0,0,0,0,0,0
0.646250,63.29,40.120,24.060,470,328,72.000,71,71,18.000,39.000,55.000,289,191,305,160,139,139,139,139,139,139,1,0,0,3,30,1,28.000,1,1,0,0,16,1,0,0,16,0,0,16,0,0,0,0,1,1,1,1,1,1,0,0,0,10340,0,0,0,0,0,0,0,0,0
0.646500,63.40,40.093,24.060,470,328,72.000,71,71,18.000,39.000,55.000,289,191,305,160,139,139,139,139,139,139,1,0,0,3,30,1,28.000,1,1,0,0,16,1,0,0,16,0,0,16,0,0,0,0,1,1,1,1,1,1,0,0,0,10344,0,0,0,0,0,0,0,0,0
0.646750,63.50,40.066,24.000,470,329,72.000,71,71,18.000,39.000,55.000,288,191,306,160,140,140,140,140,140,140,1,0,0,3,30,1,28.000,1,1,0,0,16,1,0,0,16,0,0,16,0,0,0,0,1,1,1,1,1,1,0,0,0,10348,0,0,0,0,0,0,0,0,0
0.647000,63.61,40.040,24.000,470,329,72.000,71,71,18.000,39.000,55.000,288,191,306,160,140,140,140,140,140,140,1,0,0,3,30,1,28.000,1,1,0,0,16,1,0,0,16,0,0,16,0,0,0,0,1,1,1,1,1,1,0,0,0,10352,0,0,0,0,0,0,0,0,0
0.647250,63.72,40.013,24.000,469,329,72.000,71,71,18.000,39.000,55.000,288,191,306,160,140,140,140,140,140,140,1,0,0,3,30,1,28.000,1,1,0,0,16,1,0,0,16,0,0,16,0,0,0,0,1,1,1,1,1,1,0,0,0,10356,0,0,0,0,0,0,0,0,0
0.647500,63.83,39.986,24.000,469,329,72.000,71,71,18.000,39.000,55.000,288,191,306,160,140,140,140,140,140,140,1,0,0,3,30,1,28.000,1,1,2,2,17,1,0,0,17,0,0,17,0,0,0,0,1,1,1,1,1,1,0,0,0,10360,0,0,0,0,0,0,0,0,0
0.647750,63.94,39.958,23.950,469,330,72.000,71,71,18.000,39.000,55.000,288,192,308,160,140,140,140,140,140,140,1,0,0,3,30,1,28.000,1,1,2,2,17,1,0,0,17,0,0,17,0,0,0,0,1,1,1,1,1,1,0,0,0,10364,0,0,0,0,0,0,0,0,0
0.648000,64.04,39.931,23.950,469,330,72.000,71,71,18.000,39.000,55.000,288,192,308,160,140,140,140,140,140,140,1,0,0,3,30,1,28.000,1,1,2,2,17,1,0,0,17,0,0,17,0,0,0,0,1,1,1,1,1,1,0,0,0,10368,0,0,0,0,0,0,0,0,0
0.648250,64.15,39.904,23.950,469,330,72.000,71,71,18.000,39.000,55.000,288,192,308,160,140,140,140,140,140,140,1,0,0,3,30,1,28.000,1,1,2,2,17,1,0,0,17,0,0,17,0,0,0,0,1,1,1,1,1,1,0,0,0,10372,0,0,0,0,0,0,0,0,0
0.648500,64.26,39.876,23.900,469,331,72.000,71,71,18.000,39.000,55.000,287,193,309,160,140,140,140,140,140,140,1,0,0,3,30,1,28.000,1,1,2,2,17,1,0,0,17,0,0,17,0,0,0,0,1,1,1,1,1,1,0,0,0,10376,0,0,0,0,0,0,0,0,0
0.648750,64.37,39.848,23.900,469,331,72.000,71,71,18.000,39.000,55.000,287,193,309,160,140,140,140,140,140,140,1,0,0,3,30,1,28.000,1,1,2,2,17,1,0,0,17,0,0,17,0,0,0,0,1,1,1,1,1,1,0,0,0,10380,0,0,0,0,0,0,0,0,0
0.649000,64.48,39.820,23.900,469,331,72.000,71,71,18.000,39.000,55.000,287,193,309,160,140,140,140,140,140,140,1,0,0,3,30,1,28.000,1,1,2,2,17,1,0,0,17,0,0,17,0,0,0,0,1,1,1,1,1,1,0,0,0,10384,0,0,0,0,0,0,0,0,0
0.649250,64.58,39.792,23.900,469,331,72.000,71,71,18.000,39.000,55.000,287,193,309,160,140,140,140,140,140,140,1,0,0,3,30,1,28.000,1,1,2,2,17,1,0,0,17,0,0,17,0,0,0,0,1,1,1,1,1,1,0,0,0,10388,0,0,0,0,0,0,0,0,0
0.649500,64.69,39.764,23.840,469,332,72.000,71,71,18.000,39.000,55.000,286,193,310,160,141,141,141,141,141,141,1,0,0,3,30,1,28.000,1,1,2,2,17,1,0,0,17,0,0,17,0,0,0,0,1,1,1,1,1,1,0,0,0,10392,0,0,0,0,0,0,0,0,0
0.649750,64.80,39.735,23.840,469,332,72.000,71,71,18.000,39.000,55.000,286,193,310,160,141,141,141,141,141,141,1,0,0,3,30,1,28.000,1,1,2,2,17,1,0,0,17,0,0,17,0,0,0,0,1,1,1,1,1,1,0,0,0,10396,0,0,0,0,0,0,0,0,0
0.650000,64.91,39.707,23.840,469,332,72.000,71,71,18.000,39.000,55.000,286,193,310,160,141,141,141,141,141,141,1,0,0,3,30,1,28.000,1,1,2,2,17,1,0,0,17,0,0,17,0,0,0,0,1,1,1,1,1,1,0,0,0,10400,0,0,0,0,0,0,0,0,0
0.650250,65.02,39.678,23.790,469,333,72.000,71,71,18.000,39.000,55.000,286,194,311,160,141,141,141,141,141,141,1,0,0,3,30,1,28.000,1,1,2,2,17,1,0,0,17,0,0,17,0,0,0,0,1,1,1,1,1,1,0,0,0,10404,0,0,0,0,0,0,0,0,0
0.650500,65.12,39.649,23.790,469,333,72.000,71,71,18.000,39.000,55.000,286,194,311,160,141,141,141,141,141,141,1,0,0,3,30,1,28.000,1,1,2,2,17,1,0,0,17,0,0,17,0,0,0,0,1,1,1,1,1,1,0,0,0,10408,0,0,0,0,0,0,0,0,0
0.650750,65.23,39.620,23.790,469,333,72.000,71,71,18.000,39.000,55.000,286,194,311,160,141,141,141,141,141,141,1,0,0,3,30,1,28.000,1,1,2,2,17,1,0,0,17,0,0,17,0,0,0,0,1,1,1,1,1,1,0,0,0,10412,0,0,0,0,0,0,0,0,0
0.651000,65.34,39.591,23.730,469,333,72.000,71,71,18.000,39.000,55.000,285,194,311,160,141,141,141,141,141,141,1,0,0,3,30,1,28.000,1,1,2,2,17,1,0,0,17,0,0,17,0,0,0,0,1,1,1,1,1,1,0,0,0,10416,0,0,0,0,0,0,0,0,0
0.651250,65.45,39.562,23.730,469,334,72.000,71,71,18.000,39.000,55.000,285,195,312,160,142,142,142,142,142,142,1,0,0,3,30,1,28.000,1,1,2,2,17,1,0,0,17,0,0,17,0,0,0,0,1,1,1,1,1,1,0,0,0,10420,0,0,0,0,0,0,0,0,0
0.651500,65.56,39.532,23.730,469,334,72.000,71,71,18.000,39.000,55.000,285,195,312,160,142,142,142,142,142,142,1,0,0,3,30,1,28.000,1,1,2,2,17,1,0,0,17,0,0,17,0,0,0,0,1,1,1,1,1,1,0,0,0,10424,0,0,0,0,0,0,0,0,0
0.651750,65.66,39.503,23.680,469,334,72.000,71,71,18.000,39.000,55.000,284,195,312,160,142,142,142,142,142,142,1,0,0,3,30,1,28.000,1,1,2,2,17,1,0,0,17,0,0,17,0,0,0,0,1,1,1,1,1,1,0,0,0,10428,0,0,0,0,0,0,0,0,0
0.652000,65.77,39.473,23.680,469,335,72.000,71,71,18.000,39.000,55.000,284,195,313,160,142,142,142,142,142,142,1,0,0,3,30,1,28.000,1,1,2,2,17,1,0,0,17,0,0,17,0,0,0,0,1,1,1,1,1,1,0,0,0,10432,0,0,0,0,0,0,0,0,0
0.652250,65.88,39.443,23.680,469,335,72.000,71,71,18.000,39.000,55.000,284,195,313,160,142,142,142,142,142,142,1,0,0,3,30,1,28.000,1,1,2,2,17,1,0,0,17,0,0,17,0,0,0,0,1,1,1,1,1,1,0,0,0,10436,0,0,0,0,0,0,0,0,0
0.652500,65.99,39.413,23.620,469,335,72.000,71,71,18.000,39.000,55.000,284,195,313,160,142,142,142,142,142,142,1,0,0,3,30,1,28.000,1,1,2,2,17,1,0,0,17,0,0,17,0,0,0,0,1,1,1,1,1,1,0,0,0,10440,0,0,0,0,0,0,0,0,0
0.652750,66.10,39.383,23.620,469,335,72.000,71,71,18.000,39.000,55.000,284,195,313,160,142,142,142,142,142,142,1,0,0,3,30,1,28.000,1,1,2,2,17,1,0,0,17,0,0,17,0,0,0,0,1,1,1,1,1,1,0,0,0,10444,0,0,0,0,0,0,0,0,0
0.653000,66.20,39.353,23.620,469,336,72.000,71,71,18.000,39.000,55.000,284,196,314,160,143,143,143,143,143,143,1,0,0,3,30,1,28.000,1,1,2,2,17,1,0,0,17,0,0,17,0,0,0,0,1,1,1,1,1,1,0,0,0,10448,0,0,0,0,0,0,0,0,0
0.653250,66.31,39.323,23.570,469,336,72.000,71,71,18.000,39.000,55.000,283,196,314,160,143,143,143,143,143,143,1,0,0,3,30,1,28.000,1,1,2,2,17,1,0,0,17,0,0,17,0,0,0,0,1,1,1,1,1,1,0,0,0,10452,0,0,0,0,0,0,0,0,0
0.653500,66.42,39.292,23.570,468,336,72.000,71,71,18.000,39.000,55.000,283,196,314,160,143,143,143,143,143,143,1,0,0,3,30,1,28.000,1,1,2,2,17,1,0,0,17,0,0,17,0,0,0,0,1,1,1,1,1,1,0,0,0,10456,0,0,0,0,0,0,0,0,0
0.653750,66.53,39.261,23.570,468,336,72.000,71,71,18.000,39.000,55.000,283,196,314,160,143,143,143,143,143,143,1,0,0,3,30,1,28.000,1,1,2,2,17,1,0,0,17,0,0,17,0,0,0,0,1,1,1,1,1,1,0,0,0,10460,0,0,0,0,0,0,0,0,0
0.654000,66.64,39.230,23.510,468,337,72.000,71,71,18.000,39.000,55.000,282,197,315,160,143,143,143,143,143,143,1,0,0,3,30,1,28.000,1,1,2,2,17,1,0,0,17,0,0,17,0,0,0,0,1,1,1,1,1,1,0,0,0,10464,0,0,0,0,0,0,0,0,0
0.654250,66.74,39.200,23.510,468,337,72.000,71,71,18.000,39.000,55.000,282,197,315,160,143,143,143,143,143,143,1,0,0,3,30,1,28.000,1,1,2,2,17,1,0,0,17,0,0,17,0,0,0,0,1,1,1,1,1,1,0,0,0,10468,0,0,0,0,0,0,0,0,0
0.654500,66.85,39.168,23.510,468,337,72.000,71,71,18.000,39.000,55.000,282,197,315,160,143,143,143,143,143,143,1,0,0,3,30,1,28.000,1,1,2,2,17,1,0,0,17,0,0,17,0,0,0,0,1,1,1,1,1,1,0,0,0,10472,0,0,0,0,0,0,0,0,0
0.654750,66.96,39.137,23.460,468,338,72.000,71,71,18.000,39.000,55.000,282,197,316,160,144,144,144,144,144,144,1,0,0,3,30,1,28.000,1,1,2,2,17,1,0,0,17,0,0,17,0,0,0,0,1,1,1,1,1,1,0,0,0,10476,0,0,0,0,0,0,0,0,0
0.655000,67.07,39.106,23.460,468,338,72.000,71,71,18.000,39.000,55.000,282,197,316,160,144,144,144,144,144,144,1,0,0,3,30,1,28.000,1,1,2,2,17,1,0,0,17,0,0,17,0,0,0,0,1,1,1,1,1,1,0,0,0,10480,0,0,0,0,0,0,0,0,0
0.655250,67.18,39.074,23.460,468,338,72.000,71,71,18.000,39.000,55.000,282,197,316,160,144,144,144,144,144,144,1,0,0,3,30,1,28.000,1,1,2,2,17,1,0,0,17,0,0,17,0,0,0,0,1,1,1,1,1,1,0,0,0,10484,0,0,0,0,0,0,0,0,0
0.655500,67.28,39.043,23.410,468,338,72.000,71,71,18.000,39.000,55.000,281,197,316,160,144,144,144,144,144,144,1,0,0,3,30,1,28.000,1,1,2,2,17,1,0,0,17,0,0,17,0,0,0,0,1,1,1,1,1,1,0,0,0,10488,0,0,0,0,0,0,0,0,0
0.655750,67.39,39.011,23.410,468,339,72.000,71,71,18.000,39.000,55.000,281,198,317,160,144,144,144,144,144,144,1,0,0,3,30,1,28.000,1,1,2,2,17,1,0,0,17,0,0,17,0,0,0,0,1,1,1,1,1,1,0,0,0,10492,0,0,0,0,0,0,0,0,0
0.656000,67.50,38.979,23.410,468,339,72.000,71,71,18.000,39.000,55.000,281,198,317,160,144,144,144,144,144,144,1,0,0,3,30,1,28.000,1,1,2,2,17,1,0,0,17,0,0,17,0,0,0,0,1,1,1,1,1,1,0,0,0,10496,0,0,0,0,0,0,0,0,0
0.656250,67.61,38.947,23.350,468,339,72.000,71,71,18.000,39.000,55.000,280,198,317,160,144,144,144,144,144,144,1,0,0,3,30,1,28.000,1,1,3,3,18,1,0,0,18,0,0,18,0,0,0,0,1,1,1,1,1,1,0,0,0,10500,0,0,0,0,0,0,0,0,0
0.656500,67.72,38.915,23.350,468,339,72.000,71,71,18.000,39.000,55.000,280,198,317,160,144,144,144,144,144,144,1,0,0,3,30,1,28.000,1,1,3,3,18,1,0,0,18,0,0,18,0,0,0,0,1,1,1,1,1,1,0,0,0,10504,0,0,0,0,0,0,0,0,0
0.656750,67.82,38.883,23.300,467,340,72.000,71,71,18.000,39.000,55.000,280,199,318,160,145,145,145,145,145,145,1,0,0,3,30,1,28.000,1,1,3,3,18,1,0,0,18,0,0,18,0,0,0,0,1,1,1,1,1,1,0,0,0,10508,0,0,0,0,0,0,0,0,0
0.657000,67.93,38.850,23.300,467,340,72.000,71,71,18.000,39.000,55.000,280,199,318,160,145,145,145,145,145,145,1,0,0,3,30,1,28.000,1,1,3,3,18,1,0,0,18,0,0,18,0,0,0,0,1,1,1,1,1,1,0,0,0,10512,0,0,0,0,0,0,0,0,0
0.657250,68.04,38.818,23.300,467,340,72.000,71,71,18.000,39.000,55.000,280,199,318,160,145,145,145,145,145,145,1,0,0,3,30,1,28.000,1,1,3,3,18,1,0,0,18,0,0,18,0,0,0,0,1,1,1,1,1,1,0,0,0,10516,0,0,0,0,0,0,0,0,0
0.657500,68.15,38.785,23.240,467,340,72.000,71,71,18.000,39.000,55.000,279,199,318,160,145,145,145,145,145,145,1,0,0,3,30,1,28.000,1,1,3,3,18,1,0,0,18,0,0,18,0,0,0,0,1,1,1,1,1,1,0,0,0,10520,0,0,0,0,0,0,0,0,0
0.657750,68.26,38.752,23.240,467,341,72.000,71,71,18.000,39.000,55.000,279,199,319,160,145,145,145,145,145,145,1,0,0,3,30,1,28.000,1,1,3,3,18,1,0,0,18,0,0,18,0,0,0,0,1,1,1,1,1,1,0,0,0,10524,0,0,0,0,0,0,0,0,0
0.658000,68.36,38.719,23.240,467,341,72.000,71,71,18.000,39.000,55.000,279,199,319,160,145,145,145,145,145,145,1,0,0,3,30,1,28.000,1,1,3,3,18,1,0,0,18,0,0,18,0,0,0,0,1,1,1,1,1,1,0,0,0,10528,0,0,0,0,0,0,0,0,0
0.658250,68.47,38.686,23.190,467,341,72.000,71,71,18.000,39.000,55.000,278,199,319,160,145,145,145,145,145,145,1,0,0,3,30,1,28.000,1,1,3,3,18,1,0,0,18,0,0,18,0,0,0,0,1,1,1,1,1,1,0,0,0,10532,0,0,0,0,0,0,0,0,0
0.658500,68.58,38.653,23.190,467,342,72.000,71,71,18.000,39.000,55.000,278,200,320,160,146,146,146,146,146,146,1,0,0,3,30,1,28.000,1,1,3,3,18,1,0,0,18,0,0,18,0,0,0,0,1,1,1,1,1,1,0,0,0,10536,0,0,0,0,0,0,0,0,0
0.658750,68.69,38.619,23.190,467,342,72.000,71,71,18.000,39.000,55.000,278,200,320,160,146,146,146,146,146,146,1,0,0,3,30,1,28.000,1,1,3,3,18,1,0,0,18,0,0,18,0,0,0,0,1,1,1,1,1,1,0,0,0,10540,0,0,0,0,0,0,0,0,0
0.659000,68.80,38.586,23.130,467,342,72.000,71,71,18.000,39.000,55.000,278,200,320,160,146,146,146,146,146,146,1,0,0,3,30,1,28.000,1,1,3,3,18,1,0,0,18,0,0,18,0,0,0,0,1,1,1,1,1,1,0,0,0,10544,0,0,0,0,0,0,0,0,0
0.659250,68.90,38.552,23.130,466,342,72.000,71,71,18.000,39.000,55.000,278,200,320,160,146,146,146,146,146,146,1,0,0,3,30,1,28.000,1,1,3,3,18,1,0,0,18,0,0,18,0,0,0,0,1,1,1,1,1,1,0,0,0,10548,0,0,0,0,0,0,0,0,0
0.659500,69.01,38.519,23.080,466,343,72.000,71,71,18.000,39.000,55.000,277,201,321,160,146,146,146,146,146,146,1,0,0,3,30,1,28.000,1,1,3,3,18,1,0,0,18,0,0,18,0,0,0,0,1,1,1,1,1,1,0,0,0,10552,0,0,0,0,0,0,0,0,0
0.659750,69.12,38.485,23.080,466,343,72.000,71,71,18.000,39.000,55.000,277,201,321,160,146,146,146,146,146,146,1,0,0,3,30,1,28.000,1,1,3,3,18,1,0,0,18,0,0,18,0,0,0,0,1,1,1,1,1,1,0,0,0,10556,0,0,0,0,0,0,0,0,0
0.660000,69.23,38.451,23.080,466,343,72.000,71,71,18.000,39.000,55.000,277,201,321,160,146,146,146,146,146,146,1,0,0,3,30,1,28.000,1,1,3,3,18,1,0,0,18,0,0,18,0,0,0,0,1,1,1,1,1,1,0,0,0,10560,0,0,0,0,0,0,0,0,0
0.660250,69.34,38.417,23.030,466,343,72.000,71,71,18.000,39.000,55.000,276,201,321,160,146,146,146,146,146,146,1,0,0,3,30,1,28.000,1,1,3,3,18,1,0,0,18,0,0,18,0,0,0,0,1,1,1,1,1,1,0,0,0,10564,0,0,0,0,0,0,0,0,0
0.660500,69.44,38.382,23.030,466,344,72.000,71,71,18.000,39.000,55.000,276,201,322,160,147,147,147,147,147,147,1,0,0,3,30,1,28.000,1,1,3,3,18,1,0,0,18,0,0,18,0,0,0,0,1,1,1,1,1,1,0,0,0,10568,0,0,0,0,0,0,0,0,0
0.660750,69.55,38.348,23.030,466,344,72.000,71,71,18.000,39.000,55.000,276,201,322,160,147,147,147,147,147,147,1,0,0,3,30,1,28.000,1,1,3,3,18,1,0,0,18,0,0,18,0,0,0,0,1,1,1,1,1,1,0,0,0,10572,0,0,0,0,0,0,0,0,0
0.661000,69.66,38.313,22.970,466,344,72.000,71,71,18.000,39.000,55.000,276,201,322,160,147,147,147,147,147,147,1,0,0,3,30,1,28.000,1,1,3,3,18,1,0,0,18,0,0,18,0,0,0,0,1,1,1,1,1,1,0,0,0,10576,0,0,0,0,0,0,0,0,0
0.661250,69.77,38.279,22.970,465,344,72.000,71,71,18.000,39.000,55.000,276,201,322,160,147,147,147,147,147,147,1,0,0,3,30,1,28.000,1,1,3,3,18,1,0,0,18,0,0,18,0,0,0,0,1,1,1,1,1,1,0,0,0,10580,0,0,0,0,0,0,0,0,0
0.661500,69.88,38.244,22.920,465,345,72.000,71,71,18.000,39.000,55.000,275,202,323,160,147,147,147,147,147,147,1,0,0,3,30,1,28.000,1,1,3,3,18,1,0,0,18,0,0,18,0,0,0,0,1,1,1,1,1,1,0,0,0,10584,0,0,0,0,0,0,0,0,0
0.661750,69.98,38.209,22.920,465,345,72.000,71,71,18.000,39.000,55.000,275,202,323,160,147,147,147,147,147,147,1,0,0,3,30,1,28.000,1,1,3,3,18,1,0,0,18,0,0,18,0,0,0,0,1,1,1,1,1,1,0,0,0,10588,0,0,0,0,0,0,0,0,0
0.662000,70.09,38.174,22.920,465,345,72.000,71,71,18.000,39.000,55.000,275,202,323,160,147,147,147,147,147,147,1,0,0,3,30,1,28.000,1,1,3,3,18,1,0,0,18,0,0,18,0,0,0,0,1,1,1,1,1,1,0,0,0,10592,0,0,0,0,0,0,0,0,0
0.662250,70.20,38.139,22.860,465,345,72.000,71,71,18.000,39.000,55.000,274,202,323,160,147,147,147,147,147,147,1,0,0,3,30,1,28.000,1,1,3,3,18,1,0,0,18,0,0,18,0,0,0,0,1,1,1,1,1,1,0,0,0,10596,0,0,0,0,0,0,0,0,0
0.662500,70.31,38.104,22.860,465,346,72.000,71,71,18.000,39.000,55.000,274,203,324,160,148,148,148,148,148,148,1,0,0,3,30,1,28.000,1,1,3,3,18,1,0,0,18,0,0,18,0,0,0,0,1,1,1,1,1,1,0,0,0,10600,0,0,0,0,0,0,0,0,0
0.662750,70.42,38.069,22.810,465,346,72.000,71,71,18.000,39.000,55.000,274,203,324,160,148,148,148,148,148,148,1,0,0,3,30,1,28.000,1,1,3,3,18,1,0,0,18,0,0,18,0,0,0,0,1,1,1,1,1,1,0,0,0,10604,0,0,0,0,0,0,0,0,0
0.663000,70.52,38.033,22.810,465,346,72.000,71,71,18.000,39.000,55.000,274,203,324,160,148,148,148,148,148,148,1,0,0,3,30,1,28.000,1,1,3,3,18,1,0,0,18,0,0,18,0,0,0,0,1,1,1,1,1,1,0,0,0,10608,0,0,0,0,0,0,0,0,0
0.663250,70.63,37.997,22.810,464,346,72.000,71,71,18.000,39.000,55.000,274,203,324,160,148,148,148,148,148,148,1,0,0,3,30,1,28.000,1,1,3,3,18,1,0,0,18,0,0,18,0,0,0,0,1,1,1,1,1,1,0,0,0,10612,0,0,0,0,0,0,0,0,0
0.663500,70.74,37.962,22.750,464,347,72.000,71,71,18.000,39.000,55.000,273,203,325,160,148,148,148,148,148,148,1,0,0,3,30,1,28.000,1,1,3,3,18,1,0,0,18,0,0,18,0,0,0,0,1,1,1,1,1,1,0,0,0,10616,0,0,0,0,0,0,0,0,0
0.663750,70.85,37.926,22.750,464,347,72.000,71,71,18.000,39.000,55.000,273,203,325,160,148,148,148,148,148,148,1,0,0,3,30,1,28.000,1,1,3,3,18,1,0,0,18,0,0,18,0,0,0,0,1,1,1,1,1,1,0,0,0,10620,0,0,0,0,0,0,0,0,0
0.664000,70.96,37.890,22.750,464,347,72.000,71,71,18.000,39.000,55.000,273,203,325,160,148,148,148,148,148,148,1,0,0,3,30,1,28.000,1,1,3,3,18,1,0,0,18,0,0,18,0,0,0,0,1,1,1,1,1,1,0,0,0,10624,0,0,0,0,0,0,0,0,0
0.664250,71.06,37.854,22.700,464,347,72.000,71,71,18.000,39.000,55.000,273,203,325,160,148,148,148,148,148,148,1,0,0,3,30,1,28.000,1,1,3,3,18,1,0,0,18,0,0,18,0,0,0,0,1,1,1,1,1,1,0,0,0,10628,0,0,0,0,0,0,0,0,0
0.664500,71.17,37.818,22.700,464,347,72.000,71,71,18.000,39.000,55.000,273,203,325,160,148,148,148,148,148,148,1,0,0,3,30,1,28.000,1,1,3,3,18,1,0,0,18,0,0,18,0,0,0,0,1,1,1,1,1,1,0,0,0,10632,0,0,0,0,0,0,0,0,0
0.664750,71.28,37.781,22.640,464,348,72.000,71,71,18.000,39.000,55.000,272,204,326,160,149,149,149,149,149,149,1,0,0,3,30,1,28.000,1,1,1,1,19,1,0,0,19,0,0,19,0,0,0,0,1,1,1,1,1,1,0,0,0,10636,0,0,0,0,0,0,0,0,0
0.665000,71.39,37.745,22.640,463,348,72.000,71,71,18.000,39.000,55.000,272,204,326,160,149,149,149,149,149,149,1,0,0,3,30,1,28.000,1,1,1,1,19,1,0,0,19,0,0,19,0,0,0,0,1,1,1,1,1,1,0,0,0,10640,0,0,0,0,0,0,0,0,0
0.665250,71.50,37.708,22.640,463,348,72.000,71,71,18.000,39.000,55.000,272,204,326,160,149,149,149,149,149,149,1,0,0,3,30,1,28.000,1,1,1,1,19,1,0,0,19,0,0,19,0,0,0,0,1,1,1,1,1,1,0,0,0,10644,0,0,0,0,0,0,0,0,0
0.665500,71.60,37.672,22.590,463,348,72.000,71,71,18.000,39.000,55.000,271,204,326,160,149,149,149,149,149,149,1,0,0,3,30,1,28.000,1,1,1,1,19,1,0,0,19,0,0,19,0,0,0,0,1,1,1,1,1,1,0,0,0,10648,0,0,0,0,0,0,0,0,0
0.665750,71.71,37.635,22.590,463,349,72.000,71,71,18.000,39.000,55.000,271,204,327,160,149,149,149,149,149,149,1,0,0,3,30,1,28.000,1,1,1,1,19,1,0,0,19,0,0,19,0,0,0,0,1,1,1,1,1,1,0,0,0,10652,0,0,0,0,0,0,0,0,0
0.666000,71.82,37.598,22.540,463,349,72.000,71,71,18.000,39.000,55.000,271,204,327,160,149,149,149,149,149,149,1,0,0,3,30,1,28.000,1,1,1,1,19,1,0,0,19,0,0,19,0,0,0,0,1,1,1,1,1,1,0,0,0,10656,0,0,0,0,0,0,0,0,0
0.666250,71.93,37.561,22.540,463,349,72.000,71,71,18.000,39.000,55.000,271,204,327,160,149,149,149,149,149,149,1,0,0,3,30,1,28.000,1,1,1,1,19,1,0,0,19,0,0,19,0,0,0,0,1,1,1,1,1,1,0,0,0,10660,0,0,0,0,0,0,0,0,0
0.666500,72.04,37.524,22.540,462,349,72.000,71,71,18.000,39.000,55.000,271,204,327,160,149,149,149,149,149,149,1,0,0,3,30,1,28.000,1,1,1,1,19,1,0,0,19,0,0,19,0,0,0,0,1,1,1,1,1,1,0,0,0,10664,0,0,0,0,0,0,0,0,0
0.666750,72.14,37.487,22.480,462,350,72.000,71,71,18.000,39.000,55.000,270,205,329,160,150,150,150,150,150,150,1,0,0,3,30,1,28.000,1,1,1,1,19,1,0,0,19,0,0,19,0,0,0,0,1,1,1,1,1,1,0,0,0,10668,0,0,0,0,0,0,0,0,0
0.667000,72.25,37.450,22.480,462,350,72.000,71,71,18.000,39.000,55.000,270,205,329,160,150,150,150,150,150,150,1,0,0,3,30,1,28.000,1,1,1,1,19,1,0,0,19,0,0,19,0,0,0,0,1,1,1,1,1,1,0,0,0,10672,0,0,0,0,0,0,0,0,0
0.667250,72.36,37.412,22.430,462,350,72.000,71,71,18.000,39.000,55.000,269,205,329,160,150,150,150,150,150,150,1,0,0,3,30,1,28.000,1,1,1,1,19,1,0,0,19,0,0,19,0,0,0,0,1,1,1,1,1,1,0,0,0,10676,0,0,0,0,0,0,0,0,0
0.667500,72.47,37.375,22.430,462,350,72.000,71,71,18.000,39.000,55.000,269,205,329,160,150,150,150,150,150,150,1,0,0,3,30,1,28.000,1,1,1,1,19,1,0,0,19,0,0,19,0,0,0,0,1,1,1,1,1,1,0,0,0,10680,0,0,0,0,0,0,0,0,0
0.667750,72.58,37.337,22.430,462,351,72.000,71,71,18.000,39.000,55.000,269,206,330,160,150,150,150,150,150,150,1,0,0,3,30,1,28.000,1,1,1,1,19,1,0,0,19,0,0,19,0,0,0,0,1,1,1,1,1,1,0,0,0,10684,0,0,0,0,0,0,0,0,0
0.668000,72.68,37.299,22.370,461,351,72.000,71,71,18.000,39.000,55.000,269,206,330,160,150,150,150,150,150,150,1,0,0,3,30,1,28.000,1,1,1,1,19,1,0,0,19,0,0,19,0,0,0,0,1,1,1,1,1,1,0,0,0,10688,0,0,0,0,0,0,0,0,0
0.668250,72.79,37.261,22.370,461,351,72.000,71,71,18.000,39.000,55.000,269,206,330,160,150,150,150,150,150,150,1,0,0,3,30,1,28.000,1,1,1,1,19,1,0,0,19,0,0,19,0,0,0,0,1,1,1,1,1,1,0,0,0,10692,0,0,0,0,0,0,0,0,0
0.668500,72.90,37.223,22.320,461,351,72.000,71,71,18.000,39.000,55.000,268,206,330,160,150,150,150,150,150,150,1,0,0,3,30,1,28.000,1,1,1,1,19,1,0,0,19,0,0,19,0,0,0,0,1,1,1,1,1,1,0,0,0,10696,0,0,0,0,0,0,0,0,0
0.668750,73.01,37.185,22.320,461,351,72.000,71,71,18.000,39.000,55.000,268,206,330,160,150,150,150,150,150,150,1,0,0,3,30,1,28.000,1,1,1,1,19,1,0,0,19,0,0,19,0,0,0,0,1,1,1,1,1,1,0,0,0,10700,0,0,0,0,0,0,0,0,0
0.669000,73.12,37.147,22.260,461,352,72.000,71,71,18.000,39.000,55.000,267,206,331,160,151,151,151,151,151,151,1,0,0,3,30,1,28.000,1,1,1,1,19,1,0,0,19,0,0,19,0,0,0,0,1,1,1,1,1,1,0,0,0,10704,0,0,0,0,0,0,0,0,0
0.669250,73.22,37.109,22.260,461,352,72.000,71,71,18.000,39.000,55.000,267,206,331,160,151,151,151,151,151,151,1,0,0,3,30,1,28.000,1,1,1,1,19,1,0,0,19,0,0,19,0,0,0,0,1,1,1,1,1,1,0,0,0,10708,0,0,0,0,0,0,0,0,0
0.669500,73.33,37.070,22.260,460,352,72.000,71,71,18.000,39.000,55.000,267,206,331,160,151,151,151,151,151,151,1,0,0,3,30,1,28.000,1,1,1,1,19,1,0,0,19,0,0,19,0,0,0,0,1,1,1,1,1,1,0,0,0,10712,0,0,0,0,0,0,0,0,0
0.669750,73.44,37.032,22.210,460,352,72.000,71,71,18.000,39.000,55.000,267,206,331,160,151,151,151,151,151,151,1,0,0,3,30,1,28.000,1,1,1,1,19,1,0,0,19,0,0,19,0,0,0,0,1,1,1,1,1,1,0,0,0,10716,0,0,0,0,0,0,0,0,0
0.670000,73.55,36.993,22.210,460,353,72.000,71,71,18.000,39.000,55.000,267,207,332,160,151,151,151,151,151,151,1,0,0,3,30,1,28.000,1,1,1,1,19,1,0,0,19,0,0,19,0,0,0,0,1,1,1,1,1,1,0,0,0,10720,0,0,0,0,0,0,0,0,0
0.670250,73.66,36.954,22.150,460,353,72.000,71,71,18.000,39.000,55.000,266,207,332,160,151,151,151,151,151,151,1,0,0,3,30,1,28.000,1,1,1,1,19,1,0,0,19,0,0,19,0,0,0,0,1,1,1,1,1,1,0,0,0,10724,0,0,0,0,0,0,0,0,0
0.670500,73.76,36.915,22.150,460,353,72.000,71,71,18.000,39.000,55.000,266,207,332,160,151,151,151,151,151,151,1,0,0,3,30,1,28.000,1,1,1,1,19,1,0,0,19,0,0,19,0,0,0,0,1,1,1,1,1,1,0,0,0,10728,0,0,0,0,0,0,0,0,0
0.670750,73.87,36.877,22.100,459,353,72.000,71,71,18.000,39.000,55.000,265,207,332,160,151,151,151,151,151,151,1,0,0,3,30,1,28.000,1,1,1,1,19,1,0,0,19,0,0,19,0,0,0,0,1,1,1,1,1,1,0,0,0,10732,0,0,0,0,0,0,0,0,0
0.671000,73.98,36.837,22.100,459,353,72.000,71,71,18.000,39.000,55.000,265,207,332,160,151,151,151,151,151,151,1,0,0,3,30,1,28.000,1,1,1,1,19,1,0,0,19,0,0,19,0,0,0,0,1,1,1,1,1,1,0,0,0,10736,0,0,0,0,0,0,0,0,0
0.671250,74.09,36.798,22.050,459,354,72.000,71,71,18.000,39.000,55.000,265,208,333,160,151,151,151,151,151,151,1,0,0,3,30,1,28.000,1,1,1,1,19,1,0,0,19,0,0,19,0,0,0,0,1,1,1,1,1,1,0,0,0,10740,0,0,0,0,0,0,0,0,0
0.671500,74.20,36.759,22.050,459,354,72.000,71,71,18.000,39.000,55.000,265,208,333,160,151,151,151,151,151,151,1,0,0,3,30,1,28.000,1,1,1,1,19,1,0,0,19,0,0,19,0,0,0,0,1,1,1,1,1,1,0,0,0,10744,0,0,0,0,0,0,0,0,0
0.671750,74.30,36.720,22.050,459,354,72.000,71,71,18.000,39.000,55.000,265,208,333,160,151,151,151,151,151,151,1,0,0,3,30,1,28.000,1,1,1,1,19,1,0,0,19,0,0,19,0,0,0,0,1,1,1,1,1,1,0,0,0,10748,0,0,0,0,0,0,0,0,0
0.672000,74.41,36.680,21.990,458,354,72.000,71,71,18.000,39.000,55.000,264,208,333,160,151,151,151,151,151,151,1,0,0,3,30,1,28.000,1,1,1,1,19,1,0,0,19,0,0,19,0,0,0,0,1,1,1,1,1,1,0,0,0,10752,0,0,0,0,0,0,0,0,0
0.672250,74.52,36.641,21.990,458,355,72.000,71,71,18.000,39.000,55.000,264,208,334,160,152,152,152,152,152,152,1,0,0,3,30,1,28.000,1,1,1,1,19,1,0,0,19,0,0,19,0,0,0,0,1,1,1,1,1,1,0,0,0,10756,0,0,0,0,0,0,0,0,0
0.672500,74.63,36.601,21.940,458,355,72.000,71,71,18.000,39.000,55.000,263,208,334,160,152,152,152,152,152,152,1,0,0,3,30,1,28.000,1,1,1,1,19,1,0,0,19,0,0,19,0,0,0,0,1,1,1,1,1,1,0,0,0,10760,0,0,0,0,0,0,0,0,0
0.672750,74.74,36.561,21.940,458,355,72.000,71,71,18.000,39.000,55.000,263,208,334,160,152,152,152,152,152,152,1,0,0,3,30,1,28.000,1,1,1,1,19,1,0,0,19,0,0,19,0,0,0,0,1,1,1,1,1,1,0,0,0,10764,0,0,0,0,0,0,0,0,0
0.673000,74.84,36.521,21.880,458,355,72.000,71,71,18.000,39.000,55.000,263,208,334,160,152,152,152,152,152,152,1,0,0,3,30,1,28.000,1,1,1,1,19,1,0,0,19,0,0,19,0,0,0,0,1,1,1,1,1,1,0,0,0,10768,0,0,0,0,0,0,0,0,0
0.673250,74.95,36.481,21.880,457,355,72.000,71,71,18.000,39.000,55.000,263,208,334,160,152,152,152,152,152,152,1,0,0,3,30,1,28.000,1,1,1,1,19,1,0,0,19,0,0,19,0,0,0,0,1,1,1,1,1,1,0,0,0,10772,0,0,0,0,0,0,0,0,0
0.673500,75.06,36.441,21.880,457,356,72.000,71,71,18.000,39.000,55.000,263,209,335,160,152,152,152,152,152,152,1,0,0,3,30,1,28.000,1,1,0,0,20,1,0,0,20,0,0,20,0,0,0,0,1,1,1,1,1,1,0,0,0,10776,0,0,0,0,0,0,0,0,0
0.673750,75.17,36.401,21.830,457,356,72.000,71,71,18.000,39.000,55.000,262,209,335,160,152,152,152,152,152,152,1,0,0,3,30,1,28.000,1,1,0,0,20,1,0,0,20,0,0,20,0,0,0,0,1,1,1,1,1,1,0,0,0,10780,0,0,0,0,0,0,0,0,0
0.674000,75.28,36.361,21.830,457,356,72.000,71,71,18.000,39.000,55.000,262,209,335,160,152,152,152,152,152,152,1,0,0,3,30,1,28.000,1,1,0,0,20,1,0,0,20,0,0,20,0,0,0,0,1,1,1,1,1,1,0,0,0,10784,0,0,0,0,0,0,0,0,0
0.674250,75.38,36.321,21.770,457,356,72.000,71,71,18.000,39.000,55.000,261,209,335,160,152,152,152,152,152,152,1,0,0,3,30,1,28.000,1,1,0,0,20,1,0,0,20,0,0,20,0,0,0,0,1,1,1,1,1,1,0,0,0,10788,0,0,0,0,0,0,0,0,0
0.674500,75.49,36.280,21.770,456,356,72.000,71,71,18.000,39.000,55.000,261,209,335,160,152,152,152,152,152,152,1,0,0,3,30,1,28.000,1,1,0,0,20,1,0,0,20,0,0,20,0,0,0,0,1,1,1,1,1,1,0,0,0,10792,0,0,0,0,0,0,0,0,0
0.674750,75.60,36.240,21.720,456,357,72.000,71,71,18.000,39.000,55.000,261,210,336,160,153,153,153,153,153,153,1,0,0,3,30,1,28.000,1,1,0,0,20,1,0,0,20,0,0,20,0,0,0,0,1,1,1,1,1,1,0,0,0,10796,0,0,0,0,0,0,0,0,0
0.675000,75.71,36.199,21.720,456,357,72.000,71,71,18.000,39.000,55.000,261,210,336,160,153,153,153,153,153,153,1,0,0,3,30,1,28.000,1,1,0,0,20,1,0,0,20,0,0,20,0,0,0,0,1,1,1,1,1,1,0,0,0,10800,0,0,0,0,0,0,0,0,0
0.675250,75.82,36.158,21.670,456,357,72.000,71,71,18.000,39.000,55.000,260,210,336,160,153,153,153,153,153,153,1,0,0,3,30,1,28.000,1,1,0,0,20,1,0,0,20,0,0,20,0,0,0,0,1,1,1,1,1,1,0,0,0,10804,0,0,0,0,0,0,0,0,0
0.675500,75.92,36.118,21.670,455,357,72.000,71,71,18.000,39.000,55.000,260,210,336,160,153,153,153,153,153,153,1,0,0,3,30,1,28.000,1,1,0,0,20,1,0,0,20,0,0,20,0,0,0,0,1,1,1,1,1,1,0,0,0,10808,0,0,0,0,0,0,0,0,0
0.675750,76.03,36.077,21.670,455,357,72.000,71,71,18.000,39.000,55.000,260,210,336,160,153,153,153,153,153,153,1,0,0,3,30,1,28.000,1,1,0,0,20,1,0,0,20,0,0,20,0,0,0,0,1,1,1,1,1,1,0,0,0,10812,0,0,0,0,0,0,0,0,0
0.676000,76.14,36.036,21.610,455,358,72.000,71,71,18.000,39.000,55.000,259,210,337,160,153,153,153,153,153,153,1,0,0,3,30,1,28.000,1,1,0,0,20,1,0,0,20,0,0,20,0,0,0,0,1,1,1,1,1,1,0,0,0,10816,0,0,0,0,0,0,0,0,0
0.676250,76.25,35.995,21.610,455,358,72.000,71,71,18.000,39.000,55.000,259,210,337,160,153,153,153,153,153,153,1,0,0,3,30,1,28.000,1,1,0,0,20,1,0,0,20,0,0,20,0,0,0,0,1,1,1,1,1,1,0,0,0,10820,0,0,0,0,0,0,0,0,0
0.676500,76.36,35.953,21.560,454,358,72.000,71,71,18.000,39.000,55.000,259,210,337,160,153,153,153,153,153,153,1,0,0,3,30,1,28.000,1,1,0,0,20,1,0,0,20,0,0,20,0,0,0,0,1,1,1,1,1,1,0,0,0,10824,0,0,0,0,0,0,0,0,0
0.676750,76.46,35.912,21.560,454,358,72.000,71,71,18.000,39.000,55.000,259,210,337,160,153,153,153,153,153,153,1,0,0,3,30,1,28.000,1,1,0,0,20,1,0,0,20,0,0,20,0,0,0,0,1,1,1,1,1,1,0,0,0,10828,0,0,0,0,0,0,0,0,0
0.677000,76.57,35.871,21.500,454,358,72.000,71,71,18.000,39.000,55.000,258,210,337,160,153,153,153,153,153,153,1,0,0,3,30,1,28.000,1,1,0,0,20,1,0,0,20,0,0,20,0,0,0,0,1,1,1,1,1,1,0,0,0,10832,0,0,0,0,0,0,0,0,0
0.677250,76.68,35.829,21.500,454,359,72.000,71,71,18.000,39.000,55.000,258,211,338,160,154,154,154,154,154,154,1,0,0,3,30,1,28.000,1,1,0,0,20,1,0,0,20,0,0,20,0,0,0,0,1,1,1,1,1,1,0,0,0,10836,0,0,0,0,0,0,0,0,0
0.677500,76.79,35.788,21.450,454,359,72.000,71,71,18.000,39.000,55.000,257,211,338,160,154,154,154,154,154,154,1,0,0,3,30,1,28.000,1,1,0,0,20,1,0,0,20,0,0,20,0,0,0,0,1,1,1,1,1,1,0,0,0,10840,0,0,0,0,0,0,0,0,0
0.677750,76.90,35.746,21.450,453,359,72.000,71,71,18.000,39.000,55.000,257,211,338,160,154,154,154,154,154,154,1,0,0,3,30,1,28.000,1,1,0,0,20,1,0,0,20,0,0,20,0,0,0,0,1,1,1,1,1,1,0,0,0,10844,0,0,0,0,0,0,0,0,0
0.678000,77.00,35.705,21.390,453,359,72.000,71,71,18.000,39.000,55.000,257,211,338,160,154,154,154,154,154,154,1,0,0,3,30,1,28.000,1,1,0,0,20,1,0,0,20,0,0,20,0,0,0,0,1,1,1,1,1,1,0,0,0,10848,0,0,0,0,0,0,0,0,0
0.678250,77.11,35.663,21.390,453,359,72.000,71,71,18.000,39.000,55.000,257,211,338,160,154,154,154,154,154,154,1,0,0,3,30,1,28.000,1,1,0,0,20,1,0,0,20,0,0,20,0,0,0,0,1,1,1,1,1,1,0,0,0,10852,0,0,0,0,0,0,0,0,0
0.678500,77.22,35.621,21.390,453,360,72.000,71,71,18.000,39.000,55.000,257,212,339,160,154,154,154,154,154,154,1,0,0,3,30,1,28.000,1,1,0,0,20,1,0,0,20,0,0,20,0,0,0,0,1,1,1,1,1,1,0,0,0,10856,0,0,0,0,0,0,0,0,0
0.678750,77.33,35.579,21.340,452,360,72.000,71,71,18.000,39.000,55.000,256,212,339,160,154,154,154,154,154,154,1,0,0,3,30,1,28.000,1,1,0,0,20,1,0,0,20,0,0,20,0,0,0,0,1,1,1,1,1,1,0,0,0,10860,0,0,0,0,0,0,0,0,0
0.679000,77.44,35.537,21.340,452,360,72.000,71,71,18.000,39.000,55.000,256,212,339,160,154,154,154,154,154,154,1,0,0,3,30,1,28.000,1,1,0,0,20,1,0,0,20,0,0,20,0,0,0,0,1,1,1,1,1,1,0,0,0,10864,0,0,0,0,0,0,0,0,0
0.679250,77.54,35.495,21.280,452,360,72.000,71,71,18.000,39.000,55.000,255,212,339,160,154,154,154,154,154,154,1,0,0,3,30,1,28.000,1,1,0,0,20,1,0,0,20,0,0,20,0,0,0,0,1,1,1,1,1,1,0,0,0,10868,0,0,0,0,0,0,0,0,0
0.679500,77.65,35.453,21.280,452,360,72.000,71,71,18.000,39.000,55.000,255,212,339,160,154,154,154,154,154,154,1,0,0,3,30,1,28.000,1,1,0,0,20,1,0,0,20,0,0,20,0,0,0,0,1,1,1,1,1,1,0,0,0,10872,0,0,0,0,0,0,0,0,0
0.679750,77.76,35.410,21.230,451,361,72.000,71,71,18.000,39.000,55.000,255,212,340,160,155,155,155,155,155,155,1,0,0,3,30,1,28.000,1,1,0,0,20,1,0,0,20,0,0,20,0,0,0,0,1,1,1,1,1,1,0,0,0,10876,0,0,0,0,0,0,0,0,0
0.680000,77.87,35.368,21.230,451,361,72.000,71,71,18.000,39.000,55.000,255,212,340,160,155,155,155,155,155,155,1,0,0,3,30,1,28.000,1,1,0,0,20,1,0,0,20,0,0,20,0,0,0,0,1,1,1,1,1,1,0,0,0,10880,0,0,0,0,0,0,0,0,0
0.680250,77.98,35.325,21.180,451,361,72.000,71,71,18.000,39.000,55.000,254,212,340,160,155,155,155,155,155,155,1,0,0,3,30,1,28.000,1,1,0,0,20,1,0,0,20,0,0,20,0,0,0,0,1,1,1,1,1,1,0,0,0,10884,0,0,0,0,0,0,0,0,0
0.680500,78.08,35.283,21.180,451,361,72.000,71,71,18.000,39.000,55.000,254,212,340,160,155,155,155,155,155,155,1,0,0,3,30,1,28.000,1,1,0,0,20,1,0,0,20,0,0,20,0,0,0,0,1,1,1,1,1,1,0,0,0,10888,0,0,0,0,0,0,0,0,0
0.680750,78.19,35.240,21.120,450,361,72.000,71,71,18.000,39.000,55.000,254,212,340,160,155,155,155,155,155,155,1,0,0,3,30,1,28.000,1,1,0,0,20,1,0,0,20,0,0,20,0,0,0,0,1,1,1,1,1,1,0,0,0,10892,0,0,0,0,0,0,0,0,0
0.681000,78.30,35.198,21.120,450,362,72.000,71,71,18.000,39.000,55.000,254,213,341,160,155,155,155,155,155,155,1,0,0,3,30,1,28.000,1,1,0,0,20,1,0,0,20,0,0,20,0,0,0,0,1,1,1,1,1,1,0,0,0,10896,0,0,0,0,0,0,0,0,0
0.681250,78.41,35.155,21.070,450,362,72.000,71,71,18.000,39.000,55.000,253,213,341,160,155,155,155,155,155,155,1,0,0,3,30,1,28.000,1,1,0,0,20,1,0,0,20,0,0,20,0,0,0,0,1,1,1,1,1,1,0,0,0,10900,0,0,0,0,0,0,0,0,0
0.681500,78.52,35.112,21.070,450,362,72.000,71,71,18.000,39.000,55.000,253,213,341,160,155,155,155,155,155,155,1,0,0,3,30,1,28.000,1,1,0,0,20,1,0,0,20,0,0,20,0,0,0,0,1,1,1,1,1,1,0,0,0,10904,0,0,0,0,0,0,0,0,0
0.681750,78.62,35.069,21.070,449,362,72.000,71,71,18.000,39.000,55.000,253,213,341,160,155,155,155,155,155,155,1,0,0,3,30,1,28.000,1,1,0,0,20,1,0,0,20,0,0,20,0,0,0,0,1,1,1,1,1,1,0,0,0,10908,0,0,0,0,0,0,0,0,0
0.682000,78.73,35.026,21.010,449,362,72.000,71,71,18.000,39.000,55.000,252,213,341,160,155,155,155,155,155,155,1,0,0,3,30,1,28.000,1,1,0,0,20,1,0,0,20,0,0,20,0,0,0,0,1,1,1,1,1,1,0,0,0,10912,0,0,0,0,0,0,0,0,0
0.682250,78.84,34.983,20.960,449,362,72.000,71,71,18.000,39.000,55.000,252,213,341,160,155,155,155,155,155,155,1,0,0,3,30,1,28.000,1,1,2,2,21,1,0,0,21,0,0,21,0,0,0,0,1,1,1,1,1,1,0,0,0,10916,0,0,0,0,0,0,0,0,0
0.682500,78.95,34.940,20.960,448,363,72.000,71,71,18.000,39.000,55.000,252,214,342,160,156,156,156,156,156,156,1,0,0,3,30,1,28.000,1,1,2,2,21,1,0,0,21,0,0,21,0,0,0,0,1,1,1,1,1,1,0,0,0,10920,0,0,0,0,0,0,0,0,0
0.682750,79.06,34.896,20.900,448,363,72.000,71,71,18.000,39.000,55.000,251,214,342,160,156,156,156,156,156,156,1,0,0,3,30,1,28.000,1,1,2,2,21,1,0,0,21,0,0,21,0,0,0,0,1,1,1,1,1,1,0,0,0,10924,0,0,0,0,0,0,0,0,0
0.683000,79.16,34.853,20.900,448,363,72.000,71,71,18.000,39.000,55.000,251,214,342,160,156,156,156,156,156,156,1,0,0,3,30,1,28.000,1,1,2,2,21,1,0,0,21,0,0,21,0,0,0,0,1,1,1,1,1,1,0,0,0,10928,0,0,0,0,0,0,0,0,0
0.683250,79.27,34.810,20.900,448,363,72.000,71,71,18.000,39.000,55.000,251,214,342,160,156,156,156,156,156,156,1,0,0,3,30,1,28.000,1,1,2,2,21,1,0,0,21,0,0,21,0,0,0,0,1,1,1,1,1,1,0,0,0,10932,0,0,0,0,0,0,0,0,0
0.683500,79.38,34.766,20.850,447,363,72.000,71,71,18.000,39.000,55.000,250,214,342,160,156,156,156,156,156,156,1,0,0,3,30,1,28.000,1,1,2,2,21,1,0,0,21,0,0,21,0,0,0,0,1,1,1,1,1,1,0,0,0,10936,0,0,0,0,0,0,0,0,0
0.683750,79.49,34.723,20.850,447,363,72.000,71,71,18.000,39.000,55.000,250,214,342,160,156,156,156,156,156,156,1,0,0,3,30,1,28.000,1,1,2,2,21,1,0,0,21,0,0,21,0,0,0,0,1,1,1,1,1,1,0,0,0,10940,0,0,0,0,0,0,0,0,0
0.684000,79.60,34.679,20.790,447,364,72.000,71,71,18.000,39.000,55.000,250,214,343,160,156,156,156,156,156,156,1,0,0,3,30,1,28.000,1,1,2,2,21,1,0,0,21,0,0,21,0,0,0,0,1,1,1,1,1,1,0,0,0,10944,0,0,0,0,0,0,0,0,0
0.684250,79.70,34.635,20.790,447,364,72.000,71,71,18.000,39.000,55.000,250,214,343,160,156,156,156,156,156,156,1,0,0,3,30,1,28.000,1,1,2,2,21,1,0,0,21,0,0,21,0,0,0,0,1,1,1,1,1,1,0,0,0,10948,0,0,0,0,0,0,0,0,0
0.684500,79.81,34.592,20.740,446,364,72.000,71,71,18.000,39.000,55.000,249,214,343,160,156,156,156,156,156,156,1,0,0,3,30,1,28.000,1,1,2,2,21,1,0,0,21,0,0,21,0,0,0,0,1,1,1,1,1,1,0,0,0,10952,0,0,0,0,0,0,0,0,0
0.684750,79.92,34.548,20.740,446,364,72.000,71,71,18.000,39.000,55.000,249,214,343,160,156,156,156,156,156,156,1,0,0,3,30,1,28.000,1,1,2,2,21,1,0,0,21,0,0,21,0,0,0,0,1,1,1,1,1,1,0,0,0,10956,0,0,0,0,0,0,0,0,0
0.685000,80.03,34.504,20.690,446,364,72.000,71,71,18.000,39.000,55.000,248,214,343,160,156,156,156,156,156,156,1,0,0,3,30,1,28.000,1,1,2,2,21,1,0,0,21,0,0,21,0,0,0,0,1,1,1,1,1,1,0,0,0,10960,0,0,0,0,0,0,0,0,0
0.685250,80.14,34.460,20.690,445,364,72.000,71,71,18.000,39.000,55.000,248,214,343,160,156,156,156,156,156,156,1,0,0,3,30,1,28.000,1,1,2,2,21,1,0,0,21,0,0,21,0,0,0,0,1,1,1,1,1,1,0,0,0,10964,0,0,0,0,0,0,0,0,0
0.685500,80.24,34.416,20.630,445,365,72.000,71,71,18.000,39.000,55.000,248,215,344,160,157,157,157,157,157,157,1,0,0,3,30,1,28.000,1,1,2,2,21,1,0,0,21,0,0,21,0,0,0,0,1,1,1,1,1,1,0,0,0,10968,0,0,0,0,0,0,0,0,0
0.685750,80.35,34.372,20.630,445,365,72.000,71,71,18.000,39.000,55.000,248,215,344,160,157,157,157,157,157,157,1,0,0,3,30,1,28.000,1,1,2,2,21,1,0,0,21,0,0,21,0,0,0,0,1,1,1,1,1,1,0,0,0,10972,0,0,0,0,0,0,0,0,0
0.686000,80.46,34.328,20.580,445,365,72.000,71,71,18.000,39.000,55.000,247,215,344,160,157,157,157,157,157,157,1,0,0,3,30,1,28.000,1,1,2,2,21,1,0,0,21,0,0,21,0,0,0,0,1,1,1,1,1,1,0,0,0,10976,0,0,0,0,0,0,0,0,0
0.686250,80.57,34.284,20.580,444,365,72.000,71,71,18.000,39.000,55.000,247,215,344,160,157,157,157,157,157,157,1,0,0,3,30,1,28.000,1,1,2,2,21,1,0,0,21,0,0,21,0,0,0,0,1,1,1,1,1,1,0,0,0,10980,0,0,0,0,0,0,0,0,0
0.686500,80.68,34.239,20.520,444,365,72.000,71,71,18.000,39.000,55.000,246,215,344,160,157,157,157,157,157,157,1,0,0,3,30,1,28.000,1,1,2,2,21,1,0,0,21,0,0,21,0,0,0,0,1,1,1,1,1,1,0,0,0,10984,0,0,0,0,0,0,0,0,0
0.686750,80.78,34.195,20.520,444,365,72.000,71,71,18.000,39.000,55.000,246,215,344,160,157,157,157,157,157,157,1,0,0,3,30,1,28.000,1,1,2,2,21,1,0,0,21,0,0,21,0,0,0,0,1,1,1,1,1,1,0,0,0,10988,0,0,0,0,0,0,0,0,0
0.687000,80.89,34.151,20.470,443,366,72.000,71,71,18.000,39.000,55.000,246,216,345,160,157,157,157,157,157,157,1,0,0,3,30,1,28.000,1,1,2,2,21,1,0,0,21,0,0,21,0,0,0,0,1,1,1,1,1,1,0,0,0,10992,0,0,0,0,0,0,0,0,0
0.687250,81.00,34.106,20.470,443,366,72.000,71,71,18.000,39.000,55.000,246,216,345,160,157,157,157,157,157,157,1,0,0,3,30,1,28.000,1,1,2,2,21,1,0,0,21,0,0,21,0,0,0,0,1,1,1,1,1,1,0,0,0,10996,0,0,0,0,0,0,0,0,0
0.687500,81.11,34.061,20.410,443,366,72.000,71,71,18.000,39.000,55.000,245,216,345,160,157,157,157,157,157,157,1,0,0,3,30,1,28.000,1,1,2,2,21,1,0,0,21,0,0,21,0,0,0,0,1,1,1,1,1,1,0,0,0,11000,0,0,0,0,0,0,0,0,0
0.687750,81.22,34.017,20.410,443,366,72.000,71,71,18.000,39.000,55.000,245,216,345,160,157,157,157,157,157,157,1,0,0,3,30,1,28.000,1,1,2,2,21,1,0,0,21,0,0,21,0,0,0,0,1,1,1,1,1,1,0,0,0,11004,0,0,0,0,0,0,0,0,0
0.688000,81.32,33.972,20.360,442,366,72.000,71,71,18.000,39.000,55.000,244,216,345,160,157,157,157,157,157,157,1,0,0,3,30,1,28.000,1,1,2,2,21,1,0,0,21,0,0,21,0,0,0,0,1,1,1,1,1,1,0,0,0,11008,0,0,0,0,0,0,0,0,0
0.688250,81.43,33.927,20.360,442,366,72.000,71,71,18.000,39.000,55.000,244,216,345,160,157,157,157,157,157,157,1,0,0,3,30,1,28.000,1,1,2,2,21,1,0,0,21,0,0,21,0,0,0,0,1,1,1,1,1,1,0,0,0,11012,0,0,0,0,0,0,0,0,0
0.688500,81.54,33.883,20.310,442,367,72.000,71,71,18.000,39.000,55.000,244,216,346,160,158,158,158,158,158,158,1,0,0,3,30,1,28.000,1,1,2,2,21,1,0,0,21,0,0,21,0,0,0,0,1,1,1,1,1,1,0,0,0,11016,0,0,0,0,0,0,0,0,0
0.688750,81.65,33.838,20.310,441,367,72.000,71,71,18.000,39.000,55.000,244,216,346,160,158,158,158,158,158,158,1,0,0,3,30,1,28.000,1,1,2,2,21,1,0,0,21,0,0,21,0,0,0,0,1,1,1,1,1,1,0,0,0,11020,0,0,0,0,0,0,0,0,0
0.689000,81.76,33.793,20.250,441,367,72.000,71,71,18.000,39.000,55.000,243,216,346,160,158,158,158,158,158,158,1,0,0,3,30,1,28.000,1,1,2,2,21,1,0,0,21,0,0,21,0,0,0,0,1,1,1,1,1,1,0,0,0,11024,0,0,0,0,0,0,0,0,0
0.689250,81.86,33.748,20.250,441,367,72.000,71,71,18.000,39.000,55.000,243,216,346,160,158,158,158,158,158,158,1,0,0,3,30,1,28.000,1,1,2,2,21,1,0,0,21,0,0,21,0,0,0,0,1,1,1,1,1,1,0,0,0,11028,0,0,0,0,0,0,0,0,0
0.689500,81.97,33.703,20.200,440,367,72.000,71,71,18.000,39.000,55.000,242,216,346,160,158,158,158,158,158,158,1,0,0,3,30,1,28.000,1,1,2,2,21,1,0,0,21,0,0,21,0,0,0,0,1,1,1,1,1,1,0,0,0,11032,0,0,0,0,0,0,0,0,0
0.689750,82.08,33.658,20.200,440,367,72.000,71,71,18.000,39.000,55.000,242,216,346,160,158,158,158,158,158,158,1,0,0,3,30,1,28.000,1,1,2,2,21,1,0,0,21,0,0,21,0,0,0,0,1,1,1,1,1,1,0,0,0,11036,0,0,0,0,0,0,0,0,0
0.690000,82.19,33.613,20.140,440,367,72.000,71,71,18.000,39.000,55.000,242,216,346,160,158,158,158,158,158,158,1,0,0,3,30,1,28.000,1,1,2,2,21,1,0,0,21,0,0,21,0,0,0,0,1,1,1,1,1,1,0,0,0,11040,0,0,0,0,0,0,0,0,0
0.690250,82.30,33.567,20.140,439,368,72.000,71,71,18.000,39.000,55.000,242,217,347,160,158,158,158,158,158,158,1,0,0,3,30,1,28.000,1,1,2,2,21,1,0,0,21,0,0,21,0,0,0,0,1,1,1,1,1,1,0,0,0,11044,0,0,0,0,0,0,0,0,0
0.690500,82.40,33.522,20.090,439,368,72.000,71,71,18.000,39.000,55.000,241,217,347,160,158,158,158,158,158,158,1,0,0,3,30,1,28.000,1,1,2,2,21,1,0,0,21,0,0,21,0,0,0,0,1,1,1,1,1,1,0,0,0,11048,0,0,0,0,0,0,0,0,0
0.690750,82.51,33.477,20.090,439,368,72.000,71,71,18.000,39.000,55.000,241,217,347,160,158,158,158,158,158,158,1,0,0,3,30,1,28.000,1,1,3,3,22,1,0,0,22,0,0,22,0,0,0,0,1,1,1,1,1,1,0,0,0,11052,0,0,0,0,0,0,0,0,0
0.691000,82.62,33.432,20.030,439,368,72.000,71,71,18.000,39.000,55.000,240,217,347,160,158,158,158,158,158,158,1,0,0,3,30,1,28.000,1,1,3,3,22,1,0,0,22,0,0,22,0,0,0,0,1,1,1,1,1,1,0,0,0,11056,0,0,0,0,0,0,0,0,0
0.691250,82.73,33.386,20.030,438,368,72.000,71,71,18.000,39.000,55.000,240,217,347,160,158,158,158,158,158,158,1,0,0,3,30,1,28.000,1,1,3,3,22,1,0,0,22,0,0,22,0,0,0,0,1,1,1,1,1,1,0,0,0,11060,0,0,0,0,0,0,0,0,0
0.691500,82.84,33.341,19.980,438,368,72.000,71,71,18.000,39.000,55.000,240,217,347,160,158,158,158,158,158,158,1,0,0,3,30,1,28.000,1,1,3,3,22,1,0,0,22,0,0,22,0,0,0,0,1,1,1,1,1,1,0,0,0,11064,0,0,0,0,0,0,0,0,0
0.691750,82.94,33.295,19.980,438,368,72.000,71,71,18.000,39.000,55.000,240,217,347,160,158,158,158,158,158,158,1,0,0,3,30,1,28.000,1,1,3,3,22,1,0,0,22,0,0,22,0,0,0,0,1,1,1,1,1,1,0,0,0,11068,0,0,0,0,0,0,0,0,0
0.692000,83.05,33.250,19.920,437,369,72.000,71,71,18.000,39.000,55.000,239,218,348,160,159,159,159,159,159,159,1,0,0,3,30,1,28.000,1,1,3,3,22,1,0,0,22,0,0,22,0,0,0,0,1,1,1,1,1,1,0,0,0,11072,0,0,0,0,0,0,0,0,0
0.692250,83.16,33.204,19.920,437,369,72.000,71,71,18.000,39.000,55.000,239,218,348,160,159,159,159,159,159,159,1,0,0,3,30,1,28.000,1,1,3,3,22,1,0,0,22,0,0,22,0,0,0,0,1,1,1,1,1,1,0,0,0,11076,0,0,0,0,0,0,0,0,0
0.692500,83.27,33.158,19.870,437,369,72.000,71,71,18.000,39.000,55.000,238,218,348,160,159,159,159,159,159,159,1,0,0,3,30,1,28.000,1,1,3,3,22,1,0,0,22,0,0,22,0,0,0,0,1,1,1,1,1,1,0,0,0,11080,0,0,0,0,0,0,0,0,0
0.692750,83.38,33.113,19.870,436,369,72.000,71,71,18.000,39.000,55.000,238,218,348,160,159,159,159,159,159,159,1,0,0,3,30,1,28.000,1,1,3,3,22,1,0,0,22,0,0,22,0,0,0,0,1,1,1,1,1,1,0,0,0,11084,0,0,0,0,0,0,0,0,0
0.693000,83.48,33.067,19.820,436,369,72.000,71,71,18.000,39.000,55.000,238,218,348,160,159,159,159,159,159,159,1,0,0,3,30,1,28.000,1,1,3,3,22,1,0,0,22,0,0,22,0,0,0,0,1,1,1,1,1,1,0,0,0,11088,0,0,0,0,0,0,0,0,0
0.693250,83.59,33.021,19.820,436,369,72.000,71,71,18.000,39.000,55.000,238,218,348,160,159,159,159,159,159,159,1,0,0,3,30,1,28.000,1,1,3,3,22,1,0,0,22,0,0,22,0,0,0,0,1,1,1,1,1,1,0,0,0,11092,0,0,0,0,0,0,0,0,0
0.693500,83.70,32.975,19.760,435,369,72.000,71,71,18.000,39.000,55.000,237,218,348,160,159,159,159,159,159,159,1,0,0,3,30,1,28.000,1,1,3,3,22,1,0,0,22,0,0,22,0,0,0,0,1,1,1,1,1,1,0,0,0,11096,0,0,0,0,0,0,0,0,0
0.693750,83.81,32.929,19.760,435,370,72.000,71,71,18.000,39.000,55.000,237,218,349,160,159,159,159,159,159,159,1,0,0,3,30,1,28.000,1,1,3,3,22,1,0,0,22,0,0,22,0,0,0,0,1,1,1,1,1,1,0,0,0,11100,0,0,0,0,0,0,0,0,0
0.694000,83.92,32.883,19.710,435,370,72.000,71,71,18.000,39.000,55.000,237,218,349,160,159,159,159,159,159,159,1,0,0,3,30,1,28.000,1,1,3,3,22,1,0,0,22,0,0,22,0,0,0,0,1,1,1,1,1,1,0,0,0,11104,0,0,0,0,0,0,0,0,0
0.694250,84.02,32.837,19.710,434,370,72.000,71,71,18.000,39.000,55.000,237,218,349,160,159,159,159,159,159,159,1,0,0,3,30,1,28.000,1,1,3,3,22,1,0,0,22,0,0,22,0,0,0,0,1,1,1,1,1,1,0,0,0,11108,0,0,0,0,0,0,0,0,0
0.694500,84.13,32.791,19.650,434,370,72.000,71,71,18.000,39.000,55.000,236,218,349,160,159,159,159,159,159,159,1,0,0,3,30,1,28.000,1,1,3,3,22,1,0,0,22,0,0,22,0,0,0,0,1,1,1,1,1,1,0,0,0,11112,0,0,0,0,0,0,0,0,0
0.694750,84.24,32.745,19.650,434,370,72.000,71,71,18.000,39.000,55.000,236,218,349,160,159,159,159,159,159,159,1,0,0,3,30,1,28.000,1,1,3,3,22,1,0,0,22,0,0,22,0,0,0,0,1,1,1,1,1,1,0,0,0,11116,0,0,0,0,0,0,0,0,0
0.695000,84.35,32.699,19.600,433,370,72.000,71,71,18.000,39.000,55.000,235,218,349,160,159,159,159,159,159,159,1,0,0,3,30,1,28.000,1,1,3,3,22,1,0,0,22,0,0,22,0,0,0,0,1,1,1,1,1,1,0,0,0,11120,0,0,0,0,0,0,0,0,0
0.695250,84.46,32.653,19.600,433,370,72.000,71,71,18.000,39.000,55.000,235,218,349,160,159,159,159,159,159,159,1,0,0,3,30,1,28.000,1,1,3,3,22,1,0,0,22,0,0,22,0,0,0,0,1,1,1,1,1,1,0,0,0,11124,0,0,0,0,0,0,0,0,0
0.695500,84.56,32.606,19.540,433,371,72.000,71,71,18.000,39.000,55.000,235,219,351,160,160,160,160,160,160,160,1,0,0,3,30,1,28.000,1,1,3,3,22,1,0,0,22,0,0,22,0,0,0,0,1,1,1,1,1,1,0,0,0,11128,0,0,0,0,0,0,0,0,0
0.695750,84.67,32.560,19.540,432,371,72.000,71,71,18.000,39.000,55.000,235,219,351,160,160,160,160,160,160,160,1,0,0,3,30,1,28.000,1,1,3,3,22,1,0,0,22,0,0,22,0,0,0,0,1,1,1,1,1,1,0,0,0,11132,0,0,0,0,0,0,0,0,0
0.696000,84.78,32.514,19.490,432,371,72.000,71,71,18.000,39.000,55.000,234,219,351,160,160,160,160,160,160,160,1,0,0,3,30,1,28.000,1,1,3,3,22,1,0,0,22,0,0,22,0,0,0,0,1,1,1,1,1,1,0,0,0,11136,0,0,0,0,0,0,0,0,0
0.696250,84.89,32.468,19.490,432,371,72.000,71,71,18.000,39.000,55.000,234,219,351,160,160,160,160,160,160,160,1,0,0,3,30,1,28.000,1,1,3,3,22,1,0,0,22,0,0,22,0,0,0,0,1,1,1,1,1,1,0,0,0,11140,0,0,0,0,0,0,0,0,0
0.696500,85.00,32.421,19.440,431,371,72.000,71,71,18.000,39.000,55.000,233,219,351,160,160,160,160,160,160,160,1,0,0,3,30,1,28.000,1,1,3,3,22,1,0,0,22,0,0,22,0,0,0,0,1,1,1,1,1,1,0,0,0,11144,0,0,0,0,0,0,0,0,0
0.696750,85.10,32.375,19.440,431,371,72.000,71,71,18.000,39.000,55.000,233,219,351,160,160,160,160,160,160,160,1,0,0,3,30,1,28.000,1,1,3,3,22,1,0,0,22,0,0,22,0,0,0,0,1,1,1,1,1,1,0,0,0,11148,0,0,0,0,0,0,0,0,0
0.697000,85.21,32.328,19.380,431,371,72.000,71,71,18.000,39.000,55.000,233,219,351,160,160,160,160,160,160,160,1,0,0,3,30,1,28.000,1,1,3,3,22,1,0,0,22,0,0,22,0,0,0,0,1,1,1,1,1,1,0,0,0,11152,0,0,0,0,0,0,0,0,0
0.697250,85.32,32.282,19.380,430,371,72.000,71,71,18.000,39.000,55.000,233,219,351,160,160,160,160,160,160,160,1,0,0,3,30,1,28.000,1,1,3,3,22,1,0,0,22,0,0,22,0,0,0,0,1,1,1,1,1,1,0,0,0,11156,0,0,0,0,0,0,0,0,0
0.697500,85.43,32.235,19.330,430,371,72.000,71,71,18.000,39.000,55.000,232,219,351,160,160,160,160,160,160,160,1,0,0,3,30,1,28.000,1,1,3,3,22,1,0,0,22,0,0,22,0,0,0,0,1,1,1,1,1,1,0,0,0,11160,0,0,0,0,0,0,0,0,0
0.697750,85.54,32.189,19.330,430,372,72.000,71,71,18.000,39.000,55.000,232,219,351,160,160,160,160,160,160,160,1,0,0,3,30,1,28.000,1,1,3,3,22,1,0,0,22,0,0,22,0,0,0,0,1,1,1,1,1,1,0,0,0,11164,0,0,0,0,0,0,0,0,0
0.698000,85.64,32.142,19.270,429,372,72.000,71,71,18.000,39.000,55.000,231,219,351,160,160,160,160,160,160,160,1,0,0,3,30,1,28.000,1,1,3,3,22,1,0,0,22,0,0,22,0,0,0,0,1,1,1,1,1,1,0,0,0,11168,0,0,0,0,0,0,0,0,0
0.698250,85.75,32.095,19.270,429,372,72.000,71,71,18.000,39.000,55.000,231,219,351,160,160,160,160,160,160,160,1,0,0,3,30,1,28.000,1,1,3,3,22,1,0,0,22,0,0,22,0,0,0,0,1,1,1,1,1,1,0,0,0,11172,0,0,0,0,0,0,0,0,0
0.698500,85.86,32.049,19.220,428,372,72.000,71,71,18.000,39.000,55.000,231,219,351,160,160,160,160,160,160,160,1,0,0,3,30,1,28.000,1,1,3,3,22,1,0,0,22,0,0,22,0,0,0,0,1,1,1,1,1,1,0,0,0,11176,0,0,0,0,0,0,0,0,0
0.698750,85.97,32.002,19.220,428,372,72.000,71,71,18.000,39.000,55.000,231,219,351,160,160,160,160,160,160,160,1,0,0,3,30,1,28.000,1,1,3,3,22,1,0,0,22,0,0,22,0,0,0,0,1,1,1,1,1,1,0,0,0,11180,0,0,0,0,0,0,0,0,0
0.699000,86.08,31.955,19.160,428,372,72.000,71,71,18.000,39.000,55.000,230,219,351,160,160,160,160,160,160,160,1,0,0,3,30,1,28.000,1,1,3,3,22,1,0,0,22,0,0,22,0,0,0,0,1,1,1,1,1,1,0,0,0,11184,0,0,0,0,0,0,0,0,0
0.699250,86.18,31.908,19.160,427,372,72.000,71,71,18.000,39.000,55.000,230,219,351,160,160,160,160,160,160,160,1,0,0,3,30,1,28.000,1,1,3,3,22,1,0,0,22,0,0,22,0,0,0,0,1,1,1,1,1,1,0,0,0,11188,0,0,0,0,0,0,0,0,0
0.699500,86.29,31.862,19.110,427,372,72.000,71,71,18.000,39.000,55.000,229,219,351,160,160,160,160,160,160,160,1,0,0,3,30,1,28.000,1,1,1,1,23,1,0,0,23,0,0,23,0,0,0,0,1,1,1,1,1,1,0,0,0,11192,0,0,0,0,0,0,0,0,0
0.699750,86.40,31.815,19.050,427,373,72.000,71,71,18.000,39.000,55.000,229,220,353,160,161,161,161,161,161,161,1,0,0,3,30,1,28.000,1,1,1,1,23,1,0,0,23,0,0,23,0,0,0,0,1,1,1,1,1,1,0,0,0,11196,0,0,0,0,0,0,0,0,0
0.700000,86.51,31.768,19.050,426,373,72.000,71,71,18.000,39.000,55.000,229,220,353,160,161,161,161,161,161,161,1,0,0,3,30,1,28.000,1,1,1,1,23,1,0,0,23,0,0,23,0,0,0,0,1,1,1,1,1,1,0,0,0,11200,0,0,0,0,0,0,0,0,0
0.700250,86.62,31.721,19.050,426,373,72.000,71,71,18.000,39.000,55.000,229,220,353,160,161,161,161,161,161,161,1,0,0,3,30,1,28.000,1,1,1,1,23,1,0,0,23,0,0,23,0,0,0,0,1,1,1,1,1,1,0,0,0,11204,0,0,0,0,0,0,0,0,0
0.700500,86.72,31.674,19.000,426,373,72.000,71,71,18.000,39.000,55.000,228,220,353,160,161,161,161,161,161,161,1,0,0,3,30,1,28.000,1,1,1,1,23,1,0,0,23,0,0,23,0,0,0,0,1,1,1,1,1,1,0,0,0,11208,0,0,0,0,0,0,0,0,0
0.700750,86.83,31.627,18.950,425,373,72.000,71,71,18.000,39.000,55.000,227,220,353,160,161,161,161,161,161,161,1,0,0,3,30,1,28.000,1,1,1,1,23,1,0,0,23,0,0,23,0,0,0,0,1,1,1,1,1,1,0,0,0,11212,0,0,0,0,0,0,0,0,0
0.701000,86.94,31.580,18.950,425,373,72.000,71,71,18.000,39.000,55.000,227,220,353,160,161,161,161,161,161,161,1,0,0,3,30,1,28.000,1,1,1,1,23,1,0,0,23,0,0,23,0,0,0,0,1,1,1,1,1,1,0,0,0,11216,0,0,0,0,0,0,0,0,0
0.701250,87.05,31.533,18.890,424,373,72.000,71,71,18.000,39.000,55.000,227,220,353,160,161,161,161,161,161,161,1,0,0,3,30,1,28.000,1,1,1,1,23,1,0,0,23,0,0,23,0,0,0,0,1,1,1,1,1,1,0,0,0,11220,0,0,0,0,0,0,0,0,0
0.701500,87.16,31.486,18.890,424,373,72.000,71,71,18.000,39.000,55.000,227,220,353,160,161,161,161,161,161,161,1,0,0,3,30,1,28.000,1,1,1,1,23,1,0,0,23,0,0,23,0,0,0,0,1,1,1,1,1,1,0,0,0,11224,0,0,0,0,0,0,0,0,0
0.701750,87.26,31.439,18.840,424,373,72.000,71,71,18.000,39.000,55.000,226,220,353,160,161,161,161,161,161,161,1,0,0,3,30,1,28.000,1,1,1,1,23,1,0,0,23,0,0,23,0,0,0,0,1,1,1,1,1,1,0,0,0,11228,0,0,0,0,0,0,0,0,0
0.702000,87.37,31.392,18.840,423,373,72.000,71,71,18.000,39.000,55.000,226,220,353,160,161,161,161,161,161,161,1,0,0,3,30,1,28.000,1,1,1,1,23,1,0,0,23,0,0,23,0,0,0,0,1,1,1,1,1,1,0,0,0,11232,0,0,0,0,0,0,0,0,0
0.702250,87.48,31.345,18.780,423,374,72.000,71,71,18.000,39.000,55.000,225,221,354,160,161,161,161,161,161,161,1,0,0,3,30,1,28.000,1,1,1,1,23,1,0,0,23,0,0,23,0,0,0,0,1,1,1,1,1,1,0,0,0,11236,0,0,0,0,0,0,0,0,0
0.702500,87.59,31.298,18.780,423,374,72.000,71,71,18.000,39.000,55.000,225,221,354,160,161,161,161,161,161,161,1,0,0,3,30,1,28.000,1,1,1,1,23,1,0,0,23,0,0,23,0,0,0,0,1,1,1,1,1,1,0,0,0,11240,0,0,0,0,0,0,0,0,0
0.702750,87.70,31.250,18.730,422,374,72.000,71,71,18.000,39.000,55.000,225,221,354,160,161,161,161,161,161,161,1,0,0,3,30,1,28.000,1,1,1,1,23,1,0,0,23,0,0,23,0,0,0,0,1,1,1,1,1,1,0,0,0,11244,0,0,0,0,0,0,0,0,0
0.703000,87.80,31.203,18.730,422,374,72.000,71,71,18.000,39.000,55.000,225,221,354,160,161,161,161,161,161,161,1,0,0,3,30,1,28.000,1,1,1,1,23,1,0,0,23,0,0,23,0,0,0,0,1,1,1,1,1,1,0,0,0,11248,0,0,0,0,0,0,0,0,0
0.703250,87.91,31.156,18.670,422,374,72.000,71,71,18.000,39.000,55.000,224,221,354,160,161,161,161,161,161,161,1,0,0,3,30,1,28.000,1,1,1,1,23,1,0,0,23,0,0,23,0,0,0,0,1,1,1,1,1,1,0,0,0,11252,0,0,0,0,0,0,0,0,0
0.703500,88.02,31.109,18.670,421,374,72.000,71,71,18.000,39.000,55.000,224,221,354,160,161,161,161,161,161,161,1,0,0,3,30,1,28.000,1,1,1,1,23,1,0,0,23,0,0,23,0,0,0,0,1,1,1,1,1,1,0,0,0,11256,0,0,0,0,0,0,0,0,0
0.703750,88.13,31.062,18.620,421,374,72.000,71,71,18.000,39.000,55.000,223,221,354,160,161,161,161,161,161,161,1,0,0,3,30,1,28.000,1,1,1,1,23,1,0,0,23,0,0,23,0,0,0,0,1,1,1,1,1,1,0,0,0,11260,0,0,0,0,0,0,0,0,0
0.704000,88.24,31.014,18.620,420,374,72.000,71,71,18.000,39.000,55.000,223,221,354,160,161,161,161,161,161,161,1,0,0,3,30,1,28.000,1,1,1,1,23,1,0,0,23,0,0,23,0,0,0,0,1,1,1,1,1,1,0,0,0,11264,0,0,0,0,0,0,0,0,0
0.704250,88.34,30.967,18.560,420,374,72.000,71,71,18.000,39.000,55.000,223,221,354,160,161,161,161,161,161,161,1,0,0,3,30,1,28.000,1,1,1,1,23,1,0,0,23,0,0,23,0,0,0,0,1,1,1,1,1,1,0,0,0,11268,0,0,0,0,0,0,0,0,0
0.704500,88.45,30.920,18.560,420,374,72.000,71,71,18.000,39.000,55.000,223,221,354,160,161,161,161,161,161,161,1,0,0,3,30,1,28.000,1,1,1,1,23,1,0,0,23,0,0,23,0,0,0,0,1,1,1,1,1,1,0,0,0,11272,0,0,0,0,0,0,0,0,0
0.704750,88.56,30.872,18.510,419,375,72.000,71,71,18.000,39.000,55.000,222,222,355,160,162,162,162,162,162,162,1,0,0,3,30,1,28.000,1,1,1,1,23,1,0,0,23,0,0,23,0,0,0,0,1,1,1,1,1,1,0,0,0,11276,0,0,0,0,0,0,0,0,0
0.705000,88.67,30.825,18.510,419,375,72.000,71,71,18.000,39.000,55.000,222,222,355,160,162,162,162,162,162,162,1,0,0,3,30,1,28.000,1,1,1,1,23,1,0,0,23,0,0,23,0,0,0,0,1,1,1,1,1,1,0,0,0,11280,0,0,0,0,0,0,0,0,0
0.705250,88.78,30.778,18.460,419,375,72.000,71,71,18.000,39.000,55.000,222,222,355,160,162,162,162,162,162,162,1,0,0,3,30,1,28.000,1,1,1,1,23,1,0,0,23,0,0,23,0,0,0,0,1,1,1,1,1,1,0,0,0,11284,0,0,0,0,0,0,0,0,0
0.705500,88.88,30.730,18.460,418,375,72.000,71,71,18.000,39.000,55.000,222,222,355,160,162,162,162,162,162,162,1,0,0,3,30,1,28.000,1,1,1,1,23,1,0,0,23,0,0,23,0,0,0,0,1,1,1,1,1,1,0,0,0,11288,0,0,0,0,0,0,0,0,0
0.705750,88.99,30.683,18.400,418,375,72.000,71,71,18.000,39.000,55.000,221,222,355,160,162,162,162,162,162,162,1,0,0,3,30,1,28.000,1,1,1,1,23,1,0,0,23,0,0,23,0,0,0,0,1,1,1,1,1,1,0,0,0,11292,0,0,0,0,0,0,0,0,0
0.706000,89.10,30.635,18.400,417,375,72.000,71,71,18.000,39.000,55.000,221,222,355,160,162,162,162,162,162,162,1,0,0,3,30,1,28.000,1,1,1,1,23,1,0,0,23,0,0,23,0,0,0,0,1,1,1,1,1,1,0,0,0,11296,0,0,0,0,0,0,0,0,0
0.706250,89.21,30.588,18.350,417,375,72.000,71,71,18.000,39.000,55.000,220,222,355,160,162,162,162,162,162,162,1,0,0,3,30,1,28.000,1,1,1,1,23,1,0,0,23,0,0,23,0,0,0,0,1,1,1,1,1,1,0,0,0,11300,0,0,0,0,0,0,0,0,0
0.706500,89.32,30.541,18.290,417,375,72.000,71,71,18.000,39.000,55.000,219,222,355,160,162,162,162,162,162,162,1,0,0,3,30,1,28.000,1,1,1,1,23,1,0,0,23,0,0,23,0,0,0,0,1,1,1,1,1,1,0,0,0,11304,0,0,0,0,0,0,0,0,0
0.706750,89.42,30.493,18.290,416,375,72.000,71,71,18.000,39.000,55.000,219,222,355,160,162,162,162,162,162,162,1,0,0,3,30,1,28.000,1,1,1,1,23,1,0,0,23,0,0,23,0,0,0,0,1,1,1,1,1,1,0,0,0,11308,0,0,0,0,0,0,0,0,0
0.707000,89.53,30.446,18.240,416,375,72.000,71,71,18.000,39.000,55.000,219,222,355,160,162,162,162,162,162,162,1,0,0,3,30,1,28.000,1,1,1,1,23,1,0,0,23,0,0,23,0,0,0,0,1,1,1,1,1,1,0,0,0,11312,0,0,0,0,0,0,0,0,0
0.707250,89.64,30.398,18.240,415,375,72.000,71,71,18.000,39.000,55.000,219,222,355,160,162,162,162,162,162,162,1,0,0,3,30,1,28.000,1,1,1,1,23,1,0,0,23,0,0,23,0,0,0,0,1,1,1,1,1,1,0,0,0,11316,0,0,0,0,0,0,0,0,0
0.707500,89.75,30.351,18.180,415,375,72.000,71,71,18.000,39.000,55.000,218,222,355,160,162,162,162,162,162,162,1,0,0,3,30,1,28.000,1,1,1,1,23,1,0,0,23,0,0,23,0,0,0,0,1,1,1,1,1,1,0,0,0,11320,0,0,0,0,0,0,0,0,0
0.707750,89.86,30.303,18.180,415,376,72.000,71,71,18.000,39.000,55.000,218,222,356,160,162,162,162,162,162,162,1,0,0,3,30,1,28.000,1,1,1,1,23,1,0,0,23,0,0,23,0,0,0,0,1,1,1,1,1,1,0,0,0,11324,0,0,0,0,0,0,0,0,0
0.708000,89.96,30.256,18.130,414,376,72.000,71,71,18.000,39.000,55.000,218,222,356,160,162,162,162,162,162,162,1,0,0,3,30,1,28.000,1,1,1,1,23,1,0,0,23,0,0,23,0,0,0,0,1,1,1,1,1,1,0,0,0,11328,0,0,0,0,0,0,0,0,0
0.708250,90.07,30.208,18.130,414,376,72.000,71,71,18.000,39.000,55.000,218,222,356,160,162,162,162,162,162,162,1,0,0,3,30,1,28.000,1,1,0,0,24,1,0,0,24,0,0,24,0,0,0,0,1,1,1,1,1,1,0,0,0,11332,0,0,0,0,0,0,0,0,0
0.708500,90.18,30.161,18.080,413,376,72.000,71,71,18.000,39.000,55.000,217,222,356,160,162,162,162,162,162,162,1,0,0,3,30,1,28.000,1,1,0,0,24,1,0,0,24,0,0,24,0,0,0,0,1,1,1,1,1,1,0,0,0,11336,0,0,0,0,0,0,0,0,0
0.708750,90.29,30.113,18.080,413,376,72.000,71,71,18.000,39.000,55.000,217,222,356,160,162,162,162,162,162,162,1,0,0,3,30,1,28.000,1,1,0,0,24,1,0,0,24,0,0,24,0,0,0,0,1,1,1,1,1,1,0,0,0,11340,0,0,0,0,0,0,0,0,0
0.709000,90.40,30.066,18.020,413,376,72.000,71,71,18.000,39.000,55.000,216,222,356,160,162,162,162,162,162,162,1,0,0,3,30,1,28.000,1,1,0,0,24,1,0,0,24,0,0,24,0,0,0,0,1,1,1,1,1,1,0,0,0,11344,0,0,0,0,0,0,0,0,0
0.709250,90.50,30.018,18.020,412,376,72.000,71,71,18.000,39.000,55.000,216,222,356,160,162,162,162,162,162,162,1,0,0,3,30,1,28.000,1,1,0,0,24,1,0,0,24,0,0,24,0,0,0,0,1,1,1,1,1,1,0,0,0,11348,0,0,0,0,0,0,0,0,0
0.709500,90.61,29.971,17.970,412,376,72.000,71,71,18.000,39.000,55.000,216,222,356,160,162,162,162,162,162,162,1,0,0,3,30,1,28.000,1,1,0,0,24,1,0,0,24,0,0,24,0,0,0,0,1,1,1,1,1,1,0,0,0,11352,0,0,0,0,0,0,0,0,0
0.709750,90.72,29.923,17.970,411,376,72.000,71,71,18.000,39.000,55.000,216,222,356,160,162,162,162,162,162,162,1,0,0,3,30,1,28.000,1,1,0,0,24,1,0,0,24,0,0,24,0,0,0,0,1,1,1,1,1,1,0,0,0,11356,0,0,0,0,0,0,0,0,0
0.710000,90.83,29.876,17.910,411,376,72.000,71,71,18.000,39.000,55.000,215,222,356,160,162,162,162,162,162,162,1,0,0,3,30,1,28.000,1,1,0,0,24,1,0,0,24,0,0,24,0,0,0,0,1,1,1,1,1,1,0,0,0,11360,0,0,0,0,0,0,0,0,0
0.710250,90.94,29.828,17.910,411,376,72.000,71,71,18.000,39.000,55.000,215,222,356,160,162,162,162,162,162,162,1,0,0,3,30,1,28.000,1,1,0,0,24,1,0,0,24,0,0,24,0,0,0,0,1,1,1,1,1,1,0,0,0,11364,0,0,0,0,0,0,0,0,0
0.710500,91.04,29.781,17.860,410,376,72.000,71,71,18.000,39.000,55.000,214,222,356,160,162,162,162,162,162,162,1,0,0,3,30,1,28.000,1,1,0,0,24,1,0,0,24,0,0,24,0,0,0,0,1,1,1,1,1,1,0,0,0,11368,0,0,0,0,0,0,0,0,0
0.710750,91.15,29.733,17.800,410,376,72.000,71,71,18.000,39.000,55.000,214,222,356,160,162,162,162,162,162,162,1,0,0,3,30,1,28.000,1,1,0,0,24,1,0,0,24,0,0,24,0,0,0,0,1,1,1,1,1,1,0,0,0,11372,0,0,0,0,0,0,0,0,0
0.711000,91.26,29.685,17.800,409,377,72.000,71,71,18.000,39.000,55.000,214,223,357,160,162,162,162,162,162,162,1,0,0,3,30,1,28.000,1,1,0,0,24,1,0,0,24,0,0,24,0,0,0,0,1,1,1,1,1,1,0,0,0,11376,0,0,0,0,0,0,0,0,0
0.711250,91.37,29.638,17.800,409,377,72.000,71,71,18.000,39.000,55.000,214,223,357,160,162,162,162,162,162,162,1,0,0,3,30,1,28.000,1,1,0,0,24,1,0,0,24,0,0,24,0,0,0,0,1,1,1,1,1,1,0,0,0,11380,0,0,0,0,0,0,0,0,0
0.711500,91.48,29.590,17.750,409,377,72.000,71,71,18.000,39.000,55.000,213,223,357,160,162,162,162,162,162,162,1,0,0,3,30,1,28.000,1,1,0,0,24,1,0,0,24,0,0,24,0,0,0,0,1,1,1,1,1,1,0,0,0,11384,0,0,0,0,0,0,0,0,0
0.711750,91.58,29.543,17.690,408,377,72.000,71,71,18.000,39.000,55.000,212,223,357,160,162,162,162,162,162,162,1,0,0,3,30,1,28.000,1,1,0,0,24,1,0,0,24,0,0,24,0,0,0,0,1,1,1,1,1,1,0,0,0,11388,0,0,0,0,0,0,0,0,0
0.712000,91.69,29.495,17.690,408,377,72.000,71,71,18.000,39.000,55.000,212,223,357,160,162,162,162,162,162,162,1,0,0,3,30,1,28.000,1,1,0,0,24,1,0,0,24,0,0,24,0,0,0,0,1,1,1,1,1,1,0,0,0,11392,0,0,0,0,0,0,0,0,0
0.712250,91.80,29.448,17.640,407,377,72.000,71,71,18.000,39.000,55.000,212,223,357,160,162,162,162,162,162,162,1,0,0,3,30,1,28.000,1,1,0,0,24,1,0,0,24,0,0,24,0,0,0,0,1,1,1,1,1,1,0,0,0,11396,0,0,0,0,0,0,0,0,0
0.712500,91.91,29.400,17.640,407,377,72.000,71,71,18.000,39.000,55.000,212,223,357,160,162,162,162,162,162,162,1,0,0,3,30,1,28.000,1,1,0,0,24,1,0,0,24,0,0,24,0,0,0,0,1,1,1,1,1,1,0,0,0,11400,0,0,0,0,0,0,0,0,0
0.712750,92.02,29.353,17.590,407,377,72.000,71,71,18.000,39.000,55.000,211,223,357,160,162,162,162,162,162,162,1,0,0,3,30,1,28.000,1,1,0,0,24,1,0,0,24,0,0,24,0,0,0,0,1,1,1,1,1,1,0,0,0,11404,0,0,0,0,0,0,0,0,0
0.713000,92.12,29.305,17.590,406,377,72.000,71,71,18.000,39.000,55.000,211,223,357,160,162,162,162,162,162,162,1,0,0,3,30,1,28.000,1,1,0,0,24,1,0,0,24,0,0,24,0,0,0,0,1,1,1,1,1,1,0,0,0,11408,0,0,0,0,0,0,0,0,0
0.713250,92.23,29.258,17.530,406,377,72.000,71,71,18.000,39.000,55.000,210,223,357,160,162,162,162,162,162,162,1,0,0,3,30,1,28.000,1,1,0,0,24,1,0,0,24,0,0,24,0,0,0,0,1,1,1,1,1,1,0,0,0,11412,0,0,0,0,0,0,0,0,0
0.713500,92.34,29.210,17.530,405,377,72.000,71,71,18.000,39.000,55.000,210,223,357,160,162,162,162,162,162,162,1,0,0,3,30,1,28.000,1,1,0,0,24,1,0,0,24,0,0,24,0,0,0,0,1,1,1,1,1,1,0,0,0,11416,0,0,0,0,0,0,0,0,0
0.713750,92.45,29.163,17.480,405,377,72.000,71,71,18.000,39.000,55.000,210,223,357,160,162,162,162,162,162,162,1,0,0,3,30,1,28.000,1,1,0,0,24,1,0,0,24,0,0,24,0,0,0,0,1,1,1,1,1,1,0,0,0,11420,0,0,0,0,0,0,0,0,0
0.714000,92.56,29.115,17.480,405,377,72.000,71,71,18.000,39.000,55.000,210,223,357,160,162,162,162,162,162,162,1,0,0,3,30,1,28.000,1,1,0,0,24,1,0,0,24,0,0,24,0,0,0,0,1,1,1,1,1,1,0,0,0,11424,0,0,0,0,0,0,0,0,0
0.714250,92.66,29.068,17.420,404,377,72.000,71,71,18.000,39.000,55.000,209,223,357,160,162,162,162,162,162,162,1,0,0,3,30,1,28.000,1,1,0,0,24,1,0,0,24,0,0,24,0,0,0,0,1,1,1,1,1,1,0,0,0,11428,0,0,0,0,0,0,0,0,0
0.714500,92.77,29.020,17.420,404,377,72.000,71,71,18.000,39.000,55.000,209,223,357,160,162,162,162,162,162,162,1,0,0,3,30,1,28.000,1,1,0,0,24,1,0,0,24,0,0,24,0,0,0,0,1,1,1,1,1,1,0,0,0,11432,0,0,0,0,0,0,0,0,0
0.714750,92.88,28.973,17.370,403,377,72.000,71,71,18.000,39.000,55.000,208,223,357,160,162,162,162,162,162,162,1,0,0,3,30,1,28.000,1,1,0,0,24,1,0,0,24,0,0,24,0,0,0,0,1,1,1,1,1,1,0,0,0,11436,0,0,0,0,0,0,0,0,0
0.715000,92.99,28.925,17.370,403,377,72.000,71,71,18.000,39.000,55.000,208,223,357,160,162,162,162,162,162,162,1,0,0,3,30,1,28.000,1,1,0,0,24,1,0,0,24,0,0,24,0,0,0,0,1,1,1,1,1,1,0,0,0,11440,0,0,0,0,0,0,0,0,0
0.715250,93.10,28.878,17.310,402,377,72.000,71,71,18.000,39.000,55.000,208,223,357,160,162,162,162,162,162,162,1,0,0,3,30,1,28.000,1,1,0,0,24,1,0,0,24,0,0,24,0,0,0,0,1,1,1,1,1,1,0,0,0,11444,0,0,0,0,0,0,0,0,0
0.715500,93.20,28.830,17.310,402,378,72.000,71,71,18.000,39.000,55.000,208,223,358,160,163,163,163,163,163,163,1,0,0,3,30,1,28.000,1,1,0,0,24,1,0,0,24,0,0,24,0,0,0,0,1,1,1,1,1,1,0,0,0,11448,0,0,0,0,0,0,0,0,0
0.715750,93.31,28.783,17.260,402,378,72.000,71,71,18.000,39.000,55.000,207,223,358,160,163,163,163,163,163,163,1,0,0,3,30,1,28.000,1,1,0,0,24,1,0,0,24,0,0,24,0,0,0,0,1,1,1,1,1,1,0,0,0,11452,0,0,0,0,0,0,0,0,0
0.716000,93.42,28.735,17.260,401,378,72.000,71,71,18.000,39.000,55.000,207,223,358,160,163,163,163,163,163,163,1,0,0,3,30,1,28.000,1,1,0,0,24,1,0,0,24,0,0,24,0,0,0,0,1,1,1,1,1,1,0,0,0,11456,0,0,0,0,0,0,0,0,0
0.716250,93.53,28.688,17.210,401,378,72.000,71,71,18.000,39.000,55.000,206,223,358,160,163,163,163,163,163,163,1,0,0,3,30,1,28.000,1,1,0,0,24,1,0,0,24,0,0,24,0,0,0,0,1,1,1,1,1,1,0,0,0,11460,0,0,0,0,0,0,0,0,0
0.716500,93.64,28.641,17.210,400,378,72.000,71,71,18.000,39.000,55.000,206,223,358,160,163,163,163,163,163,163,1,0,0,3,30,1,28.000,1,1,0,0,24,1,0,0,24,0,0,24,0,0,0,0,1,1,1,1,1,1,0,0,0,11464,0,0,0,0,0,0,0,0,0
0.716750,93.74,28.593,17.150,400,378,72.000,71,71,18.000,39.000,55.000,206,223,358,160,163,163,163,163,163,163,1,0,0,3,30,1,28.000,1,1,0,0,24,1,0,0,24,0,0,24,0,0,0,0,1,1,1,1,1,1,0,0,0,11468,0,0,0,0,0,0,0,0,0
0.717000,93.85,28.546,17.100,400,378,72.000,71,71,18.000,39.000,55.000,205,223,358,160,163,163,163,163,163,163,1,0,0,3,30,1,28.000,1,1,2,2,25,1,0,0,25,0,0,25,0,0,0,0,1,1,1,1,1,1,0,0,0,11472,0,0,0,0,0,0,0,0,0
0.717250,93.96,28.498,17.100,399,378,72.000,71,71,18.000,39.000,55.000,205,223,358,160,163,163,163,163,163,163,1,0,0,3,30,1,28.000,1,1,2,2,25,1,0,0,25,0,0,25,0,0,0,0,1,1,1,1,1,1,0,0,0,11476,0,0,0,0,0,0,0,0,0
0.717500,94.07,28.451,17.100,399,378,72.000,71,71,18.000,39.000,55.000,205,223,358,160,163,163,163,163,163,163,1,0,0,3,30,1,28.000,1,1,2,2,25,1,0,0,25,0,0,25,0,0,0,0,1,1,1,1,1,1,0,0,0,11480,0,0,0,0,0,0,0,0,0
0.717750,94.18,28.404,17.040,398,378,72.000,71,71,18.000,39.000,55.000,204,223,358,160,163,163,163,163,163,163,1,0,0,3,30,1,28.000,1,1,2,2,25,1,0,0,25,0,0,25,0,0,0,0,1,1,1,1,1,1,0,0,0,11484,0,0,0,0,0,0,0,0,0
0.718000,94.28,28.357,16.990,398,378,72.000,71,71,18.000,39.000,55.000,204,223,358,160,163,163,163,163,163,163,1,0,0,3,30,1,28.000,1,1,2,2,25,1,0,0,25,0,0,25,0,0,0,0,1,1,1,1,1,1,0,0,0,11488,0,0,0,0,0,0,0,0,0
0.718250,94.39,28.309,16.990,397,378,72.000,71,71,18.000,39.000,55.000,204,223,358,160,163,163,163,163,163,163,1,0,0,3,30,1,28.000,1,1,2,2,25,1,0,0,25,0,0,25,0,0,0,0,1,1,1,1,1,1,0,0,0,11492,0,0,0,0,0,0,0,0,0
0.718500,94.50,28.262,16.930,397,378,72.000,71,71,18.000,39.000,55.000,203,223,358,160,163,163,163,163,163,163,1,0,0,3,30,1,28.000,1,1,2,2,25,1,0,0,25,0,0,25,0,0,0,0,1,1,1,1,1,1,0,0,0,11496,0,0,0,0,0,0,0,0,0
0.718750,94.61,28.215,16.930,397,378,72.000,71,71,18.000,39.000,55.000,203,223,358,160,163,163,163,163,163,163,1,0,0,3,30,1,28.000,1,1,2,2,25,1,0,0,25,0,0,25,0,0,0,0,1,1,1,1,1,1,0,0,0,11500,0,0,0,0,0,0,0,0,0
0.719000,94.72,28.168,16.880,396,378,72.000,71,71,18.000,39.000,55.000,203,223,358,160,163,163,163,163,163,163,1,0,0,3,30,1,28.000,1,1,2,2,25,1,0,0,25,0,0,25,0,0,0,0,1,1,1,1,1,1,0,0,0,11504,0,0,0,0,0,0,0,0,0
0.719250,94.82,28.120,16.880,396,378,72.000,71,71,18.000,39.000,55.000,203,223,358,160,163,163,163,163,163,163,1,0,0,3,30,1,28.000,1,1,2,2,25,1,0,0,25,0,0,25,0,0,0,0,1,1,1,1,1,1,0,0,0,11508,0,0,0,0,0,0,0,0,0
0.719500,94.93,28.073,16.820,395,378,72.000,71,71,18.000,39.000,55.000,202,223,358,160,163,163,163,163,163,163,1,0,0,3,30,1,28.000,1,1,2,2,25,1,0,0,25,0,0,25,0,0,0,0,1,1,1,1,1,1,0,0,0,11512,0,0,0,0,0,0,0,0,0
0.719750,95.04,28.026,16.820,395,378,72.000,71,71,18.000,39.000,55.000,202,223,358,160,163,163,163,163,163,163,1,0,0,3,30,1,28.000,1,1,2,2,25,1,0,0,25,0,0,25,0,0,0,0,1,1,1,1,1,1,0,0,0,11516,0,0,0,0,0,0,0,0,0
0.720000,95.15,27.979,16.770,394,378,72.000,71,71,18.000,39.000,55.000,201,223,358,160,163,163,163,163,163,163,1,0,0,3,30,1,28.000,1,1,2,2,25,1,0,0,25,0,0,25,0,0,0,0,1,1,1,1,1,1,0,0,0,11520,0,0,0,0,0,0,0,0,0
0.720250,95.26,27.932,16.770,394,378,72.000,71,71,18.000,39.000,55.000,201,223,358,160,163,163,163,163,163,163,1,0,0,3,30,1,28.000,1,1,2,2,25,1,0,0,25,0,0,25,0,0,0,0,1,1,1,1,1,1,0,0,0,11524,0,0,0,0,0,0,0,0,0
0.720500,95.36,27.885,16.720,394,378,72.000,71,71,18.000,39.000,55.000,201,223,358,160,163,163,163,163,163,163,1,0,0,3,30,1,28.000,1,1,2,2,25,1,0,0,25,0,0,25,0,0,0,0,1,1,1,1,1,1,0,0,0,11528,0,0,0,0,0,0,0,0,0
0.720750,95.47,27.838,16.720,393,378,72.000,71,71,18.000,39.000,55.000,201,223,358,160,163,163,163,163,163,163,1,0,0,3,30,1,28.000,1,1,2,2,25,1,0,0,25,0,0,25,0,0,0,0,1,1,1,1,1,1,0,0,0,11532,0,0,0,0,0,0,0,0,0
0.721000,95.58,27.791,16.660,393,378,72.000,71,71,18.000,39.000,55.000,200,223,358,160,163,163,163,163,163,163,1,0,0,3,30,1,28.000,1,1,2,2,25,1,0,0,25,0,0,25,0,0,0,0,1,1,1,1,1,1,0,0,0,11536,0,0,0,0,0,0,0,0,0
0.721250,95.69,27.744,16.660,392,378,72.000,71,71,18.000,39.000,55.000,200,223,358,160,163,163,163,163,163,163,1,0,0,3,30,1,28.000,1,1,2,2,25,1,0,0,25,0,0,25,0,0,0,0,1,1,1,1,1,1,0,0,0,11540,0,0,0,0,0,0,0,0,0
0.721500,95.80,27.697,16.610,392,378,72.000,71,71,18.000,39.000,55.000,199,223,358,160,163,163,163,163,163,163,1,0,0,3,30,1,28.000,1,1,2,2,25,1,0,0,25,0,0,25,0,0,0,0,1,1,1,1,1,1,0,0,0,11544,0,0,0,0,0,0,0,0,0
0.721750,95.90,27.650,16.610,391,378,72.000,71,71,18.000,39.000,55.000,199,223,358,160,163,163,163,163,163,163,1,0,0,3,30,1,28.000,1,1,2,2,25,1,0,0,25,0,0,25,0,0,0,0,1,1,1,1,1,1,0,0,0,11548,0,0,0,0,0,0,0,0,0
0.722000,96.01,27.603,16.550,391,378,72.000,71,71,18.000,39.000,55.000,199,223,358,160,163,163,163,163,163,163,1,0,0,3,30,1,28.000,1,1,2,2,25,1,0,0,25,0,0,25,0,0,0,0,1,1,1,1,1,1,0,0,0,11552,0,0,0,0,0,0,0,0,0
0.722250,96.12,27.556,16.550,390,379,72.000,71,71,18.000,39.000,55.000,199,224,359,160,163,163,163,163,163,163,1,0,0,3,30,1,28.000,1,1,2,2,25,1,0,0,25,0,0,25,0,0,0,0,1,1,1,1,1,1,0,0,0,11556,0,0,0,0,0,0,0,0,0
0.722500,96.23,27.509,16.500,390,379,72.000,71,71,18.000,39.000,55.000,198,224,359,160,163,163,163,163,163,163,1,0,0,3,30,1,28.000,1,1,2,2,25,1,0,0,25,0,0,25,0,0,0,0,1,1,1,1,1,1,0,0,0,11560,0,0,0,0,0,0,0,0,0
0.722750,96.34,27.462,16.440,390,379,72.000,71,71,18.000,39.000,55.000,197,224,359,160,163,163,163,163,163,163,1,0,0,3,30,1,28.000,1,1,2,2,25,1,0,0,25,0,0,25,0,0,0,0,1,1,1,1,1,1,0,0,0,11564,0,0,0,0,0,0,0,0,0
0.723000,96.44,27.415,16.440,389,379,72.000,71,71,18.000,39.000,55.000,197,224,359,160,163,163,163,163,163,163,1,0,0,3,30,1,28.000,1,1,2,2,25,1,0,0,25,0,0,25,0,0,0,0,1,1,1,1,1,1,0,0,0,11568,0,0,0,0,0,0,0,0,0
0.723250,96.55,27.369,16.440,389,379,72.000,71,71,18.000,39.000,55.000,197,224,359,160,163,163,163,163,163,163,1,0,0,3,30,1,28.000,1,1,2,2,25,1,0,0,25,0,0,25,0,0,0,0,1,1,1,1,1,1,0,0,0,11572,0,0,0,0,0,0,0,0,0
0.723500,96.66,27.322,16.390,388,379,72.000,71,71,18.000,39.000,55.000,197,224,359,160,163,163,163,163,163,163,1,0,0,3,30,1,28.000,1,1,2,2,25,1,0,0,25,0,0,25,0,0,0,0,1,1,1,1,1,1,0,0,0,11576,0,0,0,0,0,0,0,0,0
0.723750,96.77,27.275,16.330,388,379,72.000,71,71,18.000,39.000,55.000,196,224,359,160,163,163,163,163,163,163,1,0,0,3,30,1,28.000,1,1,2,2,25,1,0,0,25,0,0,25,0,0,0,0,1,1,1,1,1,1,0,0,0,11580,0,0,0,0,0,0,0,0,0
0.724000,96.88,27.229,16.330,387,379,72.000,71,71,18.000,39.000,55.000,196,224,359,160,163,163,163,163,163,163,1,0,0,3,30,1,28.000,1,1,2,2,25,1,0,0,25,0,0,25,0,0,0,0,1,1,1,1,1,1,0,0,0,11584,0,0,0,0,0,0,0,0,0
0.724250,96.98,27.182,16.280,387,379,72.000,71,71,18.000,39.000,55.000,195,224,359,160,163,163,163,163,163,163,1,0,0,3,30,1,28.000,1,1,2,2,25,1,0,0,25,0,0,25,0,0,0,0,1,1,1,1,1,1,0,0,0,11588,0,0,0,0,0,0,0,0,0
0.724500,97.09,27.135,16.280,387,379,72.000,71,71,18.000,39.000,55.000,195,224,359,160,163,163,163,163,163,163,1,0,0,3,30,1,28.000,1,1,2,2,25,1,0,0,25,0,0,25,0,0,0,0,1,1,1,1,1,1,0,0,0,11592,0,0,0,0,0,0,0,0,0
0.724750,97.20,27.089,16.230,386,379,72.000,71,71,18.000,39.000,55.000,195,224,359,160,163,163,163,163,163,163,1,0,0,3,30,1,28.000,1,1,2,2,25,1,0,0,25,0,0,25,0,0,0,0,1,1,1,1,1,1,0,0,0,11596,0,0,0,0,0,0,0,0,0
0.725000,97.31,27.042,16.230,386,379,72.000,71,71,18.000,39.000,55.000,195,224,359,160,163,163,163,163,163,163,1,0,0,3,30,1,28.000,1,1,2,2,25,1,0,0,25,0,0,25,0,0,0,0,1,1,1,1,1,1,0,0,0,11600,0,0,0,0,0,0,0,0,0
0.725250,97.42,26.996,16.170,385,379,72.000,71,71,18.000,39.000,55.000,194,224,359,160,163,163,163,163,163,163,1,0,0,3,30,1,28.000,1,1,2,2,25,1,0,0,25,0,0,25,0,0,0,0,1,1,1,1,1,1,0,0,0,11604,0,0,0,0,0,0,0,0,0
0.725500,97.52,26.949,16.170,385,379,72.000,71,71,18.000,39.000,55.000,194,224,359,160,163,163,163,163,163,163,1,0,0,3,30,1,28.000,1,1,3,3,26,1,0,0,26,0,0,26,0,0,0,0,1,1,1,1,1,1,0,0,0,11608,0,0,0,0,0,0,0,0,0
0.725750,97.63,26.903,16.120,384,379,72.000,71,71,18.000,39.000,55.000,193,224,359,160,163,163,163,163,163,163,1,0,0,3,30,1,28.000,1,1,3,3,26,1,0,0,26,0,0,26,0,0,0,0,1,1,1,1,1,1,0,0,0,11612,0,0,0,0,0,0,0,0,0
0.726000,97.74,26.857,16.120,384,379,72.000,71,71,18.000,39.000,55.000,193,224,359,160,163,163,163,163,163,163,1,0,0,3,30,1,28.000,1,1,3,3,26,1,0,0,26,0,0,26,0,0,0,0,1,1,1,1,1,1,0,0,0,11616,0,0,0,0,0,0,0,0,0
0.726250,97.85,26.810,16.060,383,379,72.000,71,71,18.000,39.000,55.000,193,224,359,160,163,163,163,163,163,163,1,0,0,3,30,1,28.000,1,1,3,3,26,1,0,0,26,0,0,26,0,0,0,0,1,1,1,1,1,1,0,0,0,11620,0,0,0,0,0,0,0,0,0
0.726500,97.96,26.764,16.060,383,379,72.000,71,71,18.000,39.000,55.000,193,224,359,160,163,163,163,163,163,163,1,0,0,3,30,1,28.000,1,1,3,3,26,1,0,0,26,0,0,26,0,0,0,0,1,1,1,1,1,1,0,0,0,11624,0,0,0,0,0,0,0,0,0
0.726750,98.06,26.718,16.010,383,379,72.000,71,71,18.000,39.000,55.000,192,224,359,160,163,163,163,163,163,163,1,0,0,3,30,1,28.000,1,1,3,3,26,1,0,0,26,0,0,26,0,0,0,0,1,1,1,1,1,1,0,0,0,11628,0,0,0,0,0,0,0,0,0
0.727000,98.17,26.672,16.010,382,379,72.000,71,71,18.000,39.000,55.000,192,224,359,160,163,163,163,163,163,163,1,0,0,3,30,1,28.000,1,1,3,3,26,1,0,0,26,0,0,26,0,0,0,0,1,1,1,1,1,1,0,0,0,11632,0,0,0,0,0,0,0,0,0
0.727250,98.28,26.625,15.950,382,379,72.000,71,71,18.000,39.000,55.000,191,224,359,160,163,163,163,163,163,163,1,0,0,3,30,1,28.000,1,1,3,3,26,1,0,0,26,0,0,26,0,0,0,0,1,1,1,1,1,1,0,0,0,11636,0,0,0,0,0,0,0,0,0
0.727500,98.39,26.579,15.950,381,379,72.000,71,71,18.000,39.000,55.000,191,224,359,160,163,163,163,163,163,163,1,0,0,3,30,1,28.000,1,1,3,3,26,1,0,0,26,0,0,26,0,0,0,0,1,1,1,1,1,1,0,0,0,11640,0,0,0,0,0,0,0,0,0
0.727750,98.50,26.533,15.900,381,379,72.000,71,71,18.000,39.000,55.000,191,224,359,160,163,163,163,163,163,163,1,0,0,3,30,1,28.000,1,1,3,3,26,1,0,0,26,0,0,26,0,0,0,0,1,1,1,1,1,1,0,0,0,11644,0,0,0,0,0,0,0,0,0
0.728000,98.60,26.487,15.900,380,379,72.000,71,71,18.000,39.000,55.000,191,224,359,160,163,163,163,163,163,163,1,0,0,3,30,1,28.000,1,1,3,3,26,1,0,0,26,0,0,26,0,0,0,0,1,1,1,1,1,1,0,0,0,11648,0,0,0,0,0,0,0,0,0
0.728250,98.71,26.441,15.850,380,379,72.000,71,71,18.000,39.000,55.000,190,224,359,160,163,163,163,163,163,163,1,0,0,3,30,1,28.000,1,1,3,3,26,1,0,0,26,0,0,26,0,0,0,0,1,1,1,1,1,1,0,0,0,11652,0,0,0,0,0,0,0,0,0
0.728500,98.82,26.395,15.850,379,379,72.000,71,71,18.000,39.000,55.000,190,224,359,160,163,163,163,163,163,163,1,0,0,3,30,1,28.000,1,1,3,3,26,1,0,0,26,0,0,26,0,0,0,0,1,1,1,1,1,1,0,0,0,11656,0,0,0,0,0,0,0,0,0
0.728750,98.93,26.349,15.790,379,379,72.000,71,71,18.000,39.000,55.000,189,224,359,160,163,163,163,163,163,163,1,0,0,3,30,1,28.000,1,1,3,3,26,1,0,0,26,0,0,26,0,0,0,0,1,1,1,1,1,1,0,0,0,11660,0,0,0,0,0,0,0,0,0
0.729000,99.04,26.304,15.790,379,379,72.000,71,71,18.000,39.000,55.000,189,224,359,160,163,163,163,163,163,163,1,0,0,3,30,1,28.000,1,1,3,3,26,1,0,0,26,0,0,26,0,0,0,0,1,1,1,1,1,1,0,0,0,11664,0,0,0,0,0,0,0,0,0
0.729250,99.14,26.258,15.740,378,379,72.000,71,71,18.000,39.000,55.000,189,224,359,160,163,163,163,163,163,163,1,0,0,3,30,1,28.000,1,1,3,3,26,1,0,0,26,0,0,26,0,0,0,0,1,1,1,1,1,1,0,0,0,11668,0,0,0,0,0,0,0,0,0
0.729500,99.25,26.212,15.740,378,379,72.000,71,71,18.000,39.000,55.000,189,224,359,160,163,163,163,163,163,163,1,0,0,3,30,1,28.000,1,1,3,3,26,1,0,0,26,0,0,26,0,0,0,0,1,1,1,1,1,1,0,0,0,11672,0,0,0,0,0,0,0,0,0
0.729750,99.36,26.166,15.680,377,379,72.000,71,71,18.000,39.000,55.000,188,224,359,160,163,163,163,163,163,163,1,0,0,3,30,1,28.000,1,1,3,3,26,1,0,0,26,0,0,26,0,0,0,0,1,1,1,1,1,1,0,0,0,11676,0,0,0,0,0,0,0,0,0
0.730000,99.47,26.121,15.680,377,379,72.000,71,71,18.000,39.000,55.000,188,224,359,160,163,163,163,163,163,163,1,0,0,3,30,1,28.000,1,1,3,3,26,1,0,0,26,0,0,26,0,0,0,0,1,1,1,1,1,1,0,0,0,11680,0,0,0,0,0,0,0,0,0
0.730250,99.58,26.075,15.630,376,379,72.000,71,71,18.000,39.000,55.000,187,224,359,160,163,163,163,163,163,163,1,0,0,3,30,1,28.000,1,1,3,3,26,1,0,0,26,0,0,26,0,0,0,0,1,1,1,1,1,1,0,0,0,11684,0,0,0,0,0,0,0,0,0
0.730500,99.68,26.029,15.630,376,379,72.000,71,71,18.000,39.000,55.000,187,224,359,160,163,163,163,163,163,163,1,0,0,3,30,1,28.000,1,1,3,3,26,1,0,0,26,0,0,26,0,0,0,0,1,1,1,1,1,1,0,0,0,11688,0,0,0,0,0,0,0,0,0
0.730750,99.79,25.984,15.570,375,379,72.000,71,71,18.000,39.000,55.000,187,224,359,160,163,163,163,163,163,163,1,0,0,3,30,1,28.000,1,1,3,3,26,1,0,0,26,0,0,26,0,0,0,0,1,1,1,1,1,1,0,0,0,11692,0,0,0,0,0,0,0,0,0
0.731000,99.90,25.939,15.570,375,379,72.000,71,71,18.000,39.000,55.000,187,224,359,160,163,163,163,163,163,163,1,0,0,3,30,1,28.000,1,1,3,3,26,1,0,0,26,0,0,26,0,0,0,0,1,1,1,1,1,1,0,0,0,11696,0,0,0,0,0,0,0,0,0
0.731250,100.01,25.893,15.520,374,379,72.000,71,71,18.000,39.000,55.000,186,224,359,160,163,163,163,163,163,163,1,0,0,3,30,1,28.000,1,1,3,3,26,1,0,0,26,0,0,26,0,0,0,0,1,1,1,1,1,1,0,0,0,11700,0,0,0,0,0,0,0,0,0
0.731500,100.12,25.848,15.520,374,379,72.000,71,71,18.000,39.000,55.000,186,224,359,160,163,163,163,163,163,163,1,0,0,3,30,1,28.000,1,1,3,3,26,1,0,0,26,0,0,26,0,0,0,0,1,1,1,1,1,1,0,0,0,11704,0,0,0,0,0,0,0,0,0
0.731750,100.22,25.803,15.460,374,379,72.000,71,71,18.000,39.000,55.000,185,224,359,160,163,163,163,163,163,163,1,0,0,3,30,1,28.000,1,1,3,3,26,1,0,0,26,0,0,26,0,0,0,0,1,1,1,1,1,1,0,0,0,11708,0,0,0,0,0,0,0,0,0
0.732000,100.33,25.757,15.460,373,379,72.000,71,71,18.000,39.000,55.000,185,224,359,160,163,163,163,163,163,163,1,0,0,3,30,1,28.000,1,1,3,3,26,1,0,0,26,0,0,26,0,0,0,0,1,1,1,1,1,1,0,0,0,11712,0,0,0,0,0,0,0,0,0
0.732250,100.44,25.712,15.410,373,379,72.000,71,71,18.000,39.000,55.000,185,224,359,160,163,163,163,163,163,163,1,0,0,3,30,1,28.000,1,1,3,3,26,1,0,0,26,0,0,26,0,0,0,0,1,1,1,1,1,1,0,0,0,11716,0,0,0,0,0,0,0,0,0
0.732500,100.55,25.667,15.410,372,379,72.000,71,71,18.000,39.000,55.000,185,224,359,160,163,163,163,163,163,163,1,0,0,3,30,1,28.000,1,1,3,3,26,1,0,0,26,0,0,26,0,0,0,0,1,1,1,1,1,1,0,0,0,11720,0,0,0,0,0,0,0,0,0
0.732750,100.66,25.622,15.360,372,379,72.000,71,71,18.000,39.000,55.000,184,224,359,160,163,163,163,163,163,163,1,0,0,3,30,1,28.000,1,1,3,3,26,1,0,0,26,0,0,26,0,0,0,0,1,1,1,1,1,1,0,0,0,11724,0,0,0,0,0,0,0,0,0
0.733000,100.76,25.577,15.360,371,379,72.000,71,71,18.000,39.000,55.000,184,224,359,160,163,163,163,163,163,163,1,0,0,3,30,1,28.000,1,1,3,3,26,1,0,0,26,0,0,26,0,0,0,0,1,1,1,1,1,1,0,0,0,11728,0,0,0,0,0,0,0,0,0
0.733250,100.87,25.532,15.300,371,379,72.000,71,71,18.000,39.000,55.000,184,224,359,160,163,163,163,163,163,163,1,0,0,3,30,1,28.000,1,1,3,3,26,1,0,0,26,0,0,26,0,0,0,0,1,1,1,1,1,1,0,0,0,11732,0,0,0,0,0,0,0,0,0
0.733500,100.98,25.487,15.300,370,379,72.000,71,71,18.000,39.000,55.000,184,224,359,160,163,163,163,163,163,163,1,0,0,3,30,1,28.000,1,1,3,3,26,1,0,0,26,0,0,26,0,0,0,0,1,1,1,1,1,1,0,0,0,11736,0,0,0,0,0,0,0,0,0
0.733750,101.09,25.442,15.250,370,379,72.000,71,71,18.000,39.000,55.000,183,224,359,160,163,163,163,163,163,163,1,0,0,3,30,1,28.000,1,1,3,3,26,1,0,0,26,0,0,26,0,0,0,0,1,1,1,1,1,1,0,0,0,11740,0,0,0,0,0,0,0,0,0
0.734000,101.20,25.398,15.250,369,379,72.000,71,71,18.000,39.000,55.000,183,224,359,160,163,163,163,163,163,163,1,0,0,3,30,1,28.000,1,1,3,3,26,1,0,0,26,0,0,26,0,0,0,0,1,1,1,1,1,1,0,0,0,11744,0,0,0,0,0,0,0,0,0
0.734250,101.30,25.353,15.190,369,379,72.000,71,71,18.000,39.000,55.000,182,224,359,160,163,163,163,163,163,163,1,0,0,3,30,1,28.000,1,1,1,1,27,1,0,0,27,0,0,27,0,0,0,0,1,1,1,1,1,1,0,0,0,11748,0,0,0,0,0,0,0,0,0
0.734500,101.41,25.308,15.190,369,379,72.000,71,71,18.000,39.000,55.000,182,224,359,160,163,163,163,163,163,163,1,0,0,3,30,1,28.000,1,1,1,1,27,1,0,0,27,0,0,27,0,0,0,0,1,1,1,1,1,1,0,0,0,11752,0,0,0,0,0,0,0,0,0
0.734750,101.52,25.264,15.140,368,379,72.000,71,71,18.000,39.000,55.000,182,224,359,160,163,163,163,163,163,163,1,0,0,3,30,1,28.000,1,1,1,1,27,1,0,0,27,0,0,27,0,0,0,0,1,1,1,1,1,1,0,0,0,11756,0,0,0,0,0,0,0,0,0
0.735000,101.63,25.219,15.140,368,379,72.000,71,71,18.000,39.000,55.000,182,224,359,160,163,163,163,163,163,163,1,0,0,3,30,1,28.000,1,1,1,1,27,1,0,0,27,0,0,27,0,0,0,0,1,1,1,1,1,1,0,0,0,11760,0,0,0,0,0,0,0,0,0
0.735250,101.74,25.175,15.080,367,379,72.000,71,71,18.000,39.000,55.000,181,224,359,160,163,163,163,163,163,163,1,0,0,3,30,1,28.000,1,1,1,1,27,1,0,0,27,0,0,27,0,0,0,0,1,1,1,1,1,1,0,0,0,11764,0,0,0,0,0,0,0,0,0
0.735500,101.84,25.130,15.080,367,379,72.000,71,71,18.000,39.000,55.000,181,224,359,160,163,163,163,163,163,163,1,0,0,3,30,1,28.000,1,1,1,1,27,1,0,0,27,0,0,27,0,0,0,0,1,1,1,1,1,1,0,0,0,11768,0,0,0,0,0,0,0,0,0
0.735750,101.95,25.086,15.030,366,379,72.000,71,71,18.000,39.000,55.000,180,224,359,160,163,163,163,163,163,163,1,0,0,3,30,1,28.000,1,1,1,1,27,1,0,0,27,0,0,27,0,0,0,0,1,1,1,1,1,1,0,0,0,11772,0,0,0,0,0,0,0,0,0
0.736000,102.06,25.042,15.030,366,379,72.000,71,71,18.000,39.000,55.000,180,224,359,160,163,163,163,163,163,163,1,0,0,3,30,1,28.000,1,1,1,1,27,1,0,0,27,0,0,27,0,0,0,0,1,1,1,1,1,1,0,0,0,11776,0,0,0,0,0,0,0,0,0
0.736250,102.17,24.997,14.970,365,379,72.000,71,71,18.000,39.000,55.000,180,224,359,160,163,163,163,163,163,163,1,0,0,3,30,1,28.000,1,1,1,1,27,1,0,0,27,0,0,27,0,0,0,0,1,1,1,1,1,1,0,0,0,11780,0,0,0,0,0,0,0,0,0
0.736500,102.28,24.953,14.970,365,379,72.000,71,71,18.000,39.000,55.000,180,224,359,160,163,163,163,163,163,163,1,0,0,3,30,1,28.000,1,1,1,1,27,1,0,0,27,0,0,27,0,0,0,0,1,1,1,1,1,1,0,0,0,11784,0,0,0,0,0,0,0,0,0
0.736750,102.38,24.909,14.920,364,379,72.000,71,71,18.000,39.000,55.000,179,224,359,160,163,163,163,163,163,163,1,0,0,3,30,1,28.000,1,1,1,1,27,1,0,0,27,0,0,27,0,0,0,0,1,1,1,1,1,1,0,0,0,11788,0,0,0,0,0,0,0,0,0
0.737000,102.49,24.865,14.920,364,379,72.000,71,71,18.000,39.000,55.000,179,224,359,160,163,163,163,163,163,163,1,0,0,3,30,1,28.000,1,1,1,1,27,1,0,0,27,0,0,27,0,0,0,0,1,1,1,1,1,1,0,0,0,11792,0,0,0,0,0,0,0,0,0
0.737250,102.60,24.821,14.870,363,379,72.000,71,71,18.000,39.000,55.000,178,224,359,160,163,163,163,163,163,163,1,0,0,3,30,1,28.000,1,1,1,1,27,1,0,0,27,0,0,27,0,0,0,0,1,1,1,1,1,1,0,0,0,11796,0,0,0,0,0,0,0,0,0
0.737500,102.71,24.777,14.870,363,379,72.000,71,71,18.000,39.000,55.000,178,224,359,160,163,163,163,163,163,163,1,0,0,3,30,1,28.000,1,1,1,1,27,1,0,0,27,0,0,27,0,0,0,0,1,1,1,1,1,1,0,0,0,11800,0,0,0,0,0,0,0,0,0
0.737750,102.82,24.734,14.870,363,379,72.000,71,71,18.000,39.000,55.000,178,224,359,160,163,163,163,163,163,163,1,0,0,3,30,1,28.000,1,1,1,1,27,1,0,0,27,0,0,27,0,0,0,0,1,1,1,1,1,1,0,0,0,11804,0,0,0,0,0,0,0,0,0
0.738000,102.92,24.690,14.810,362,379,72.000,71,71,18.000,39.000,55.000,178,224,359,160,163,163,163,163,163,163,1,0,0,3,30,1,28.000,1,1,1,1,27,1,0,0,27,0,0,27,0,0,0,0,1,1,1,1,1,1,0,0,0,11808,0,0,0,0,0,0,0,0,0
0.738250,103.03,24.646,14.760,362,379,72.000,71,71,18.000,39.000,55.000,177,224,359,160,163,163,163,163,163,163,1,0,0,3,30,1,28.000,1,1,1,1,27,1,0,0,27,0,0,27,0,0,0,0,1,1,1,1,1,1,0,0,0,11812,0,0,0,0,0,0,0,0,0
0.738500,103.14,24.603,14.760,361,379,72.000,71,71,18.000,39.000,55.000,177,224,359,160,163,163,163,163,163,163,1,0,0,3,30,1,28.000,1,1,1,1,27,1,0,0,27,0,0,27,0,0,0,0,1,1,1,1,1,1,0,0,0,11816,0,0,0,0,0,0,0,0,0
0.738750,103.25,24.559,14.700,361,378,72.000,71,71,18.000,39.000,55.000,176,223,358,160,163,163,163,163,163,163,1,0,0,3,30,1,28.000,1,1,1,1,27,1,0,0,27,0,0,27,0,0,0,0,1,1,1,1,1,1,0,0,0,11820,0,0,0,0,0,0,0,0,0
0.739000,103.36,24.516,14.700,360,378,72.000,71,71,18.000,39.000,55.000,176,223,358,160,163,163,163,163,163,163,1,0,0,3,30,1,28.000,1,1,1,1,27,1,0,0,27,0,0,27,0,0,0,0,1,1,1,1,1,1,0,0,0,11824,0,0,0,0,0,0,0,0,0
0.739250,103.46,24.472,14.700,360,378,72.000,71,71,18.000,39.000,55.000,176,223,358,160,163,163,163,163,163,163,1,0,0,3,30,1,28.000,1,1,1,1,27,1,0,0,27,0,0,27,0,0,0,0,1,1,1,1,1,1,0,0,0,11828,0,0,0,0,0,0,0,0,0
0.739500,103.57,24.429,14.650,359,378,72.000,71,71,18.000,39.000,55.000,176,223,358,160,163,163,163,163,163,163,1,0,0,3,30,1,28.000,1,1,1,1,27,1,0,0,27,0,0,27,0,0,0,0,1,1,1,1,1,1,0,0,0,11832,0,0,0,0,0,0,0,0,0
0.739750,103.68,24.386,14.650,359,378,72.000,71,71,18.000,39.000,55.000,176,223,358,160,163,163,163,163,163,163,1,0,0,3,30,1,28.000,1,1,1,1,27,1,0,0,27,0,0,27,0,0,0,0,1,1,1,1,1,1,0,0,0,11836,0,0,0,0,0,0,0,0,0
0.740000,103.79,24.343,14.590,358,378,72.000,71,71,18.000,39.000,55.000,175,223,358,160,163,163,163,163,163,163,1,0,0,3,30,1,28.000,1,1,1,1,27,1,0,0,27,0,0,27,0,0,0,0,1,1,1,1,1,1,0,0,0,11840,0,0,0,0,0,0,0,0,0
0.740250,103.90,24.300,14.590,358,378,72.000,71,71,18.000,39.000,55.000,175,223,358,160,163,163,163,163,163,163,1,0,0,3,30,1,28.000,1,1,1,1,27,1,0,0,27,0,0,27,0,0,0,0,1,1,1,1,1,1,0,0,0,11844,0,0,0,0,0,0,0,0,0
0.740500,104.00,24.257,14.540,358,378,72.000,71,71,18.000,39.000,55.000,174,223,358,160,163,163,163,163,163,163,1,0,0,3,30,1,28.000,1,1,1,1,27,1,0,0,27,0,0,27,0,0,0,0,1,1,1,1,1,1,0,0,0,11848,0,0,0,0,0,0,0,0,0
0.740750,104.11,24.214,14.540,357,378,72.000,71,71,18.000,39.000,55.000,174,223,358,160,163,163,163,163,163,163,1,0,0,3,30,1,28.000,1,1,1,1,27,1,0,0,27,0,0,27,0,0,0,0,1,1,1,1,1,1,0,0,0,11852,0,0,0,0,0,0,0,0,0
0.741000,104.22,24.171,14.490,357,378,72.000,71,71,18.000,39.000,55.000,174,223,358,160,163,163,163,163,163,163,1,0,0,3,30,1,28.000,1,1,1,1,27,1,0,0,27,0,0,27,0,0,0,0,1,1,1,1,1,1,0,0,0,11856,0,0,0,0,0,0,0,0,0
0.741250,104.33,24.128,14.490,356,378,72.000,71,71,18.000,39.000,55.000,174,223,358,160,163,163,163,163,163,163,1,0,0,3,30,1,28.000,1,1,1,1,27,1,0,0,27,0,0,27,0,0,0,0,1,1,1,1,1,1,0,0,0,11860,0,0,0,0,0,0,0,0,0
0.741500,104.44,24.085,14.430,356,378,72.000,71,71,18.000,39.000,55.000,173,223,358,160,163,163,163,163,163,163,1,0,0,3,30,1,28.000,1,1,1,1,27,1,0,0,27,0,0,27,0,0,0,0,1,1,1,1,1,1,0,0,0,11864,0,0,0,0,0,0,0,0,0
0.741750,104.54,24.043,14.430,355,378,72.000,71,71,18.000,39.000,55.000,173,223,358,160,163,163,163,163,163,163,1,0,0,3,30,1,28.000,1,1,1,1,27,1,0,0,27,0,0,27,0,0,0,0,1,1,1,1,1,1,0,0,0,11868,0,0,0,0,0,0,0,0,0
0.742000,104.65,24.000,14.380,355,378,72.000,71,71,18.000,39.000,55.000,172,223,358,160,163,163,163,163,163,163,1,0,0,3,30,1,28.000,1,1,1,1,27,1,0,0,27,0,0,27,0,0,0,0,1,1,1,1,1,1,0,0,0,11872,0,0,0,0,0,0,0,0,0
0.742250,104.76,23.958,14.380,354,378,72.000,71,71,18.000,39.000,55.000,172,223,358,160,163,163,163,163,163,163,1,0,0,3,30,1,28.000,1,1,1,1,27,1,0,0,27,0,0,27,0,0,0,0,1,1,1,1,1,1,0,0,0,11876,0,0,0,0,0,0,0,0,0
0.742500,104.87,23.915,14.380,354,378,72.000,71,71,18.000,39.000,55.000,172,223,358,160,163,163,163,163,163,163,1,0,0,3,30,1,28.000,1,1,1,1,27,1,0,0,27,0,0,27,0,0,0,0,1,1,1,1,1,1,0,0,0,11880,0,0,0,0,0,0,0,0,0
0.742750,104.98,23.873,14.320,353,378,72.000,71,71,18.000,39.000,55.000,172,223,358,160,163,163,163,163,163,163,1,0,0,3,30,1,28.000,1,1,1,1,27,1,0,0,27,0,0,27,0,0,0,0,1,1,1,1,1,1,0,0,0,11884,0,0,0,0,0,0,0,0,0
0.743000,105.08,23.831,14.270,353,378,72.000,71,71,18.000,39.000,55.000,171,223,358,160,163,163,163,163,163,163,1,0,0,3,30,1,28.000,1,1,0,0,28,1,0,0,28,0,0,28,0,0,0,0,1,1,1,1,1,1,0,0,0,11888,0,0,0,0,0,0,0,0,0
0.743250,105.19,23.789,14.270,352,378,72.000,71,71,18.000,39.000,55.000,171,223,358,160,163,163,163,163,163,163,1,0,0,3,30,1,28.000,1,1,0,0,28,1,0,0,28,0,0,28,0,0,0,0,1,1,1,1,1,1,0,0,0,11892,0,0,0,0,0,0,0,0,0
0.743500,105.30,23.747,14.210,352,378,72.000,71,71,18.000,39.000,55.000,170,223,358,160,163,163,163,163,163,163,1,0,0,3,30,1,28.000,1,1,0,0,28,1,0,0,28,0,0,28,0,0,0,0,1,1,1,1,1,1,0,0,0,11896,0,0,0,0,0,0,0,0,0
0.743750,105.41,23.705,14.210,352,378,72.000,71,71,18.000,39.000,55.000,170,223,358,160,163,163,163,163,163,163,1,0,0,3,30,1,28.000,1,1,0,0,28,1,0,0,28,0,0,28,0,0,0,0,1,1,1,1,1,1,0,0,0,11900,0,0,0,0,0,0,0,0,0
0.744000,105.52,23.663,14.210,351,378,72.000,71,71,18.000,39.000,55.000,170,223,358,160,163,163,163,163,163,163,1,0,0,3,30,1,28.000,1,1,0,0,28,1,0,0,28,0,0,28,0,0,0,0,1,1,1,1,1,1,0,0,0,11904,0,0,0,0,0,0,0,0,0
0.744250,105.62,23.621,14.160,351,378,72.000,71,71,18.000,39.000,55.000,170,223,358,160,163,163,163,163,163,163,1,0,0,3,30,1,28.000,1,1,0,0,28,1,0,0,28,0,0,28,0,0,0,0,1,1,1,1,1,1,0,0,0,11908,0,0,0,0,0,0,0,0,0
0.744500,105.73,23.579,14.160,350,378,72.000,71,71,18.000,39.000,55.000,170,223,358,160,163,163,163,163,163,163,1,0,0,3,30,1,28.000,1,1,0,0,28,1,0,0,28,0,0,28,0,0,0,0,1,1,1,1,1,1,0,0,0,11912,0,0,0,0,0,0,0,0,0
0.744750,105.84,23.538,14.100,350,378,72.000,71,71,18.000,39.000,55.000,169,223,358,160,163,163,163,163,163,163,1,0,0,3,30,1,28.000,1,1,0,0,28,1,0,0,28,0,0,28,0,0,0,0,1,1,1,1,1,1,0,0,0,11916,0,0,0,0,0,0,0,0,0
0.745000,105.95,23.496,14.100,349,378,72.000,71,71,18.000,39.000,55.000,169,223,358,160,163,163,163,163,163,163,1,0,0,3,30,1,28.000,1,1,0,0,28,1,0,0,28,0,0,28,0,0,0,0,1,1,1,1,1,1,0,0,0,11920,0,0,0,0,0,0,0,0,0
0.745250,106.06,23.455,14.050,349,378,72.000,71,71,18.000,39.000,55.000,168,223,358,160,163,163,163,163,163,163,1,0,0,3,30,1,28.000,1,1,0,0,28,1,0,0,28,0,0,28,0,0,0,0,1,1,1,1,1,1,0,0,0,11924,0,0,0,0,0,0,0,0,0
0.745500,106.16,23.413,14.050,348,378,72.000,71,71,18.000,39.000,55.000,168,223,358,160,163,163,163,163,163,163,1,0,0,3,30,1,28.000,1,1,0,0,28,1,0,0,28,0,0,28,0,0,0,0,1,1,1,1,1,1,0,0,0,11928,0,0,0,0,0,0,0,0,0
0.745750,106.27,23.372,14.000,348,378,72.000,71,71,18.000,39.000,55.000,168,223,358,160,163,163,163,163,163,163,1,0,0,3,30,1,28.000,1,1,0,0,28,1,0,0,28,0,0,28,0,0,0,0,1,1,1,1,1,1,0,0,0,11932,0,0,0,0,0,0,0,0,0
0.746000,106.38,23.331,14.000,347,378,72.000,71,71,18.000,39.000,55.000,168,223,358,160,163,163,163,163,163,163,1,0,0,3,30,1,28.000,1,1,0,0,28,1,0,0,28,0,0,28,0,0,0,0,1,1,1,1,1,1,0,0,0,11936,0,0,0,0,0,0,0,0,0
0.746250,106.49,23.290,14.000,347,378,72.000,71,71,18.000,39.000,55.000,168,223,358,160,163,163,163,163,163,163,1,0,0,3,30,1,28.000,1,1,0,0,28,1,0,0,28,0,0,28,0,0,0,0,1,1,1,1,1,1,0,0,0,11940,0,0,0,0,0,0,0,0,0
0.746500,106.60,23.249,13.940,346,378,72.000,71,71,18.000,39.000,55.000,167,223,358,160,163,163,163,163,163,163,1,0,0,3,30,1,28.000,1,1,0,0,28,1,0,0,28,0,0,28,0,0,0,0,1,1,1,1,1,1,0,0,0,11944,0,0,0,0,0,0,0,0,0
0.746750,106.70,23.208,13.940,346,378,72.000,71,71,18.000,39.000,55.000,167,223,358,160,163,163,163,163,163,163,1,0,0,3,30,1,28.000,1,1,0,0,28,1,0,0,28,0,0,28,0,0,0,0,1,1,1,1,1,1,0,0,0,11948,0,0,0,0,0,0,0,0,0
0.747000,106.81,23.167,13.890,346,378,72.000,71,71,18.000,39.000,55.000,167,223,358,160,163,163,163,163,163,163,1,0,0,3,30,1,28.000,1,1,0,0,28,1,0,0,28,0,0,28,0,0,0,0,1,1,1,1,1,1,0,0,0,11952,0,0,0,0,0,0,0,0,0
0.747250,106.92,23.126,13.890,345,378,72.000,71,71,18.000,39.000,55.000,167,223,358,160,163,163,163,163,163,163,1,0,0,3,30,1,28.000,1,1,0,0,28,1,0,0,28,0,0,28,0,0,0,0,1,1,1,1,1,1,0,0,0,11956,0,0,0,0,0,0,0,0,0
0.747500,107.03,23.086,13.830,345,378,72.000,71,71,18.000,39.000,55.000,166,223,358,160,163,163,163,163,163,163,1,0,0,3,30,1,28.000,1,1,0,0,28,1,0,0,28,0,0,28,0,0,0,0,1,1,1,1,1,1,0,0,0,11960,0,0,0,0,0,0,0,0,0
0.747750,107.14,23.045,13.830,344,378,72.000,71,71,18.000,39.000,55.000,166,223,358,160,163,163,163,163,163,163,1,0,0,3,30,1,28.000,1,1,0,0,28,1,0,0,28,0,0,28,0,0,0,0,1,1,1,1,1,1,0,0,0,11964,0,0,0,0,0,0,0,0,0
0.748000,107.24,23.005,13.780,344,378,72.000,71,71,18.000,39.000,55.000,165,223,358,160,163,163,163,163,163,163,1,0,0,3,30,1,28.000,1,1,0,0,28,1,0,0,28,0,0,28,0,0,0,0,1,1,1,1,1,1,0,0,0,11968,0,0,0,0,0,0,0,0,0
0.748250,107.35,22.964,13.780,343,378,72.000,71,71,18.000,39.000,55.000,165,223,358,160,163,163,163,163,163,163,1,0,0,3,30,1,28.000,1,1,0,0,28,1,0,0,28,0,0,28,0,0,0,0,1,1,1,1,1,1,0,0,0,11972,0,0,0,0,0,0,0,0,0
0.748500,107.46,22.924,13.720,343,378,72.000,71,71,18.000,39.000,55.000,165,223,358,160,163,163,163,163,163,163,1,0,0,3,30,1,28.000,1,1,0,0,28,1,0,0,28,0,0,28,0,0,0,0,1,1,1,1,1,1,0,0,0,11976,0,0,0,0,0,0,0,0,0
0.748750,107.57,22.884,13.720,342,378,72.000,71,71,18.000,39.000,55.000,165,223,358,160,163,163,163,163,163,163,1,0,0,3,30,1,28.000,1,1,0,0,28,1,0,0,28,0,0,28,0,0,0,0,1,1,1,1,1,1,0,0,0,11980,0,0,0,0,0,0,0,0,0
0.749000,107.68,22.844,13.720,342,377,72.000,71,71,18.000,39.000,55.000,165,223,357,160,162,162,162,162,162,162,1,0,0,3,30,1,28.000,1,1,0,0,28,1,0,0,28,0,0,28,0,0,0,0,1,1,1,1,1,1,0,0,0,11984,0,0,0,0,0,0,0,0,0
0.749250,107.78,22.804,13.670,341,377,72.000,71,71,18.000,39.000,55.000,164,223,357,160,162,162,162,162,162,162,1,0,0,3,30,1,28.000,1,1,0,0,28,1,0,0,28,0,0,28,0,0,0,0,1,1,1,1,1,1,0,0,0,11988,0,0,0,0,0,0,0,0,0
0.749500,107.89,22.764,13.670,341,377,72.000,71,71,18.000,39.000,55.000,164,223,357,160,162,162,162,162,162,162,1,0,0,3,30,1,28.000,1,1,0,0,28,1,0,0,28,0,0,28,0,0,0,0,1,1,1,1,1,1,0,0,0,11992,0,0,0,0,0,0,0,0,0
0.749750,108.00,22.724,13.620,340,377,72.000,71,71,18.000,39.000,55.000,163,223,357,160,162,162,162,162,162,162,1,0,0,3,30,1,28.000,1,1,0,0,28,1,0,0,28,0,0,28,0,0,0,0,1,1,1,1,1,1,0,0,0,11996,0,0,0,0,0,0,0,0,0
0.750000,108.11,22.685,13.620,340,377,72.000,71,71,18.000,39.000,55.000,163,223,357,160,162,162,162,162,162,162,1,0,0,3,30,1,28.000,1,1,0,0,28,1,0,0,28,0,0,28,0,0,0,0,1,1,1,1,1,1,0,0,0,12000,0,0,0,0,0,0,0,0,0
0.750250,108.22,22.645,13.560,340,377,72.000,71,71,18.000,39.000,55.000,163,223,357,160,162,162,162,162,162,162,1,0,0,3,30,1,28.000,1,1,0,0,28,1,0,0,28,0,0,28,0,0,0,0,1,1,1,1,1,1,0,0,0,12004,0,0,0,0,0,0,0,0,0
0.750500,108.32,22.606,13.560,339,377,72.000,71,71,18.000,39.000,55.000,163,223,357,160,162,162,162,162,162,162,1,0,0,3,30,1,28.000,1,1,0,0,28,1,0,0,28,0,0,28,0,0,0,0,1,1,1,1,1,1,0,0,0,12008,0,0,0,0,0,0,0,0,0
0.750750,108.43,22.566,13.560,339,377,72.000,71,71,18.000,39.000,55.000,163,223,357,160,162,162,162,162,162,162,1,0,0,3,30,1,28.000,1,1,0,0,28,1,0,0,28,0,0,28,0,0,0,0,1,1,1,1,1,1,0,0,0,12012,0,0,0,0,0,0,0,0,0
0.751000,108.54,22.527,13.510,338,377,72.000,71,71,18.000,39.000,55.000,162,223,357,160,162,162,162,162,162,162,1,0,0,3,30,1,28.000,1,1,0,0,28,1,0,0,28,0,0,28,0,0,0,0,1,1,1,1,1,1,0,0,0,12016,0,0,0,0,0,0,0,0,0
0.751250,108.65,22.488,13.510,338,377,72.000,71,71,18.000,39.000,55.000,162,223,357,160,162,162,162,162,162,162,1,0,0,3,30,1,28.000,1,1,0,0,28,1,0,0,28,0,0,28,0,0,0,0,1,1,1,1,1,1,0,0,0,12020,0,0,0,0,0,0,0,0,0
0.751500,108.76,22.449,13.450,337,377,72.000,72,71,18.000,39.000,55.000,161,223,357,160,162,162,162,162,162,162,1,0,0,3,30,1,28.000,1,1,2,2,29,1,0,0,29,0,0,29,0,0,0,0,1,1,1,1,1,1,0,0,0,12024,0,0,0,0,0,0,0,0,0
0.751750,108.86,22.410,13.450,337,377,72.000,72,71,18.000,39.000,55.000,161,223,357,160,162,162,162,162,162,162,1,0,0,3,30,1,28.000,1,1,2,2,29,1,0,0,29,0,0,29,0,0,0,0,1,1,1,1,1,1,0,0,0,12028,0,0,0,0,0,0,0,0,0
0.752000,108.97,22.371,13.400,336,377,72.000,72,71,18.000,39.000,55.000,161,223,357,160,162,162,162,162,162,162,1,0,0,3,30,1,28.000,1,1,2,2,29,1,0,0,29,0,0,29,0,0,0,0,1,1,1,1,1,1,0,0,0,12032,0,0,0,0,0,0,0,0,0
0.752250,109.08,22.332,13.400,336,377,72.000,72,71,18.000,39.000,55.000,161,223,357,160,162,162,162,162,162,162,1,0,0,3,30,1,28.000,1,1,2,2,29,1,0,0,29,0,0,29,0,0,0,0,1,1,1,1,1,1,0,0,0,12036,0,0,0,0,0,0,0,0,0
0.752500,109.19,22.293,13.340,335,377,72.000,72,71,18.000,39.000,55.000,160,223,357,160,162,162,162,162,162,162,1,0,0,3,30,1,28.000,1,1,2,2,29,1,0,0,29,0,0,29,0,0,0,0,1,1,1,1,1,1,0,0,0,12040,0,0,0,0,0,0,0,0,0
0.752750,109.30,22.255,13.340,335,377,72.000,72,71,18.000,39.000,55.000,160,223,357,160,162,162,162,162,162,162,1,0,0,3,30,1,28.000,1,1,2,2,29,1,0,0,29,0,0,29,0,0,0,0,1,1,1,1,1,1,0,0,0,12044,0,0,0,0,0,0,0,0,0
0.753000,109.40,22.216,13.340,334,377,72.000,72,71,18.000,39.000,55.000,160,223,357,160,162,162,162,162,162,162,1,0,0,3,30,1,28.000,1,1,2,2,29,1,0,0,29,0,0,29,0,0,0,0,1,1,1,1,1,1,0,0,0,12048,0,0,0,0,0,0,0,0,0
0.753250,109.51,22.178,13.290,334,377,72.000,72,71,18.000,39.000,55.000,159,223,357,160,162,162,162,162,162,162,1,0,0,3,30,1,28.000,1,1,2,2,29,1,0,0,29,0,0,29,0,0,0,0,1,1,1,1,1,1,0,0,0,12052,0,0,0,0,0,0,0,0,0
0.753500,109.62,22.140,13.290,334,377,72.000,72,71,18.000,39.000,55.000,159,223,357,160,162,162,162,162,162,162,1,0,0,3,30,1,28.000,1,1,2,2,29,1,0,0,29,0,0,29,0,0,0,0,1,1,1,1,1,1,0,0,0,12056,0,0,0,0,0,0,0,0,0
0.753750,109.73,22.101,13.230,333,377,72.000,72,71,18.000,39.000,55.000,159,223,357,160,162,162,162,162,162,162,1,0,0,3,30,1,28.000,1,1,2,2,29,1,0,0,29,0,0,29,0,0,0,0,1,1,1,1,1,1,0,0,0,12060,0,0,0,0,0,0,0,0,0
0.754000,109.84,22.063,13.230,333,377,72.000,72,71,18.000,39.000,55.000,159,223,357,160,162,162,162,162,162,162,1,0,0,3,30,1,28.000,1,1,2,2,29,1,0,0,29,0,0,29,0,0,0,0,1,1,1,1,1,1,0,0,0,12064,0,0,0,0,0,0,0,0,0
0.754250,109.94,22.025,13.230,332,377,72.000,72,71,18.000,39.000,55.000,159,223,357,160,162,162,162,162,162,162,1,0,0,3,30,1,28.000,1,1,2,2,29,1,0,0,29,0,0,29,0,0,0,0,1,1,1,1,1,1,0,0,0,12068,0,0,0,0,0,0,0,0,0
0.754500,110.05,21.988,13.180,332,377,72.000,72,71,18.000,39.000,55.000,158,223,357,160,162,162,162,162,162,162,1,0,0,3,30,1,28.000,1,1,2,2,29,1,0,0,29,0,0,29,0,0,0,0,1,1,1,1,1,1,0,0,0,12072,0,0,0,0,0,0,0,0,0
0.754750,110.16,21.950,13.180,331,377,72.000,72,71,18.000,39.000,55.000,158,223,357,160,162,162,162,162,162,162,1,0,0,3,30,1,28.000,1,1,2,2,29,1,0,0,29,0,0,29,0,0,0,0,1,1,1,1,1,1,0,0,0,12076,0,0,0,0,0,0,0,0,0
0.755000,110.27,21.912,13.130,331,377,72.000,72,71,18.000,39.000,55.000,157,223,357,160,162,162,162,162,162,162,1,0,0,3,30,1,28.000,1,1,2,2,29,1,0,0,29,0,0,29,0,0,0,0,1,1,1,1,1,1,0,0,0,12080,0,0,0,0,0,0,0,0,0
0.755250,110.38,21.875,13.130,330,377,72.000,72,71,18.000,39.000,55.000,157,223,357,160,162,162,162,162,162,162,1,0,0,3,30,1,28.000,1,1,2,2,29,1,0,0,29,0,0,29,0,0,0,0,1,1,1,1,1,1,0,0,0,12084,0,0,0,0,0,0,0,0,0
0.755500,110.48,21.837,13.130,330,376,72.000,72,71,18.000,39.000,55.000,157,222,356,160,162,162,162,162,162,162,1,0,0,3,30,1,28.000,1,1,2,2,29,1,0,0,29,0,0,29,0,0,0,0,1,1,1,1,1,1,0,0,0,12088,0,0,0,0,0,0,0,0,0
0.755750,110.59,21.800,13.070,329,376,72.000,72,71,18.000,39.000,55.000,157,222,356,160,162,162,162,162,162,162,1,0,0,3,30,1,28.000,1,1,2,2,29,1,0,0,29,0,0,29,0,0,0,0,1,1,1,1,1,1,0,0,0,12092,0,0,0,0,0,0,0,0,0
0.756000,110.70,21.763,13.070,329,376,72.000,72,71,18.000,39.000,55.000,157,222,356,160,162,162,162,162,162,162,1,0,0,3,30,1,28.000,1,1,2,2,29,1,0,0,29,0,0,29,0,0,0,0,1,1,1,1,1,1,0,0,0,12096,0,0,0,0,0,0,0,0,0
0.756250,110.81,21.726,13.020,329,376,72.000,72,71,18.000,39.000,55.000,156,222,356,160,162,162,162,162,162,162,1,0,0,3,30,1,28.000,1,1,2,2,29,1,0,0,29,0,0,29,0,0,0,0,1,1,1,1,1,1,0,0,0,12100,0,0,0,0,0,0,0,0,0
0.756500,110.92,21.689,13.020,328,376,72.000,72,71,18.000,39.000,55.000,156,222,356,160,162,162,162,162,162,162,1,0,0,3,30,1,28.000,1,1,2,2,29,1,0,0,29,0,0,29,0,0,0,0,1,1,1,1,1,1,0,0,0,12104,0,0,0,0,0,0,0,0,0
0.756750,111.02,21.652,13.020,328,376,72.000,72,71,18.000,39.000,55.000,156,222,356,160,162,162,162,162,162,162,1,0,0,3,30,1,28.000,1,1,2,2,29,1,0,0,29,0,0,29,0,0,0,0,1,1,1,1,1,1,0,0,0,12108,0,0,0,0,0,0,0,0,0
0.757000,111.13,21.615,12.960,327,376,72.000,72,71,18.000,39.000,55.000,155,222,356,160,162,162,162,162,162,162,1,0,0,3,30,1,28.000,1,1,2,2,29,1,0,0,29,0,0,29,0,0,0,0,1,1,1,1,1,1,0,0,0,12112,0,0,0,0,0,0,0,0,0
0.757250,111.24,21.579,12.960,327,376,72.000,72,71,18.000,39.000,55.000,155,222,356,160,162,162,162,162,162,162,1,0,0,3,30,1,28.000,1,1,2,2,29,1,0,0,29,0,0,29,0,0,0,0,1,1,1,1,1,1,0,0,0,12116,0,0,0,0,0,0,0,0,0
0.757500,111.35,21.542,12.910,326,376,72.000,72,71,18.000,39.000,55.000,155,222,356,160,162,162,162,162,162,162,1,0,0,3,30,1,28.000,1,1,2,2,29,1,0,0,29,0,0,29,0,0,0,0,1,1,1,1,1,1,0,0,0,12120,0,0,0,0,0,0,0,0,0
0.757750,111.46,21.506,12.910,326,376,72.000,72,71,18.000,39.000,55.000,155,222,356,160,162,162,162,162,162,162,1,0,0,3,30,1,28.000,1,1,2,2,29,1,0,0,29,0,0,29,0,0,0,0,1,1,1,1,1,1,0,0,0,12124,0,0,0,0,0,0,0,0,0
0.758000,111.56,21.469,12.850,325,376,72.000,72,71,18.000,39.000,55.000,154,222,356,160,162,162,162,162,162,162,1,0,0,3,30,1,28.000,1,1,2,2,29,1,0,0,29,0,0,29,0,0,0,0,1,1,1,1,1,1,0,0,0,12128,0,0,0,0,0,0,0,0,0
0.758250,111.67,21.433,12.850,325,376,72.000,72,71,18.000,39.000,55.000,154,222,356,160,162,162,162,162,162,162,1,0,0,3,30,1,28.000,1,1,2,2,29,1,0,0,29,0,0,29,0,0,0,0,1,1,1,1,1,1,0,0,0,12132,0,0,0,0,0,0,0,0,0
0.758500,111.78,21.397,12.850,325,376,72.000,72,71,18.000,39.000,55.000,154,222,356,160,162,162,162,162,162,162,1,0,0,3,30,1,28.000,1,1,2,2,29,1,0,0,29,0,0,29,0,0,0,0,1,1,1,1,1,1,0,0,0,12136,0,0,0,0,0,0,0,0,0
0.758750,111.89,21.361,12.800,324,376,72.000,72,71,18.000,39.000,55.000,153,222,356,160,162,162,162,162,162,162,1,0,0,3,30,1,28.000,1,1,2,2,29,1,0,0,29,0,0,29,0,0,0,0,1,1,1,1,1,1,0,0,0,12140,0,0,0,0,0,0,0,0,0
0.759000,112.00,21.326,12.800,324,376,72.000,72,71,18.000,39.000,55.000,153,222,356,160,162,162,162,162,162,162,1,0,0,3,30,1,28.000,1,1,2,2,29,1,0,0,29,0,0,29,0,0,0,0,1,1,1,1,1,1,0,0,0,12144,0,0,0,0,0,0,0,0,0
0.759250,112.10,21.290,12.740,323,376,72.000,72,71,18.000,39.000,55.000,153,222,356,160,162,162,162,162,162,162,1,0,0,3,30,1,28.000,1,1,2,2,29,1,0,0,29,0,0,29,0,0,0,0,1,1,1,1,1,1,0,0,0,12148,0,0,0,0,0,0,0,0,0
0.759500,112.21,21.254,12.740,323,376,72.000,72,71,18.000,39.000,55.000,153,222,356,160,162,162,162,162,162,162,1,0,0,3,30,1,28.000,1,1,2,2,29,1,0,0,29,0,0,29,0,0,0,0,1,1,1,1,1,1,0,0,0,12152,0,0,0,0,0,0,0,0,0
0.759750,112.32,21.219,12.740,322,376,72.000,72,71,18.000,39.000,55.000,153,222,356,160,162,162,162,162,162,162,1,0,0,3,30,1,28.000,1,1,2,2,29,1,0,0,29,0,0,29,0,0,0,0,1,1,1,1,1,1,0,0,0,12156,0,0,0,0,0,0,0,0,0
0.760000,112.43,21.183,12.690,322,376,72.000,72,71,18.000,39.000,55.000,152,222,356,160,162,162,162,162,162,162,1,0,0,3,30,1,28.000,1,1,2,2,29,1,0,0,29,0,0,29,0,0,0,0,1,1,1,1,1,1,0,0,0,12160,0,0,0,0,0,0,0,0,0
0.760250,112.54,21.148,12.690,321,376,72.000,72,71,18.000,39.000,55.000,152,222,356,160,162,162,162,162,162,162,1,0,0,3,30,1,28.000,1,1,3,3,30,1,0,0,30,0,0,30,0,0,0,0,1,1,1,1,1,1,0,0,0,12164,0,0,0,0,0,0,0,0,0
0.760500,112.64,21.113,12.640,321,375,72.000,72,71,18.000,39.000,55.000,152,222,355,160,162,162,162,162,162,162,1,0,0,3,30,1,28.000,1,1,3,3,30,1,0,0,30,0,0,30,0,0,0,0,1,1,1,1,1,1,0,0,0,12168,0,0,0,0,0,0,0,0,0
0.760750,112.75,21.078,12.640,320,375,72.000,72,71,18.000,39.000,55.000,152,222,355,160,162,162,162,162,162,162,1,0,0,3,30,1,28.000,1,1,3,3,30,1,0,0,30,0,0,30,0,0,0,0,1,1,1,1,1,1,0,0,0,12172,0,0,0,0,0,0,0,0,0
0.761000,112.86,21.043,12.640,320,375,72.000,72,71,18.000,39.000,55.000,152,222,355,160,162,162,162,162,162,162,1,0,0,3,30,1,28.000,1,1,3,3,30,1,0,0,30,0,0,30,0,0,0,0,1,1,1,1,1,1,0,0,0,12176,0,0,0,0,0,0,0,0,0
0.761250,112.97,21.009,12.580,320,375,72.000,72,71,18.000,39.000,55.000,151,222,355,160,162,162,162,162,162,162,1,0,0,3,30,1,28.000,1,1,3,3,30,1,0,0,30,0,0,30,0,0,0,0,1,1,1,1,1,1,0,0,0,12180,0,0,0,0,0,0,0,0,0
0.761500,113.08,20.974,12.580,319,375,72.000,72,71,18.000,39.000,55.000,151,222,355,160,162,162,162,162,162,162,1,0,0,3,30,1,28.000,1,1,3,3,30,1,0,0,30,0,0,30,0,0,0,0,1,1,1,1,1,1,0,0,0,12184,0,0,0,0,0,0,0,0,0
0.761750,113.18,20.939,12.580,319,375,72.000,72,71,18.000,39.000,55.000,151,222,355,160,162,162,162,162,162,162,1,0,0,3,30,1,28.000,1,1,3,3,30,1,0,0,30,0,0,30,0,0,0,0,1,1,1,1,1,1,0,0,0,12188,0,0,0,0,0,0,0,0,0
0.762000,113.29,20.905,12.530,318,375,72.000,72,71,18.000,39.000,55.000,150,222,355,160,162,162,162,162,162,162,1,0,0,3,30,1,28.000,1,1,3,3,30,1,0,0,30,0,0,30,0,0,0,0,1,1,1,1,1,1,0,0,0,12192,0,0,0,0,0,0,0,0,0
0.762250,113.40,20.871,12.530,318,375,72.000,72,71,18.000,39.000,55.000,150,222,355,160,162,162,162,162,162,162,1,0,0,3,30,1,28.000,1,1,3,3,30,1,0,0,30,0,0,30,0,0,0,0,1,1,1,1,1,1,0,0,0,12196,0,0,0,0,0,0,0,0,0
0.762500,113.51,20.837,12.530,317,375,72.000,72,71,18.000,39.000,55.000,150,222,355,160,162,162,162,162,162,162,1,0,0,3,30,1,28.000,1,1,3,3,30,1,0,0,30,0,0,30,0,0,0,0,1,1,1,1,1,1,0,0,0,12200,0,0,0,0,0,0,0,0,0
0.762750,113.62,20.803,12.470,317,375,72.000,72,71,18.000,39.000,55.000,149,222,355,160,162,162,162,162,162,162,1,0,0,3,30,1,28.000,1,1,3,3,30,1,0,0,30,0,0,30,0,0,0,0,1,1,1,1,1,1,0,0,0,12204,0,0,0,0,0,0,0,0,0
0.763000,113.72,20.769,12.470,316,375,72.000,72,71,18.000,39.000,55.000,149,222,355,160,162,162,162,162,162,162,1,0,0,3,30,1,28.000,1,1,3,3,30,1,0,0,30,0,0,30,0,0,0,0,1,1,1,1,1,1,0,0,0,12208,0,0,0,0,0,0,0,0,0
0.763250,113.83,20.735,12.420,316,375,72.000,72,71,18.000,39.000,55.000,149,222,355,160,162,162,162,162,162,162,1,0,0,3,30,1,28.000,1,1,3,3,30,1,0,0,30,0,0,30,0,0,0,0,1,1,1,1,1,1,0,0,0,12212,0,0,0,0,0,0,0,0,0
0.763500,113.94,20.701,12.420,316,375,72.000,72,71,18.000,39.000,55.000,149,222,355,160,162,162,162,162,162,162,1,0,0,3,30,1,28.000,1,1,3,3,30,1,0,0,30,0,0,30,0,0,0,0,1,1,1,1,1,1,0,0,0,12216,0,0,0,0,0,0,0,0,0
0.763750,114.05,20.668,12.420,315,375,72.000,72,71,18.000,39.000,55.000,149,222,355,160,162,162,162,162,162,162,1,0,0,3,30,1,28.000,1,1,3,3,30,1,0,0,30,0,0,30,0,0,0,0,1,1,1,1,1,1,0,0,0,12220,0,0,0,0,0,0,0,0,0
0.764000,114.16,20.634,12.360,315,375,72.000,72,71,18.000,39.000,55.000,148,222,355,160,162,162,162,162,162,162,1,0,0,3,30,1,28.000,1,1,3,3,30,1,0,0,30,0,0,30,0,0,0,0,1,1,1,1,1,1,0,0,0,12224,0,0,0,0,0,0,0,0,0
0.764250,114.26,20.601,12.360,314,375,72.000,72,71,18.000,39.000,55.000,148,222,355,160,162,162,162,162,162,162,1,0,0,3,30,1,28.000,1,1,3,3,30,1,0,0,30,0,0,30,0,0,0,0,1,1,1,1,1,1,0,0,0,12228,0,0,0,0,0,0,0,0,0
0.764500,114.37,20.568,12.360,314,375,72.000,72,71,18.000,39.000,55.000,148,222,355,160,162,162,162,162,162,162,1,0,0,3,30,1,28.000,1,1,3,3,30,1,0,0,30,0,0,30,0,0,0,0,1,1,1,1,1,1,0,0,0,12232,0,0,0,0,0,0,0,0,0
0.764750,114.48,20.535,12.310,313,375,72.000,72,71,18.000,39.000,55.000,148,222,355,160,162,162,162,162,162,162,1,0,0,3,30,1,28.000,1,1,3,3,30,1,0,0,30,0,0,30,0,0,0,0,1,1,1,1,1,1,0,0,0,12236,0,0,0,0,0,0,0,0,0
0.765000,114.59,20.502,12.310,313,374,72.000,72,71,18.000,39.000,55.000,148,221,354,160,161,161,161,161,161,161,1,0,0,3,30,1,28.000,1,1,3,3,30,1,0,0,30,0,0,30,0,0,0,0,1,1,1,1,1,1,0,0,0,12240,0,0,0,0,0,0,0,0,0
0.765250,114.70,20.469,12.260,313,374,72.000,72,71,18.000,39.000,55.000,147,221,354,160,161,161,161,161,161,161,1,0,0,3,30,1,28.000,1,1,3,3,30,1,0,0,30,0,0,30,0,0,0,0,1,1,1,1,1,1,0,0,0,12244,0,0,0,0,0,0,0,0,0
0.765500,114.80,20.437,12.260,312,374,72.000,72,71,18.000,39.000,55.000,147,221,354,160,161,161,161,161,161,161,1,0,0,3,30,1,28.000,1,1,3,3,30,1,0,0,30,0,0,30,0,0,0,0,1,1,1,1,1,1,0,0,0,12248,0,0,0,0,0,0,0,0,0
0.765750,114.91,20.404,12.260,312,374,72.000,72,71,18.000,39.000,55.000,147,221,354,160,161,161,161,161,161,161,1,0,0,3,30,1,28.000,1,1,3,3,30,1,0,0,30,0,0,30,0,0,0,0,1,1,1,1,1,1,0,0,0,12252,0,0,0,0,0,0,0,0,0
0.766000,115.02,20.372,12.200,311,374,72.000,72,71,18.000,39.000,55.000,146,221,354,160,161,161,161,161,161,161,1,0,0,3,30,1,28.000,1,1,3,3,30,1,0,0,30,0,0,30,0,0,0,0,1,1,1,1,1,1,0,0,0,12256,0,0,0,0,0,0,0,0,0
0.766250,115.13,20.340,12.200,311,374,72.000,72,71,18.000,39.000,55.000,146,221,354,160,161,161,161,161,161,161,1,0,0,3,30,1,28.000,1,1,3,3,30,1,0,0,30,0,0,30,0,0,0,0,1,1,1,1,1,1,0,0,0,12260,0,0,0,0,0,0,0,0,0
0.766500,115.24,20.308,12.200,310,374,72.000,72,71,18.000,39.000,55.000,146,221,354,160,161,161,161,161,161,161,1,0,0,3,30,1,28.000,1,1,3,3,30,1,0,0,30,0,0,30,0,0,0,0,1,1,1,1,1,1,0,0,0,12264,0,0,0,0,0,0,0,0,0
0.766750,115.34,20.276,12.150,310,374,72.000,72,71,18.000,39.000,55.000,146,221,354,160,161,161,161,161,161,161,1,0,0,3,30,1,28.000,1,1,3,3,30,1,0,0,30,0,0,30,0,0,0,0,1,1,1,1,1,1,0,0,0,12268,0,0,0,0,0,0,0,0,0
0.767000,115.45,20.244,12.150,309,374,72.000,72,71,18.000,39.000,55.000,146,221,354,160,161,161,161,161,161,161,1,0,0,3,30,1,28.000,1,1,3,3,30,1,0,0,30,0,0,30,0,0,0,0,1,1,1,1,1,1,0,0,0,12272,0,0,0,0,0,0,0,0,0
0.767250,115.56,20.212,12.150,309,374,72.000,72,71,18.000,39.000,55.000,146,221,354,160,161,161,161,161,161,161,1,0,0,3,30,1,28.000,1,1,3,3,30,1,0,0,30,0,0,30,0,0,0,0,1,1,1,1,1,1,0,0,0,12276,0,0,0,0,0,0,0,0,0
0.767500,115.67,20.181,12.090,309,374,72.000,72,71,18.000,39.000,55.000,145,221,354,160,161,161,161,161,161,161,1,0,0,3,30,1,28.000,1,1,3,3,30,1,0,0,30,0,0,30,0,0,0,0,1,1,1,1,1,1,0,0,0,12280,0,0,0,0,0,0,0,0,0
0.767750,115.78,20.149,12.090,308,374,72.000,72,71,18.000,39.000,55.000,145,221,354,160,161,161,161,161,161,161,1,0,0,3,30,1,28.000,1,1,3,3,30,1,0,0,30,0,0,30,0,0,0,0,1,1,1,1,1,1,0,0,0,12284,0,0,0,0,0,0,0,0,0
0.768000,115.88,20.118,12.090,308,374,72.000,72,71,18.000,39.000,55.000,145,221,354,160,161,161,161,161,161,161,1,0,0,3,30,1,28.000,1,1,3,3,30,1,0,0,30,0,0,30,0,0,0,0,1,1,1,1,1,1,0,0,0,12288,0,0,0,0,0,0,0,0,0
0.768250,115.99,20.087,12.040,307,374,72.000,72,71,18.000,39.000,55.000,144,221,354,160,161,161,161,161,161,161,1,0,0,3,30,1,28.000,1,1,3,3,30,1,0,0,30,0,0,30,0,0,0,0,1,1,1,1,1,1,0,0,0,12292,0,0,0,0,0,0,0,0,0
0.768500,116.10,20.056,12.040,307,374,72.000,72,71,18.000,39.000,55.000,144,221,354,160,161,161,161,161,161,161,1,0,0,3,30,1,28.000,1,1,3,3,30,1,0,0,30,0,0,30,0,0,0,0,1,1,1,1,1,1,0,0,0,12296,0,0,0,0,0,0,0,0,0
0.768750,116.21,20.025,11.980,306,374,72.000,72,71,18.000,39.000,55.000,144,221,354,160,161,161,161,161,161,161,1,0,0,3,30,1,28.000,1,1,3,3,30,1,0,0,30,0,0,30,0,0,0,0,1,1,1,1,1,1,0,0,0,12300,0,0,0,0,0,0,0,0,0
0.769000,116.32,19.994,11.980,306,373,72.000,72,71,18.000,39.000,55.000,144,220,353,160,161,161,161,161,161,161,1,0,0,3,30,1,28.000,1,1,1,1,31,1,0,0,31,0,0,31,0,0,0,0,1,1,1,1,1,1,0,0,0,12304,0,0,0,0,0,0,0,0,0
0.769250,116.42,19.963,11.980,306,373,72.000,72,71,18.000,39.000,55.000,144,220,353,160,161,161,161,161,161,161,1,0,0,3,30,1,28.000,1,1,1,1,31,1,0,0,31,0,0,31,0,0,0,0,1,1,1,1,1,1,0,0,0,12308,0,0,0,0,0,0,0,0,0
0.769500,116.53,19.933,11.980,305,373,72.000,72,71,18.000,39.000,55.000,144,220,353,160,161,161,161,161,161,161,1,0,0,3,30,1,28.000,1,1,1,1,31,1,0,0,31,0,0,31,0,0,0,0,1,1,1,1,1,1,0,0,0,12312,0,0,0,0,0,0,0,0,0
0.769750,116.64,19.902,11.930,305,373,72.000,72,71,18.000,39.000,55.000,143,220,353,160,161,161,161,161,161,161,1,0,0,3,30,1,28.000,1,1,1,1,31,1,0,0,31,0,0,31,0,0,0,0,1,1,1,1,1,1,0,0,0,12316,0,0,0,0,0,0,0,0,0
0.770000,116.75,19.872,11.930,304,373,72.000,72,71,18.000,39.000,55.000,143,220,353,160,161,161,161,161,161,161,1,0,0,3,30,1,28.000,1,1,1,1,31,1,0,0,31,0,0,31,0,0,0,0,1,1,1,1,1,1,0,0,0,12320,0,0,0,0,0,0,0,0,0
0.770250,116.86,19.842,11.870,304,373,72.000,72,71,18.000,39.000,55.000,142,220,353,160,161,161,161,161,161,161,1,0,0,3,30,1,28.000,1,1,1,1,31,1,0,0,31,0,0,31,0,0,0,0,1,1,1,1,1,1,0,0,0,12324,0,0,0,0,0,0,0,0,0
0.770500,116.96,19.812,11.870,303,373,72.000,72,71,18.000,39.000,55.000,142,220,353,160,161,161,161,161,161,161,1,0,0,3,30,1,28.000,1,1,1,1,31,1,0,0,31,0,0,31,0,0,0,0,1,1,1,1,1,1,0,0,0,12328,0,0,0,0,0,0,0,0,0
0.770750,117.07,19.782,11.870,303,373,72.000,72,71,18.000,39.000,55.000,142,220,353,160,161,161,161,161,161,161,1,0,0,3,30,1,28.000,1,1,1,1,31,1,0,0,31,0,0,31,0,0,0,0,1,1,1,1,1,1,0,0,0,12332,0,0,0,0,0,0,0,0,0
0.771000,117.18,19.753,11.870,303,373,72.000,72,71,18.000,39.000,55.000,142,220,353,160,161,161,161,161,161,161,1,0,0,3,30,1,28.000,1,1,1,1,31,1,0,0,31,0,0,31,0,0,0,0,1,1,1,1,1,1,0,0,0,12336,0,0,0,0,0,0,0,0,0
0.771250,117.29,19.723,11.820,302,373,72.000,72,71,18.000,39.000,55.000,142,220,353,160,161,161,161,161,161,161,1,0,0,3,30,1,28.000,1,1,1,1,31,1,0,0,31,0,0,31,0,0,0,0,1,1,1,1,1,1,0,0,0,12340,0,0,0,0,0,0,0,0,0
0.771500,117.40,19.694,11.820,302,373,72.000,72,71,18.000,39.000,55.000,142,220,353,160,161,161,161,161,161,161,1,0,0,3,30,1,28.000,1,1,1,1,31,1,0,0,31,0,0,31,0,0,0,0,1,1,1,1,1,1,0,0,0,12344,0,0,0,0,0,0,0,0,0
0.771750,117.50,19.665,11.820,301,373,72.000,72,71,18.000,39.000,55.000,142,220,353,160,161,161,161,161,161,161,1,0,0,3,30,1,28.000,1,1,1,1,31,1,0,0,31,0,0,31,0,0,0,0,1,1,1,1,1,1,0,0,0,12348,0,0,0,0,0,0,0,0,0
0.772000,117.61,19.635,11.770,301,373,72.000,72,71,18.000,39.000,55.000,141,220,353,160,161,161,161,161,161,161,1,0,0,3,30,1,28.000,1,1,1,1,31,1,0,0,31,0,0,31,0,0,0,0,1,1,1,1,1,1,0,0,0,12352,0,0,0,0,0,0,0,0,0
0.772250,117.72,19.606,11.770,301,373,72.000,72,71,18.000,39.000,55.000,141,220,353,160,161,161,161,161,161,161,1,0,0,3,30,1,28.000,1,1,1,1,31,1,0,0,31,0,0,31,0,0,0,0,1,1,1,1,1,1,0,0,0,12356,0,0,0,0,0,0,0,0,0
0.772500,117.83,19.578,11.770,300,373,72.000,72,71,18.000,39.000,55.000,141,220,353,160,161,161,161,161,161,161,1,0,0,3,30,1,28.000,1,1,1,1,31,1,0,0,31,0,0,31,0,0,0,0,1,1,1,1,1,1,0,0,0,12360,0,0,0,0,0,0,0,0,0
0.772750,117.94,19.549,11.710,300,372,72.000,72,71,18.000,39.000,55.000,140,219,351,160,160,160,160,160,160,160,1,0,0,3,30,1,28.000,1,1,1,1,31,1,0,0,31,0,0,31,0,0,0,0,1,1,1,1,1,1,0,0,0,12364,0,0,0,0,0,0,0,0,0
0.773000,118.04,19.520,11.710,299,372,72.000,72,71,18.000,39.000,55.000,140,219,351,160,160,160,160,160,160,160,1,0,0,3,30,1,28.000,1,1,1,1,31,1,0,0,31,0,0,31,0,0,0,0,1,1,1,1,1,1,0,0,0,12368,0,0,0,0,0,0,0,0,0
0.773250,118.15,19.492,11.710,299,372,72.000,72,71,18.000,39.000,55.000,140,219,351,160,160,160,160,160,160,160,1,0,0,3,30,1,28.000,1,1,1,1,31,1,0,0,31,0,0,31,0,0,0,0,1,1,1,1,1,1,0,0,0,12372,0,0,0,0,0,0,0,0,0
0.773500,118.26,19.464,11.660,298,372,72.000,72,71,18.000,39.000,55.000,140,219,351,160,160,160,160,160,160,160,1,0,0,3,30,1,28.000,1,1,1,1,31,1,0,0,31,0,0,31,0,0,0,0,1,1,1,1,1,1,0,0,0,12376,0,0,0,0,0,0,0,0,0
0.773750,118.37,19.435,11.660,298,372,72.000,72,71,18.000,39.000,55.000,140,219,351,160,160,160,160,160,160,160,1,0,0,3,30,1,28.000,1,1,1,1,31,1,0,0,31,0,0,31,0,0,0,0,1,1,1,1,1,1,0,0,0,12380,0,0,0,0,0,0,0,0,0
0.774000,118.48,19.408,11.660,298,372,72.000,72,71,18.000,39.000,55.000,140,219,351,160,160,160,160,160,160,160,1,0,0,3,30,1,28.000,1,1,1,1,31,1,0,0,31,0,0,31,0,0,0,0,1,1,1,1,1,1,0,0,0,12384,0,0,0,0,0,0,0,0,0
0.774250,118.58,19.380,11.600,297,372,72.000,72,71,18.000,39.000,55.000,139,219,351,160,160,160,160,160,160,160,1,0,0,3,30,1,28.000,1,1,1,1,31,1,0,0,31,0,0,31,0,0,0,0,1,1,1,1,1,1,0,0,0,12388,0,0,0,0,0,0,0,0,0
0.774500,118.69,19.352,11.600,297,372,72.000,72,71,18.000,39.000,55.000,139,219,351,160,160,160,160,160,160,160,1,0,0,3,30,1,28.000,1,1,1,1,31,1,0,0,31,0,0,31,0,0,0,0,1,1,1,1,1,1,0,0,0,12392,0,0,0,0,0,0,0,0,0
0.774750,118.80,19.324,11.600,296,372,72.000,72,71,18.000,39.000,55.000,139,219,351,160,160,160,160,160,160,160,1,0,0,3,30,1,28.000,1,1,1,1,31,1,0,0,31,0,0,31,0,0,0,0,1,1,1,1,1,1,0,0,0,12396,0,0,0,0,0,0,0,0,0
0.775000,118.91,19.297,11.550,296,372,72.000,72,71,18.000,39.000,55.000,138,219,351,160,160,160,160,160,160,160,1,0,0,3,30,1,28.000,1,1,1,1,31,1,0,0,31,0,0,31,0,0,0,0,1,1,1,1,1,1,0,0,0,12400,0,0,0,0,0,0,0,0,0
0.775250,119.02,19.270,11.550,296,372,72.000,72,71,18.000,39.000,55.000,138,219,351,160,160,160,160,160,160,160,1,0,0,3,30,1,28.000,1,1,1,1,31,1,0,0,31,0,0,31,0,0,0,0,1,1,1,1,1,1,0,0,0,12404,0,0,0,0,0,0,0,0,0
0.775500,119.12,19.243,11.550,295,372,72.000,72,71,18.000,39.000,55.000,138,219,351,160,160,160,160,160,160,160,1,0,0,3,30,1,28.000,1,1,1,1,31,1,0,0,31,0,0,31,0,0,0,0,1,1,1,1,1,1,0,0,0,12408,0,0,0,0,0,0,0,0,0
0.775750,119.23,19.216,11.550,295,372,72.000,72,71,18.000,39.000,55.000,138,219,351,160,160,160,160,160,160,160,1,0,0,3,30,1,28.000,1,1,1,1,31,1,0,0,31,0,0,31,0,0,0,0,1,1,1,1,1,1,0,0,0,12412,0,0,0,0,0,0,0,0,0
0.776000,119.34,19.189,11.490,294,371,72.000,72,71,18.000,39.000,55.000,138,219,351,160,160,160,160,160,160,160,1,0,0,3,30,1,28.000,1,1,1,1,31,1,0,0,31,0,0,31,0,0,0,0,1,1,1,1,1,1,0,0,0,12416,0,0,0,0,0,0,0,0,0
0.776250,119.45,19.162,11.490,294,371,72.000,72,71,18.000,39.000,55.000,138,219,351,160,160,160,160,160,160,160,1,0,0,3,30,1,28.000,1,1,1,1,31,1,0,0,31,0,0,31,0,0,0,0,1,1,1,1,1,1,0,0,0,12420,0,0,0,0,0,0,0,0,0
0.776500,119.56,19.136,11.490,293,371,72.000,72,71,18.000,39.000,55.000,138,219,351,160,160,160,160,160,160,160,1,0,0,3,30,1,28.000,1,1,1,1,31,1,0,0,31,0,0,31,0,0,0,0,1,1,1,1,1,1,0,0,0,12424,0,0,0,0,0,0,0,0,0
0.776750,119.66,19.109,11.440,293,371,72.000,72,71,18.000,39.000,55.000,137,219,351,160,160,160,160,160,160,160,1,0,0,3,30,1,28.000,1,1,1,1,31,1,0,0,31,0,0,31,0,0,0,0,1,1,1,1,1,1,0,0,0,12428,0,0,0,0,0,0,0,0,0
0.777000,119.77,19.083,11.440,293,371,72.000,72,71,18.000,39.000,55.000,137,219,351,160,160,160,160,160,160,160,1,0,0,3,30,1,28.000,1,1,1,1,31,1,0,0,31,0,0,31,0,0,0,0,1,1,1,1,1,1,0,0,0,12432,0,0,0,0,0,0,0,0,0
0.777250,119.88,19.057,11.440,292,371,72.000,72,71,18.000,39.000,55.000,137,219,351,160,160,160,160,160,160,160,1,0,0,3,30,1,28.000,1,1,1,1,31,1,0,0,31,0,0,31,0,0,0,0,1,1,1,1,1,1,0,0,0,12436,0,0,0,0,0,0,0,0,0
0.777500,119.99,19.031,11.440,292,371,72.000,72,71,18.000,39.000,55.000,137,219,351,160,160,160,160,160,160,160,1,0,0,3,30,1,28.000,1,1,1,1,31,1,0,0,31,0,0,31,0,0,0,0,1,1,1,1,1,1,0,0,0,12440,0,0,0,0,0,0,0,0,0
0.777750,120.10,19.005,11.380,291,371,72.000,72,71,18.000,39.000,55.000,136,219,351,160,160,160,160,160,160,160,1,0,0,3,30,1,28.000,1,1,0,0,32,1,0,0,32,0,0,32,0,0,0,0,1,1,1,1,1,1,0,0,0,12444,0,0,0,0,0,0,0,0,0
0.778000,120.20,18.979,11.380,291,371,72.000,72,71,18.000,39.000,55.000,136,219,351,160,160,160,160,160,160,160,1,0,0,3,30,1,28.000,1,1,0,0,32,1,0,0,32,0,0,32,0,0,0,0,1,1,1,1,1,1,0,0,0,12448,0,0,0,0,0,0,0,0,0
0.778250,120.31,18.954,11.380,291,371,72.000,72,71,18.000,39.000,55.000,136,219,351,160,160,160,160,160,160,160,1,0,0,3,30,1,28.000,1,1,0,0,32,1,0,0,32,0,0,32,0,0,0,0,1,1,1,1,1,1,0,0,0,12452,0,0,0,0,0,0,0,0,0
0.778500,120.42,18.929,11.330,290,371,72.000,72,71,18.000,39.000,55.000,136,219,351,160,160,160,160,160,160,160,1,0,0,3,30,1,28.000,1,1,0,0,32,1,0,0,32,0,0,32,0,0,0,0,1,1,1,1,1,1,0,0,0,12456,0,0,0,0,0,0,0,0,0
0.778750,120.53,18.903,11.330,290,371,72.000,72,71,18.000,39.000,55.000,136,219,351,160,160,160,160,160,160,160,1,0,0,3,30,1,28.000,1,1,0,0,32,1,0,0,32,0,0,32,0,0,0,0,1,1,1,1,1,1,0,0,0,12460,0,0,0,0,0,0,0,0,0
0.779000,120.64,18.878,11.330,289,371,72.000,72,71,18.000,39.000,55.000,136,219,351,160,160,160,160,160,160,160,1,0,0,3,30,1,28.000,1,1,0,0,32,1,0,0,32,0,0,32,0,0,0,0,1,1,1,1,1,1,0,0,0,12464,0,0,0,0,0,0,0,0,0
0.779250,120.74,18.853,11.330,289,370,72.000,72,71,18.000,39.000,55.000,136,218,349,160,159,159,159,159,159,159,1,0,0,3,30,1,28.000,1,1,0,0,32,1,0,0,32,0,0,32,0,0,0,0,1,1,1,1,1,1,0,0,0,12468,0,0,0,0,0,0,0,0,0
0.779500,120.85,18.829,11.280,289,370,72.000,72,71,18.000,39.000,55.000,135,218,349,160,159,159,159,159,159,159,1,0,0,3,30,1,28.000,1,1,0,0,32,1,0,0,32,0,0,32,0,0,0,0,1,1,1,1,1,1,0,0,0,12472,0,0,0,0,0,0,0,0,0
0.779750,120.96,18.804,11.280,288,370,72.000,72,71,18.000,39.000,55.000,135,218,349,160,159,159,159,159,159,159,1,0,0,3,30,1,28.000,1,1,0,0,32,1,0,0,32,0,0,32,0,0,0,0,1,1,1,1,1,1,0,0,0,12476,0,0,0,0,0,0,0,0,0
0.780000,121.07,18.780,11.280,288,370,72.000,72,71,18.000,39.000,55.000,135,218,349,160,159,159,159,159,159,159,1,0,0,3,30,1,28.000,1,1,0,0,32,1,0,0,32,0,0,32,0,0,0,0,1,1,1,1,1,1,0,0,0,12480,0,0,0,0,0,0,0,0,0
0.780250,121.18,18.755,11.280,287,370,72.000,72,71,18.000,39.000,55.000,135,218,349,160,159,159,159,159,159,159,1,0,0,3,30,1,28.000,1,1,0,0,32,1,0,0,32,0,0,32,0,0,0,0,1,1,1,1,1,1,0,0,0,12484,0,0,0,0,0,0,0,0,0
0.780500,121.28,18.731,11.220,287,370,72.000,72,71,18.000,39.000,55.000,134,218,349,160,159,159,159,159,159,159,1,0,0,3,30,1,28.000,1,1,0,0,32,1,0,0,32,0,0,32,0,0,0,0,1,1,1,1,1,1,0,0,0,12488,0,0,0,0,0,0,0,0,0
0.780750,121.39,18.707,11.220,287,370,72.000,72,71,18.000,39.000,55.000,134,218,349,160,159,159,159,159,159,159,1,0,0,3,30,1,28.000,1,1,0,0,32,1,0,0,32,0,0,32,0,0,0,0,1,1,1,1,1,1,0,0,0,12492,0,0,0,0,0,0,0,0,0
0.781000,121.50,18.683,11.220,286,370,72.000,72,71,18.000,39.000,55.000,134,218,349,160,159,159,159,159,159,159,1,0,0,3,30,1,28.000,1,1,0,0,32,1,0,0,32,0,0,32,0,0,0,0,1,1,1,1,1,1,0,0,0,12496,0,0,0,0,0,0,0,0,0
0.781250,121.61,18.660,11.170,286,370,72.000,72,71,18.000,39.000,55.000,134,218,349,160,159,159,159,159,159,159,1,0,0,3,30,1,28.000,1,1,0,0,32,1,0,0,32,0,0,32,0,0,0,0,1,1,1,1,1,1,0,0,0,12500,0,0,0,0,0,0,0,0,0
0.781500,121.72,18.636,11.170,286,370,72.000,72,71,18.000,39.000,55.000,134,218,349,160,159,159,159,159,159,159,1,0,0,3,30,1,28.000,1,1,0,0,32,1,0,0,32,0,0,32,0,0,0,0,1,1,1,1,1,1,0,0,0,12504,0,0,0,0,0,0,0,0,0
0.781750,121.82,18.613,11.170,285,370,72.000,72,71,18.000,39.000,55.000,134,218,349,160,159,159,159,159,159,159,1,0,0,3,30,1,28.000,1,1,0,0,32,1,0,0,32,0,0,32,0,0,0,0,1,1,1,1,1,1,0,0,0,12508,0,0,0,0,0,0,0,0,0
0.782000,121.93,18.589,11.170,285,370,72.000,72,71,18.000,39.000,55.000,134,218,349,160,159,159,159,159,159,159,1,0,0,3,30,1,28.000,1,1,0,0,32,1,0,0,32,0,0,32,0,0,0,0,1,1,1,1,1,1,0,0,0,12512,0,0,0,0,0,0,0,0,0
0.782250,122.04,18.566,11.110,284,369,72.000,72,71,18.000,39.000,55.000,133,218,348,160,159,159,159,159,159,159,1,0,0,3,30,1,28.000,1,1,0,0,32,1,0,0,32,0,0,32,0,0,0,0,1,1,1,1,1,1,0,0,0,12516,0,0,0,0,0,0,0,0,0
0.782500,122.15,18.543,11.110,284,369,72.000,72,71,18.000,39.000,55.000,133,218,348,160,159,159,159,159,159,159,1,0,0,3,30,1,28.000,1,1,0,0,32,1,0,0,32,0,0,32,0,0,0,0,1,1,1,1,1,1,0,0,0,12520,0,0,0,0,0,0,0,0,0
0.782750,122.26,18.521,11.110,284,369,72.000,72,71,18.000,39.000,55.000,133,218,348,160,159,159,159,159,159,159,1,0,0,3,30,1,28.000,1,1,0,0,32,1,0,0,32,0,0,32,0,0,0,0,1,1,1,1,1,1,0,0,0,12524,0,0,0,0,0,0,0,0,0
0.783000,122.36,18.498,11.110,283,369,72.000,72,71,18.000,39.000,55.000,133,218,348,160,159,159,159,159,159,159,1,0,0,3,30,1,28.000,1,1,0,0,32,1,0,0,32,0,0,32,0,0,0,0,1,1,1,1,1,1,0,0,0,12528,0,0,0,0,0,0,0,0,0
0.783250,122.47,18.476,11.060,283,369,72.000,72,71,18.000,39.000,55.000,133,218,348,160,159,159,159,159,159,159,1,0,0,3,30,1,28.000,1,1,0,0,32,1,0,0,32,0,0,32,0,0,0,0,1,1,1,1,1,1,0,0,0,12532,0,0,0,0,0,0,0,0,0
0.783500,122.58,18.453,11.060,282,369,72.000,72,71,18.000,39.000,55.000,133,218,348,160,159,159,159,159,159,159,1,0,0,3,30,1,28.000,1,1,0,0,32,1,0,0,32,0,0,32,0,0,0,0,1,1,1,1,1,1,0,0,0,12536,0,0,0,0,0,0,0,0,0
0.783750,122.69,18.431,11.060,282,369,72.000,72,71,18.000,39.000,55.000,133,218,348,160,159,159,159,159,159,159,1,0,0,3,30,1,28.000,1,1,0,0,32,1,0,0,32,0,0,32,0,0,0,0,1,1,1,1,1,1,0,0,0,12540,0,0,0,0,0,0,0,0,0
0.784000,122.80,18.409,11.060,282,369,72.000,72,71,18.000,39.000,55.000,133,218,348,160,159,159,159,159,159,159,1,0,0,3,30,1,28.000,1,1,0,0,32,1,0,0,32,0,0,32,0,0,0,0,1,1,1,1,1,1,0,0,0,12544,0,0,0,0,0,0,0,0,0
0.784250,122.90,18.387,11.000,281,369,72.000,72,71,18.000,39.000,55.000,132,218,348,160,159,159,159,159,159,159,1,0,0,3,30,1,28.000,1,1,0,0,32,1,0,0,32,0,0,32,0,0,0,0,1,1,1,1,1,1,0,0,0,12548,0,0,0,0,0,0,0,0,0
0.784500,123.01,18.366,11.000,281,369,72.000,72,71,18.000,39.000,55.000,132,218,348,160,159,159,159,159,159,159,1,0,0,3,30,1,28.000,1,1,0,0,32,1,0,0,32,0,0,32,0,0,0,0,1,1,1,1,1,1,0,0,0,12552,0,0,0,0,0,0,0,0,0
0.784750,123.12,18.344,11.000,281,369,72.000,72,71,18.000,39.000,55.000,132,218,348,160,159,159,159,159,159,159,1,0,0,3,30,1,28.000,1,1,0,0,32,1,0,0,32,0,0,32,0,0,0,0,1,1,1,1,1,1,0,0,0,12556,0,0,0,0,0,0,0,0,0
0.785000,123.23,18.323,11.000,280,369,72.000,72,71,18.000,39.000,55.000,132,218,348,160,159,159,159,159,159,159,1,0,0,3,30,1,28.000,1,1,0,0,32,1,0,0,32,0,0,32,0,0,0,0,1,1,1,1,1,1,0,0,0,12560,0,0,0,0,0,0,0,0,0
0.785250,123.34,18.301,11.000,280,368,72.000,72,71,18.000,39.000,55.000,132,217,347,160,158,158,158,158,158,158,1,0,0,3,30,1,28.000,1,1,0,0,32,1,0,0,32,0,0,32,0,0,0,0,1,1,1,1,1,1,0,0,0,12564,0,0,0,0,0,0,0,0,0
0.785500,123.44,18.280,10.950,279,368,72.000,72,71,18.000,39.000,55.000,131,217,347,160,158,158,158,158,158,158,1,0,0,3,30,1,28.000,1,1,0,0,32,1,0,0,32,0,0,32,0,0,0,0,1,1,1,1,1,1,0,0,0,12568,0,0,0,0,0,0,0,0,0
0.785750,123.55,18.260,10.950,279,368,72.000,72,71,18.000,39.000,55.000,131,217,347,160,158,158,158,158,158,158,1,0,0,3,30,1,28.000,1,1,0,0,32,1,0,0,32,0,0,32,0,0,0,0,1,1,1,1,1,1,0,0,0,12572,0,0,0,0,0,0,0,0,0
0.786000,123.66,18.239,10.950,279,368,72.000,72,71,18.000,39.000,55.000,131,217,347,160,158,158,158,158,158,158,1,0,0,3,30,1,28.000,1,1,0,0,32,1,0,0,32,0,0,32,0,0,0,0,1,1,1,1,1,1,0,0,0,12576,0,0,0,0,0,0,0,0,0
0.786250,123.77,18.218,10.950,278,368,72.000,71,71,18.000,39.000,55.000,131,217,347,160,158,158,158,158,158,158,1,0,0,3,30,1,28.000,1,1,2,2,33,1,0,0,33,0,0,33,0,0,0,0,1,1,1,1,1,1,0,0,0,12580,0,0,0,0,0,0,0,0,0
0.786500,123.88,18.198,10.900,278,368,72.000,71,71,18.000,39.000,55.000,131,217,347,160,158,158,158,158,158,158,1,0,0,3,30,1,28.000,1,1,2,2,33,1,0,0,33,0,0,33,0,0,0,0,1,1,1,1,1,1,0,0,0,12584,0,0,0,0,0,0,0,0,0
0.786750,123.98,18.178,10.900,278,368,72.000,71,71,18.000,39.000,55.000,131,217,347,160,158,158,158,158,158,158,1,0,0,3,30,1,28.000,1,1,2,2,33,1,0,0,33,0,0,33,0,0,0,0,1,1,1,1,1,1,0,0,0,12588,0,0,0,0,0,0,0,0,0
0.787000,124.09,18.157,10.900,277,368,72.000,71,71,18.000,39.000,55.000,131,217,347,160,158,158,158,158,158,158,1,0,0,3,30,1,28.000,1,1,2,2,33,1,0,0,33,0,0,33,0,0,0,0,1,1,1,1,1,1,0,0,0,12592,0,0,0,0,0,0,0,0,0
0.787250,124.20,18.137,10.900,277,368,72.000,71,71,18.000,39.000,55.000,131,217,347,160,158,158,158,158,158,158,1,0,0,3,30,1,28.000,1,1,2,2,33,1,0,0,33,0,0,33,0,0,0,0,1,1,1,1,1,1,0,0,0,12596,0,0,0,0,0,0,0,0,0
0.787500,124.31,18.118,10.900,276,368,72.000,71,71,18.000,39.000,55.000,131,217,347,160,158,158,158,158,158,158,1,0,0,3,30,1,28.000,1,1,2,2,33,1,0,0,33,0,0,33,0,0,0,0,1,1,1,1,1,1,0,0,0,12600,0,0,0,0,0,0,0,0,0
0.787750,124.42,18.098,10.840,276,368,72.000,71,71,18.000,39.000,55.000,130,217,347,160,158,158,158,158,158,158,1,0,0,3,30,1,28.000,1,1,2,2,33,1,0,0,33,0,0,33,0,0,0,0,1,1,1,1,1,1,0,0,0,12604,0,0,0,0,0,0,0,0,0
0.788000,124.52,18.079,10.840,276,367,72.000,71,71,18.000,39.000,55.000,130,216,346,160,158,158,158,158,158,158,1,0,0,3,30,1,28.000,1,1,2,2,33,1,0,0,33,0,0,33,0,0,0,0,1,1,1,1,1,1,0,0,0,12608,0,0,0,0,0,0,0,0,0
0.788250,124.63,18.059,10.840,275,367,72.000,71,71,18.000,39.000,55.000,130,216,346,160,158,158,158,158,158,158,1,0,0,3,30,1,28.000,1,1,2,2,33,1,0,0,33,0,0,33,0,0,0,0,1,1,1,1,1,1,0,0,0,12612,0,0,0,0,0,0,0,0,0
0.788500,124.74,18.040,10.840,275,367,72.000,71,71,18.000,39.000,55.000,130,216,346,160,158,158,158,158,158,158,1,0,0,3,30,1,28.000,1,1,2,2,33,1,0,0,33,0,0,33,0,0,0,0,1,1,1,1,1,1,0,0,0,12616,0,0,0,0,0,0,0,0,0
0.788750,124.85,18.021,10.790,275,367,72.000,71,71,18.000,39.000,55.000,129,216,346,160,158,158,158,158,158,158,1,0,0,3,30,1,28.000,1,1,2,2,33,1,0,0,33,0,0,33,0,0,0,0,1,1,1,1,1,1,0,0,0,12620,0,0,0,0,0,0,0,0,0
0.789000,124.96,18.002,10.790,274,367,72.000,71,71,18.000,39.000,55.000,129,216,346,160,158,158,158,158,158,158,1,0,0,3,30,1,28.000,1,1,2,2,33,1,0,0,33,0,0,33,0,0,0,0,1,1,1,1,1,1,0,0,0,12624,0,0,0,0,0,0,0,0,0
0.789250,125.06,17.984,10.790,274,367,72.000,71,71,18.000,39.000,55.000,129,216,346,160,158,158,158,158,158,158,1,0,0,3,30,1,28.000,1,1,2,2,33,1,0,0,33,0,0,33,0,0,0,0,1,1,1,1,1,1,0,0,0,12628,0,0,0,0,0,0,0,0,0
0.789500,125.17,17.965,10.790,274,367,72.000,71,71,18.000,39.000,55.000,129,216,346,160,158,158,158,158,158,158,1,0,0,3,30,1,28.000,1,1,2,2,33,1,0,0,33,0,0,33,0,0,0,0,1,1,1,1,1,1,0,0,0,12632,0,0,0,0,0,0,0,0,0
0.789750,125.28,17.947,10.790,273,367,72.000,71,71,18.000,39.000,55.000,129,216,346,160,158,158,158,158,158,158,1,0,0,3,30,1,28.000,1,1,2,2,33,1,0,0,33,0,0,33,0,0,0,0,1,1,1,1,1,1,0,0,0,12636,0,0,0,0,0,0,0,0,0
0.790000,125.39,17.929,10.730,273,367,72.000,71,71,18.000,39.000,55.000,129,216,346,160,158,158,158,158,158,158,1,0,0,3,30,1,28.000,1,1,2,2,33,1,0,0,33,0,0,33,0,0,0,0,1,1,1,1,1,1,0,0,0,12640,0,0,0,0,0,0,0,0,0
0.790250,125.50,17.911,10.730,273,367,72.000,71,71,18.000,39.000,55.000,129,216,346,160,158,158,158,158,158,158,1,0,0,3,30,1,28.000,1,1,2,2,33,1,0,0,33,0,0,33,0,0,0,0,1,1,1,1,1,1,0,0,0,12644,0,0,0,0,0,0,0,0,0
0.790500,125.60,17.893,10.730,272,367,72.000,71,71,18.000,39.000,55.000,129,216,346,160,158,158,158,158,158,158,1,0,0,3,30,1,28.000,1,1,2,2,33,1,0,0,33,0,0,33,0,0,0,0,1,1,1,1,1,1,0,0,0,12648,0,0,0,0,0,0,0,0,0
0.790750,125.71,17.875,10.730,272,366,72.000,71,71,18.000,39.000,55.000,129,216,345,160,157,157,157,157,157,157,1,0,0,3,30,1,28.000,1,1,2,2,33,1,0,0,33,0,0,33,0,0,0,0,1,1,1,1,1,1,0,0,0,12652,0,0,0,0,0,0,0,0,0
0.791000,125.82,17.858,10.730,271,366,72.000,71,71,18.000,39.000,55.000,129,216,345,160,157,157,157,157,157,157,1,0,0,3,30,1,28.000,1,1,2,2,33,1,0,0,33,0,0,33,0,0,0,0,1,1,1,1,1,1,0,0,0,12656,0,0,0,0,0,0,0,0,0
0.791250,125.93,17.840,10.680,271,366,72.000,71,71,18.000,39.000,55.000,128,216,345,160,157,157,157,157,157,157,1,0,0,3,30,1,28.000,1,1,2,2,33,1,0,0,33,0,0,33,0,0,0,0,1,1,1,1,1,1,0,0,0,12660,0,0,0,0,0,0,0,0,0
0.791500,126.04,17.823,10.680,271,366,72.000,71,71,18.000,39.000,55.000,128,216,345,160,157,157,157,157,157,157,1,0,0,3,30,1,28.000,1,1,2,2,33,1,0,0,33,0,0,33,0,0,0,0,1,1,1,1,1,1,0,0,0,12664,0,0,0,0,0,0,0,0,0
0.791750,126.14,17.806,10.680,270,366,72.000,71,71,18.000,39.000,55.000,128,216,345,160,157,157,157,157,157,157,1,0,0,3,30,1,28.000,1,1,2,2,33,1,0,0,33,0,0,33,0,0,0,0,1,1,1,1,1,1,0,0,0,12668,0,0,0,0,0,0,0,0,0
0.792000,126.25,17.789,10.680,270,366,72.000,71,71,18.000,39.000,55.000,128,216,345,160,157,157,157,157,157,157,1,0,0,3,30,1,28.000,1,1,2,2,33,1,0,0,33,0,0,33,0,0,0,0,1,1,1,1,1,1,0,0,0,12672,0,0,0,0,0,0,0,0,0
0.792250,126.36,17.773,10.680,270,366,72.000,71,71,18.000,39.000,55.000,128,216,345,160,157,157,157,157,157,157,1,0,0,3,30,1,28.000,1,1,2,2,33,1,0,0,33,0,0,33,0,0,0,0,1,1,1,1,1,1,0,0,0,12676,0,0,0,0,0,0,0,0,0
0.792500,126.47,17.756,10.620,269,366,72.000,71,71,18.000,39.000,55.000,127,216,345,160,157,157,157,157,157,157,1,0,0,3,30,1,28.000,1,1,2,2,33,1,0,0,33,0,0,33,0,0,0,0,1,1,1,1,1,1,0,0,0,12680,0,0,0,0,0,0,0,0,0
0.792750,126.58,17.740,10.620,269,366,72.000,71,71,18.000,39.000,55.000,127,216,345,160,157,157,157,157,157,157,1,0,0,3,30,1,28.000,1,1,2,2,33,1,0,0,33,0,0,33,0,0,0,0,1,1,1,1,1,1,0,0,0,12684,0,0,0,0,0,0,0,0,0
0.793000,126.68,17.723,10.620,269,366,72.000,71,71,18.000,39.000,55.000,127,216,345,160,157,157,157,157,157,157,1,0,0,3,30,1,28.000,1,1,2,2,33,1,0,0,33,0,0,33,0,0,0,0,1,1,1,1,1,1,0,0,0,12688,0,0,0,0,0,0,0,0,0
0.793250,126.79,17.707,10.620,268,366,72.000,71,71,18.000,39.000,55.000,127,216,345,160,157,157,157,157,157,157,1,0,0,3,30,1,28.000,1,1,2,2,33,1,0,0,33,0,0,33,0,0,0,0,1,1,1,1,1,1,0,0,0,12692,0,0,0,0,0,0,0,0,0
0.793500,126.90,17.692,10.620,268,365,72.000,71,71,18.000,39.000,55.000,127,215,344,160,157,157,157,157,157,157,1,0,0,3,30,1,28.000,1,1,2,2,33,1,0,0,33,0,0,33,0,0,0,0,1,1,1,1,1,1,0,0,0,12696,0,0,0,0,0,0,0,0,0
0.793750,127.01,17.676,10.620,268,365,72.000,71,71,18.000,39.000,55.000,127,215,344,160,157,157,157,157,157,157,1,0,0,3,30,1,28.000,1,1,2,2,33,1,0,0,33,0,0,33,0,0,0,0,1,1,1,1,1,1,0,0,0,12700,0,0,0,0,0,0,0,0,0
0.794000,127.12,17.660,10.570,267,365,72.000,71,71,18.000,39.000,55.000,127,215,344,160,157,157,157,157,157,157,1,0,0,3,30,1,28.000,1,1,2,2,33,1,0,0,33,0,0,33,0,0,0,0,1,1,1,1,1,1,0,0,0,12704,0,0,0,0,0,0,0,0,0
0.794250,127.22,17.645,10.570,267,365,72.000,71,71,18.000,39.000,55.000,127,215,344,160,157,157,157,157,157,157,1,0,0,3,30,1,28.000,1,1,2,2,33,1,0,0,33,0,0,33,0,0,0,0,1,1,1,1,1,1,0,0,0,12708,0,0,0,0,0,0,0,0,0
0.794500,127.33,17.630,10.570,267,365,72.000,71,71,18.000,39.000,55.000,127,215,344,160,157,157,157,157,157,157,1,0,0,3,30,1,28.000,1,1,2,2,33,1,0,0,33,0,0,33,0,0,0,0,1,1,1,1,1,1,0,0,0,12712,0,0,0,0,0,0,0,0,0
0.794750,127.44,17.615,10.570,266,365,72.000,71,71,18.000,39.000,55.000,127,215,344,160,157,157,157,157,157,157,1,0,0,3,30,1,28.000,1,1,2,2,33,1,0,0,33,0,0,33,0,0,0,0,1,1,1,1,1,1,0,0,0,12716,0,0,0,0,0,0,0,0,0
0.795000,127.55,17.600,10.570,266,365,72.000,71,71,18.000,39.000,55.000,127,215,344,160,157,157,157,157,157,157,1,0,0,3,30,1,28.000,1,1,3,3,34,1,0,0,34,0,0,34,0,0,0,0,1,1,1,1,1,1,0,0,0,12720,0,0,0,0,0,0,0,0,0
0.795250,127.66,17.585,10.570,266,365,72.000,71,71,18.000,39.000,55.000,127,215,344,160,157,157,157,157,157,157,1,0,0,3,30,1,28.000,1,1,3,3,34,1,0,0,34,0,0,34,0,0,0,0,1,1,1,1,1,1,0,0,0,12724,0,0,0,0,0,0,0,0,0
0.795500,127.76,17.571,10.510,265,365,72.000,71,71,18.000,39.000,55.000,126,215,344,160,157,157,157,157,157,157,1,0,0,3,30,1,28.000,1,1,3,3,34,1,0,0,34,0,0,34,0,0,0,0,1,1,1,1,1,1,0,0,0,12728,0,0,0,0,0,0,0,0,0
0.795750,127.87,17.556,10.510,265,365,72.000,71,71,18.000,39.000,55.000,126,215,344,160,157,157,157,157,157,157,1,0,0,3,30,1,28.000,1,1,3,3,34,1,0,0,34,0,0,34,0,0,0,0,1,1,1,1,1,1,0,0,0,12732,0,0,0,0,0,0,0,0,0
0.796000,127.98,17.542,10.510,265,364,72.000,71,71,18.000,39.000,55.000,126,214,343,160,156,156,156,156,156,156,1,0,0,3,30,1,28.000,1,1,3,3,34,1,0,0,34,0,0,34,0,0,0,0,1,1,1,1,1,1,0,0,0,12736,0,0,0,0,0,0,0,0,0
0.796250,128.09,17.528,10.510,264,364,72.000,71,71,18.000,39.000,55.000,126,214,343,160,156,156,156,156,156,156,1,0,0,3,30,1,28.000,1,1,3,3,34,1,0,0,34,0,0,34,0,0,0,0,1,1,1,1,1,1,0,0,0,12740,0,0,0,0,0,0,0,0,0
0.796500,128.20,17.514,10.510,264,364,72.000,71,71,18.000,39.000,55.000,126,214,343,160,156,156,156,156,156,156,1,0,0,3,30,1,28.000,1,1,3,3,34,1,0,0,34,0,0,34,0,0,0,0,1,1,1,1,1,1,0,0,0,12744,0,0,0,0,0,0,0,0,0
0.796750,128.30,17.500,10.510,264,364,72.000,71,71,18.000,39.000,55.000,126,214,343,160,156,156,156,156,156,156,1,0,0,3,30,1,28.000,1,1,3,3,34,1,0,0,34,0,0,34,0,0,0,0,1,1,1,1,1,1,0,0,0,12748,0,0,0,0,0,0,0,0,0
0.797000,128.41,17.487,10.510,263,364,72.000,71,71,18.000,39.000,55.000,126,214,343,160,156,156,156,156,156,156,1,0,0,3,30,1,28.000,1,1,3,3,34,1,0,0,34,0,0,34,0,0,0,0,1,1,1,1,1,1,0,0,0,12752,0,0,0,0,0,0,0,0,0
0.797250,128.52,17.474,10.460,263,364,72.000,71,71,18.000,39.000,55.000,125,214,343,160,156,156,156,156,156,156,1,0,0,3,30,1,28.000,1,1,3,3,34,1,0,0,34,0,0,34,0,0,0,0,1,1,1,1,1,1,0,0,0,12756,0,0,0,0,0,0,0,0,0
0.797500,128.63,17.460,10.460,263,364,72.000,71,71,18.000,39.000,55.000,125,214,343,160,156,156,156,156,156,156,1,0,0,3,30,1,28.000,1,1,3,3,34,1,0,0,34,0,0,34,0,0,0,0,1,1,1,1,1,1,0,0,0,12760,0,0,0,0,0,0,0,0,0
0.797750,128.74,17.447,10.460,262,364,72.000,71,71,18.000,39.000,55.000,125,214,343,160,156,156,156,156,156,156,1,0,0,3,30,1,28.000,1,1,3,3,34,1,0,0,34,0,0,34,0,0,0,0,1,1,1,1,1,1,0,0,0,12764,0,0,0,0,0,0,0,0,0
0.798000,128.84,17.434,10.460,262,364,72.000,71,71,18.000,39.000,55.000,125,214,343,160,156,156,156,156,156,156,1,0,0,3,30,1,28.000,1,1,3,3,34,1,0,0,34,0,0,34,0,0,0,0,1,1,1,1,1,1,0,0,0,12768,0,0,0,0,0,0,0,0,0
0.798250,128.95,17.422,10.460,262,364,72.000,71,71,18.000,39.000,55.000,125,214,343,160,156,156,156,156,156,156,1,0,0,3,30,1,28.000,1,1,3,3,34,1,0,0,34,0,0,34,0,0,0,0,1,1,1,1,1,1,0,0,0,12772,0,0,0,0,0,0,0,0,0
0.798500,129.06,17.409,10.460,262,363,72.000,71,71,18.000,39.000,55.000,125,214,342,160,156,156,156,156,156,156,1,0,0,3,30,1,28.000,1,1,3,3,34,1,0,0,34,0,0,34,0,0,0,0,1,1,1,1,1,1,0,0,0,12776,0,0,0,0,0,0,0,0,0
0.798750,129.17,17.397,10.460,261,363,72.000,71,71,18.000,39.000,55.000,125,214,342,160,156,156,156,156,156,156,1,0,0,3,30,1,28.000,1,1,3,3,34,1,0,0,34,0,0,34,0,0,0,0,1,1,1,1,1,1,0,0,0,12780,0,0,0,0,0,0,0,0,0
0.799000,129.28,17.385,10.410,261,363,72.000,71,71,18.000,39.000,55.000,125,214,342,160,156,156,156,156,156,156,1,0,0,3,30,1,28.000,1,1,3,3,34,1,0,0,34,0,0,34,0,0,0,0,1,1,1,1,1,1,0,0,0,12784,0,0,0,0,0,0,0,0,0
0.799250,129.38,17.373,10.410,261,363,72.000,71,71,18.000,39.000,55.000,125,214,342,160,156,156,156,156,156,156,1,0,0,3,30,1,28.000,1,1,3,3,34,1,0,0,34,0,0,34,0,0,0,0,1,1,1,1,1,1,0,0,0,12788,0,0,0,0,0,0,0,0,0
0.799500,129.49,17.361,10.410,260,363,72.000,71,71,18.000,39.000,55.000,125,214,342,160,156,156,156,156,156,156,1,0,0,3,30,1,28.000,1,1,3,3,34,1,0,0,34,0,0,34,0,0,0,0,1,1,1,1,1,1,0,0,0,12792,0,0,0,0,0,0,0,0,0
0.799750,129.60,17.349,10.410,260,363,72.000,71,71,18.000,39.000,55.000,125,214,342,160,156,156,156,156,156,156,1,0,0,3,30,1,28.000,1,1,3,3,34,1,0,0,34,0,0,34,0,0,0,0,1,1,1,1,1,1,0,0,0,12796,0,0,0,0,0,0,0,0,0
0.800000,129.71,17.338,10.410,260,363,72.000,71,71,18.000,39.000,55.000,125,214,342,160,156,156,156,156,156,156,1,0,0,3,30,1,28.000,1,1,3,3,34,1,0,0,34,0,0,34,0,0,0,0,1,1,1,1,1,1,0,0,0,12800,0,0,0,0,0,0,0,0,0
0.800250,129.82,17.326,10.410,259,363,72.000,71,71,18.000,39.000,55.000,125,214,342,160,156,156,156,156,156,156,1,0,0,3,30,1,28.000,1,1,3,3,34,1,0,0,34,0,0,34,0,0,0,0,1,1,1,1,1,1,0,0,0,12804,0,0,0,0,0,0,0,0,0
0.800500,129.92,17.315,10.410,259,363,72.000,71,71,18.000,39.000,55.000,125,214,342,160,156,156,156,156,156,156,1,0,0,3,30,1,28.000,1,1,3,3,34,1,0,0,34,0,0,34,0,0,0,0,1,1,1,1,1,1,0,0,0,12808,0,0,0,0,0,0,0,0,0
0.800750,130.03,17.304,10.410,259,363,72.000,71,71,18.000,39.000,55.000,125,214,342,160,156,156,156,156,156,156,1,0,0,3,30,1,28.000,1,1,3,3,34,1,0,0,34,0,0,34,0,0,0,0,1,1,1,1,1,1,0,0,0,12812,0,0,0,0,0,0,0,0,0
0.801000,130.14,17.293,10.350,258,362,72.000,71,71,18.000,39.000,55.000,124,213,341,160,155,155,155,155,155,155,1,0,0,3,30,1,28.000,1,1,3,3,34,1,0,0,34,0,0,34,0,0,0,0,1,1,1,1,1,1,0,0,0,12816,0,0,0,0,0,0,0,0,0
0.801250,130.25,17.283,10.350,258,362,72.000,71,71,18.000,39.000,55.000,124,213,341,160,155,155,155,155,155,155,1,0,0,3,30,1,28.000,1,1,3,3,34,1,0,0,34,0,0,34,0,0,0,0,1,1,1,1,1,1,0,0,0,12820,0,0,0,0,0,0,0,0,0
0.801500,130.36,17.272,10.350,258,362,72.000,71,71,18.000,39.000,55.000,124,213,341,160,155,155,155,155,155,155,1,0,0,3,30,1,28.000,1,1,3,3,34,1,0,0,34,0,0,34,0,0,0,0,1,1,1,1,1,1,0,0,0,12824,0,0,0,0,0,0,0,0,0
0.801750,130.46,17.262,10.350,258,362,72.000,71,71,18.000,39.000,55.000,124,213,341,160,155,155,155,155,155,155,1,0,0,3,30,1,28.000,1,1,3,3,34,1,0,0,34,0,0,34,0,0,0,0,1,1,1,1,1,1,0,0,0,12828,0,0,0,0,0,0,0,0,0
0.802000,130.57,17.252,10.350,257,362,72.000,71,71,18.000,39.000,55.000,124,213,341,160,155,155,155,155,155,155,1,0,0,3,30,1,28.000,1,1,3,3,34,1,0,0,34,0,0,34,0,0,0,0,1,1,1,1,1,1,0,0,0,12832,0,0,0,0,0,0,0,0,0
0.802250,130.68,17.242,10.350,257,362,72.000,71,71,18.000,39.000,55.000,124,213,341,160,155,155,155,155,155,155,1,0,0,3,30,1,28.000,1,1,3,3,34,1,0,0,34,0,0,34,0,0,0,0,1,1,1,1,1,1,0,0,0,12836,0,0,0,0,0,0,0,0,0
0.802500,130.79,17.232,10.350,257,362,72.000,71,71,18.000,39.000,55.000,124,213,341,160,155,155,155,155,155,155,1,0,0,3,30,1,28.000,1,1,3,3,34,1,0,0,34,0,0,34,0,0,0,0,1,1,1,1,1,1,0,0,0,12840,0,0,0,0,0,0,0,0,0
0.802750,130.90,17.222,10.350,256,362,72.000,71,71,18.000,39.000,55.000,124,213,341,160,155,155,155,155,155,155,1,0,0,3,30,1,28.000,1,1,3,3,34,1,0,0,34,0,0,34,0,0,0,0,1,1,1,1,1,1,0,0,0,12844,0,0,0,0,0,0,0,0,0
0.803000,131.00,17.213,10.300,256,362,72.000,71,71,18.000,39.000,55.000,123,213,341,160,155,155,155,155,155,155,1,0,0,3,30,1,28.000,1,1,3,3,34,1,0,0,34,0,0,34,0,0,0,0,1,1,1,1,1,1,0,0,0,12848,0,0,0,0,0,0,0,0,0
0.803250,131.11,17.204,10.300,256,362,72.000,71,71,18.000,39.000,55.000,123,213,341,160,155,155,155,155,155,155,1,0,0,3,30,1,28.000,1,1,3,3,34,1,0,0,34,0,0,34,0,0,0,0,1,1,1,1,1,1,0,0,0,12852,0,0,0,0,0,0,0,0,0
0.803500,131.22,17.194,10.300,256,361,72.000,71,71,18.000,39.000,55.000,123,212,340,160,155,155,155,155,155,155,1,0,0,3,30,1,28.000,1,1,3,3,34,1,0,0,34,0,0,34,0,0,0,0,1,1,1,1,1,1,0,0,0,12856,0,0,0,0,0,0,0,0,0
0.803750,131.33,17.185,10.300,255,361,72.000,71,71,18.000,39.000,55.000,123,212,340,160,155,155,155,155,155,155,1,0,0,3,30,1,28.000,1,1,1,1,35,1,0,0,35,0,0,35,0,0,0,0,1,1,1,1,1,1,0,0,0,12860,0,0,0,0,0,0,0,0,0
0.804000,131.44,17.177,10.300,255,361,72.000,71,71,18.000,39.000,55.000,123,212,340,160,155,155,155,155,155,155,1,0,0,3,30,1,28.000,1,1,1,1,35,1,0,0,35,0,0,35,0,0,0,0,1,1,1,1,1,1,0,0,0,12864,0,0,0,0,0,0,0,0,0
0.804250,131.54,17.168,10.300,255,361,72.000,71,71,18.000,39.000,55.000,123,212,340,160,155,155,155,155,155,155,1,0,0,3,30,1,28.000,1,1,1,1,35,1,0,0,35,0,0,35,0,0,0,0,1,1,1,1,1,1,0,0,0,12868,0,0,0,0,0,0,0,0,0
0.804500,131.65,17.160,10.300,254,361,72.000,71,71,18.000,39.000,55.000,123,212,340,160,155,155,155,155,155,155,1,0,0,3,30,1,28.000,1,1,1,1,35,1,0,0,35,0,0,35,0,0,0,0,1,1,1,1,1,1,0,0,0,12872,0,0,0,0,0,0,0,0,0
0.804750,131.76,17.151,10.300,254,361,72.000,71,71,18.000,39.000,55.000,123,212,340,160,155,155,155,155,155,155,1,0,0,3,30,1,28.000,1,1,1,1,35,1,0,0,35,0,0,35,0,0,0,0,1,1,1,1,1,1,0,0,0,12876,0,0,0,0,0,0,0,0,0
0.805000,131.87,17.143,10.300,254,361,72.000,71,71,18.000,39.000,55.000,123,212,340,160,155,155,155,155,155,155,1,0,0,3,30,1,28.000,1,1,1,1,35,1,0,0,35,0,0,35,0,0,0,0,1,1,1,1,1,1,0,0,0,12880,0,0,0,0,0,0,0,0,0
0.805250,131.98,17.135,10.300,254,361,72.000,71,71,18.000,39.000,55.000,123,212,340,160,155,155,155,155,155,155,1,0,0,3,30,1,28.000,1,1,1,1,35,1,0,0,35,0,0,35,0,0,0,0,1,1,1,1,1,1,0,0,0,12884,0,0,0,0,0,0,0,0,0
0.805500,132.08,17.128,10.300,253,361,72.000,71,71,18.000,39.000,55.000,123,212,340,160,155,155,155,155,155,155,1,0,0,3,30,1,28.000,1,1,1,1,35,1,0,0,35,0,0,35,0,0,0,0,1,1,1,1,1,1,0,0,0,12888,0,0,0,0,0,0,0,0,0
0.805750,132.19,17.120,10.300,253,360,72.000,71,71,18.000,39.000,55.000,123,212,339,160,154,154,154,154,154,154,1,0,0,3,30,1,28.000,1,1,1,1,35,1,0,0,35,0,0,35,0,0,0,0,1,1,1,1,1,1,0,0,0,12892,0,0,0,0,0,0,0,0,0
0.806000,132.30,17.113,10.240,253,360,72.000,71,71,18.000,39.000,55.000,123,212,339,160,154,154,154,154,154,154,1,0,0,3,30,1,28.000,1,1,1,1,35,1,0,0,35,0,0,35,0,0,0,0,1,1,1,1,1,1,0,0,0,12896,0,0,0,0,0,0,0,0,0
0.806250,132.41,17.105,10.240,252,360,72.000,71,71,18.000,39.000,55.000,123,212,339,160,154,154,154,154,154,154,1,0,0,3,30,1,28.000,1,1,1,1,35,1,0,0,35,0,0,35,0,0,0,0,1,1,1,1,1,1,0,0,0,12900,0,0,0,0,0,0,0,0,0
0.806500,132.52,17.098,10.240,252,360,72.000,71,71,18.000,39.000,55.000,123,212,339,160,154,154,154,154,154,154,1,0,0,3,30,1,28.000,1,1,1,1,35,1,0,0,35,0,0,35,0,0,0,0,1,1,1,1,1,1,0,0,0,12904,0,0,0,0,0,0,0,0,0
0.806750,132.62,17.092,10.240,252,360,72.000,71,71,18.000,39.000,55.000,123,212,339,160,154,154,154,154,154,154,1,0,0,3,30,1,28.000,1,1,1,1,35,1,0,0,35,0,0,35,0,0,0,0,1,1,1,1,1,1,0,0,0,12908,0,0,0,0,0,0,0,0,0
0.807000,132.73,17.085,10.240,252,360,72.000,71,71,18.000,39.000,55.000,123,212,339,160,154,154,154,154,154,154,1,0,0,3,30,1,28.000,1,1,1,1,35,1,0,0,35,0,0,35,0,0,0,0,1,1,1,1,1,1,0,0,0,12912,0,0,0,0,0,0,0,0,0
0.807250,132.84,17.078,10.240,251,360,72.000,71,71,18.000,39.000,55.000,123,212,339,160,154,154,154,154,154,154,1,0,0,3,30,1,28.000,1,1,1,1,35,1,0,0,35,0,0,35,0,0,0,0,1,1,1,1,1,1,0,0,0,12916,0,0,0,0,0,0,0,0,0
0.807500,132.95,17.072,10.240,251,360,72.000,71,71,18.000,39.000,55.000,123,212,339,160,154,154,154,154,154,154,1,0,0,3,30,1,28.000,1,1,1,1,35,1,0,0,35,0,0,35,0,0,0,0,1,1,1,1,1,1,0,0,0,12920,0,0,0,0,0,0,0,0,0
0.807750,133.06,17.066,10.240,251,360,72.000,71,71,18.000,39.000,55.000,123,212,339,160,154,154,154,154,154,154,1,0,0,3,30,1,28.000,1,1,1,1,35,1,0,0,35,0,0,35,0,0,0,0,1,1,1,1,1,1,0,0,0,12924,0,0,0,0,0,0,0,0,0
0.808000,133.16,17.060,10.240,251,360,72.000,71,71,18.000,39.000,55.000,123,212,339,160,154,154,154,154,154,154,1,0,0,3,30,1,28.000,1,1,1,1,35,1,0,0,35,0,0,35,0,0,0,0,1,1,1,1,1,1,0,0,0,12928,0,0,0,0,0,0,0,0,0
0.808250,133.27,17.054,10.240,250,359,72.000,71,71,18.000,39.000,55.000,123,211,338,160,154,154,154,154,154,154,1,0,0,3,30,1,28.000,1,1,1,1,35,1,0,0,35,0,0,35,0,0,0,0,1,1,1,1,1,1,0,0,0,12932,0,0,0,0,0,0,0,0,0
0.808500,133.38,17.048,10.240,250,359,72.000,71,71,18.000,39.000,55.000,123,211,338,160,154,154,154,154,154,154,1,0,0,3,30,1,28.000,1,1,1,1,35,1,0,0,35,0,0,35,0,0,0,0,1,1,1,1,1,1,0,0,0,12936,0,0,0,0,0,0,0,0,0
0.808750,133.49,17.043,10.240,250,359,72.000,71,71,18.000,39.000,55.000,123,211,338,160,154,154,154,154,154,154,1,0,0,3,30,1,28.000,1,1,1,1,35,1,0,0,35,0,0,35,0,0,0,0,1,1,1,1,1,1,0,0,0,12940,0,0,0,0,0,0,0,0,0
0.809000,133.60,17.037,10.240,250,359,72.000,71,71,18.000,39.000,55.000,123,211,338,160,154,154,154,154,154,154,1,0,0,3,30,1,28.000,1,1,1,1,35,1,0,0,35,0,0,35,0,0,0,0,1,1,1,1,1,1,0,0,0,12944,0,0,0,0,0,0,0,0,0
0.809250,133.70,17.032,10.240,249,359,72.000,71,71,18.000,39.000,55.000,123,211,338,160,154,154,154,154,154,154,1,0,0,3,30,1,28.000,1,1,1,1,35,1,0,0,35,0,0,35,0,0,0,0,1,1,1,1,1,1,0,0,0,12948,0,0,0,0,0,0,0,0,0
0.809500,133.81,17.027,10.190,249,359,72.000,71,71,18.000,39.000,55.000,122,211,338,160,154,154,154,154,154,154,1,0,0,3,30,1,28.000,1,1,1,1,35,1,0,0,35,0,0,35,0,0,0,0,1,1,1,1,1,1,0,0,0,12952,0,0,0,0,0,0,0,0,0
0.809750,133.92,17.022,10.190,249,359,72.000,71,71,18.000,39.000,55.000,122,211,338,160,154,154,154,154,154,154,1,0,0,3,30,1,28.000,1,1,1,1,35,1,0,0,35,0,0,35,0,0,0,0,1,1,1,1,1,1,0,0,0,12956,0,0,0,0,0,0,0,0,0
0.810000,134.03,17.018,10.190,249,359,72.000,71,71,18.000,39.000,55.000,122,211,338,160,154,154,154,154,154,154,1,0,0,3,30,1,28.000,1,1,1,1,35,1,0,0,35,0,0,35,0,0,0,0,1,1,1,1,1,1,0,0,0,12960,0,0,0,0,0,0,0,0,0
0.810250,134.14,17.013,10.190,248,359,72.000,71,71,18.000,39.000,55.000,122,211,338,160,154,154,154,154,154,154,1,0,0,3,30,1,28.000,1,1,1,1,35,1,0,0,35,0,0,35,0,0,0,0,1,1,1,1,1,1,0,0,0,12964,0,0,0,0,0,0,0,0,0
0.810500,134.24,17.009,10.190,248,358,72.000,71,71,18.000,39.000,55.000,122,210,337,160,153,153,153,153,153,153,1,0,0,3,30,1,28.000,1,1,1,1,35,1,0,0,35,0,0,35,0,0,0,0,1,1,1,1,1,1,0,0,0,12968,0,0,0,0,0,0,0,0,0
0.810750,134.35,17.005,10.190,248,358,72.000,71,71,18.000,39.000,55.000,122,210,337,160,153,153,153,153,153,153,1,0,0,3,30,1,28.000,1,1,1,1,35,1,0,0,35,0,0,35,0,0,0,0,1,1,1,1,1,1,0,0,0,12972,0,0,0,0,0,0,0,0,0
0.811000,134.46,17.001,10.190,248,358,72.000,71,71,18.000,39.000,55.000,122,210,337,160,153,153,153,153,153,153,1,0,0,3,30,1,28.000,1,1,1,1,35,1,0,0,35,0,0,35,0,0,0,0,1,1,1,1,1,1,0,0,0,12976,0,0,0,0,0,0,0,0,0
0.811250,134.57,16.997,10.190,247,358,72.000,71,71,18.000,39.000,55.000,122,210,337,160,153,153,153,153,153,153,1,0,0,3,30,1,28.000,1,1,1,1,35,1,0,0,35,0,0,35,0,0,0,0,1,1,1,1,1,1,0,0,0,12980,0,0,0,0,0,0,0,0,0
0.811500,134.68,16.994,10.190,247,358,72.000,71,71,18.000,39.000,55.000,122,210,337,160,153,153,153,153,153,153,1,0,0,3,30,1,28.000,1,1,1,1,35,1,0,0,35,0,0,35,0,0,0,0,1,1,1,1,1,1,0,0,0,12984,0,0,0,0,0,0,0,0,0
0.811750,134.78,16.990,10.190,247,358,72.000,71,71,18.000,39.000,55.000,122,210,337,160,153,153,153,153,153,153,1,0,0,3,30,1,28.000,1,1,1,1,35,1,0,0,35,0,0,35,0,0,0,0,1,1,1,1,1,1,0,0,0,12988,0,0,0,0,0,0,0,0,0
0.812000,134.89,16.987,10.190,247,358,72.000,71,71,18.000,39.000,55.000,122,210,337,160,153,153,153,153,153,153,1,0,0,3,30,1,28.000,1,1,1,1,35,1,0,0,35,0,0,35,0,0,0,0,1,1,1,1,1,1,0,0,0,12992,0,0,0,0,0,0,0,0,0
0.812250,135.00,16.984,10.190,246,358,72.000,71,71,18.000,39.000,55.000,122,210,337,160,153,153,153,153,153,153,1,0,0,3,30,1,28.000,1,1,0,0,36,1,0,0,36,0,0,36,0,0,0,0,1,1,1,1,1,1,0,0,0,12996,0,0,0,0,0,0,0,0,0
0.812500,135.11,16.981,10.190,246,358,72.000,71,71,18.000,39.000,55.000,122,210,337,160,153,153,153,153,153,153,1,0,0,3,30,1,28.000,1,1,0,0,36,1,0,0,36,0,0,36,0,0,0,0,1,1,1,1,1,1,0,0,0,13000,0,0,0,0,0,0,0,0,0
0.812750,135.22,16.978,10.190,246,357,72.000,71,71,18.000,39.000,55.000,122,210,336,160,153,153,153,153,153,153,1,0,0,3,30,1,28.000,1,1,0,0,36,1,0,0,36,0,0,36,0,0,0,0,1,1,1,1,1,1,0,0,0,13004,0,0,0,0,0,0,0,0,0
0.813000,135.32,16.976,10.190,246,357,72.000,71,71,18.000,39.000,55.000,122,210,336,160,153,153,153,153,153,153,1,0,0,3,30,1,28.000,1,1,0,0,36,1,0,0,36,0,0,36,0,0,0,0,1,1,1,1,1,1,0,0,0,13008,0,0,0,0,0,0,0,0,0
0.813250,135.43,16.973,10.190,245,357,72.000,71,71,18.000,39.000,55.000,122,210,336,160,153,153,153,153,153,153,1,0,0,3,30,1,28.000,1,1,0,0,36,1,0,0,36,0,0,36,0,0,0,0,1,1,1,1,1,1,0,0,0,13012,0,0,0,0,0,0,0,0,0
0.813500,135.54,16.971,10.190,245,357,72.000,71,71,18.000,39.000,55.000,122,210,336,160,153,153,153,153,153,153,1,0,0,3,30,1,28.000,1,1,0,0,36,1,0,0,36,0,0,36,0,0,0,0,1,1,1,1,1,1,0,0,0,13016,0,0,0,0,0,0,0,0,0
0.813750,135.65,16.969,10.190,245,357,72.000,71,71,18.000,39.000,55.000,122,210,336,160,153,153,153,153,153,153,1,0,0,3,30,1,28.000,1,1,0,0,36,1,0,0,36,0,0,36,0,0,0,0,1,1,1,1,1,1,0,0,0,13020,0,0,0,0,0,0,0,0,0
0.814000,135.76,16.967,10.190,245,357,72.000,71,71,18.000,39.000,55.000,122,210,336,160,153,153,153,153,153,153,1,0,0,3,30,1,28.000,1,1,0,0,36,1,0,0,36,0,0,36,0,0,0,0,1,1,1,1,1,1,0,0,0,13024,0,0,0,0,0,0,0,0,0
0.814250,135.86,16.966,10.190,245,357,72.000,71,71,18.000,39.000,55.000,122,210,336,160,153,153,153,153,153,153,1,0,0,3,30,1,28.000,1,1,0,0,36,1,0,0,36,0,0,36,0,0,0,0,1,1,1,1,1,1,0,0,0,13028,0,0,0,0,0,0,0,0,0
0.814500,135.97,16.964,10.190,244,357,72.000,71,71,18.000,39.000,55.000,122,210,336,160,153,153,153,153,153,153,1,0,0,3,30,1,28.000,1,1,0,0,36,1,0,0,36,0,0,36,0,0,0,0,1,1,1,1,1,1,0,0,0,13032,0,0,0,0,0,0,0,0,0
0.814750,136.08,16.963,10.190,244,357,72.000,71,71,18.000,39.000,55.000,122,210,336,160,153,153,153,153,153,153,1,0,0,3,30,1,28.000,1,1,0,0,36,1,0,0,36,0,0,36,0,0,0,0,1,1,1,1,1,1,0,0,0,13036,0,0,0,0,0,0,0,0,0
0.815000,136.19,16.962,10.190,244,356,72.000,71,71,18.000,39.000,55.000,122,209,335,160,152,152,152,152,152,152,1,0,0,3,30,1,28.000,1,1,0,0,36,1,0,0,36,0,0,36,0,0,0,0,1,1,1,1,1,1,0,0,0,13040,0,0,0,0,0,0,0,0,0
0.815250,136.30,16.961,10.190,244,356,72.000,71,71,18.000,39.000,55.000,122,209,335,160,152,152,152,152,152,152,1,0,0,3,30,1,28.000,1,1,0,0,36,1,0,0,36,0,0,36,0,0,0,0,1,1,1,1,1,1,0,0,0,13044,0,0,0,0,0,0,0,0,0
0.815500,136.40,16.960,10.190,243,356,72.000,71,71,18.000,39.000,55.000,122,209,335,160,152,152,152,152,152,152,1,0,0,3,30,1,28.000,1,1,0,0,36,1,0,0,36,0,0,36,0,0,0,0,1,1,1,1,1,1,0,0,0,13048,0,0,0,0,0,0,0,0,0
0.815750,136.51,16.959,10.190,243,356,72.000,71,71,18.000,39.000,55.000,122,209,335,160,152,152,152,152,152,152,1,0,0,3,30,1,28.000,1,1,0,0,36,1,0,0,36,0,0,36,0,0,0,0,1,1,1,1,1,1,0,0,0,13052,0,0,0,0,0,0,0,0,0
0.816000,136.62,16.959,10.190,243,356,72.000,71,71,18.000,39.000,55.000,122,209,335,160,152,152,152,152,152,152,1,0,0,3,30,1,28.000,1,1,0,0,36,1,0,0,36,0,0,36,0,0,0,0,1,1,1,1,1,1,0,0,0,13056,0,0,0,0,0,0,0,0,0
0.816250,136.73,16.958,10.190,243,356,72.000,71,71,18.000,39.000,55.000,122,209,335,160,152,152,152,152,152,152,1,0,0,3,30,1,28.000,1,1,0,0,36,1,0,0,36,0,0,36,0,0,0,0,1,1,1,1,1,1,0,0,0,13060,0,0,0,0,0,0,0,0,0
0.816500,136.84,16.958,10.190,243,356,72.000,71,71,18.000,39.000,55.000,122,209,335,160,152,152,152,152,152,152,1,0,0,3,30,1,28.000,1,1,0,0,36,1,0,0,36,0,0,36,0,0,0,0,1,1,1,1,1,1,0,0,0,13064,0,0,0,0,0,0,0,0,0
0.816750,136.94,16.958,10.190,242,356,72.000,71,71,18.000,39.000,55.000,122,209,335,160,152,152,152,152,152,152,1,0,0,3,30,1,28.000,1,1,0,0,36,1,0,0,36,0,0,36,0,0,0,0,1,1,1,1,1,1,0,0,0,13068,0,0,0,0,0,0,0,0,0
0.817000,137.05,16.958,10.190,242,356,72.000,71,71,18.000,39.000,55.000,122,209,335,160,152,152,152,152,152,152,1,0,0,3,30,1,28.000,1,1,0,0,36,1,0,0,36,0,0,36,0,0,0,0,1,1,1,1,1,1,0,0,0,13072,0,0,0,0,0,0,0,0,0
0.817250,137.16,16.959,10.190,242,355,72.000,71,71,18.000,39.000,55.000,122,208,334,160,152,152,152,152,152,152,1,0,0,3,30,1,28.000,1,1,0,0,36,1,0,0,36,0,0,36,0,0,0,0,1,1,1,1,1,1,0,0,0,13076,0,0,0,0,0,0,0,0,0
0.817500,137.27,16.959,10.190,242,355,72.000,71,71,18.000,39.000,55.000,122,208,334,160,152,152,152,152,152,152,1,0,0,3,30,1,28.000,1,1,0,0,36,1,0,0,36,0,0,36,0,0,0,0,1,1,1,1,1,1,0,0,0,13080,0,0,0,0,0,0,0,0,0
0.817750,137.38,16.960,10.190,242,355,72.000,71,71,18.000,39.000,55.000,122,208,334,160,152,152,152,152,152,152,1,0,0,3,30,1,28.000,1,1,0,0,36,1,0,0,36,0,0,36,0,0,0,0,1,1,1,1,1,1,0,0,0,13084,0,0,0,0,0,0,0,0,0
0.818000,137.48,16.961,10.190,241,355,72.000,71,71,18.000,39.000,55.000,122,208,334,160,152,152,152,152,152,152,1,0,0,3,30,1,28.000,1,1,0,0,36,1,0,0,36,0,0,36,0,0,0,0,1,1,1,1,1,1,0,0,0,13088,0,0,0,0,0,0,0,0,0
0.818250,137.59,16.962,10.190,241,355,72.000,71,71,18.000,39.000,55.000,122,208,334,160,152,152,152,152,152,152,1,0,0,3,30,1,28.000,1,1,0,0,36,1,0,0,36,0,0,36,0,0,0,0,1,1,1,1,1,1,0,0,0,13092,0,0,0,0,0,0,0,0,0
0.818500,137.70,16.963,10.190,241,355,72.000,71,71,18.000,39.000,55.000,122,208,334,160,152,152,152,152,152,152,1,0,0,3,30,1,28.000,1,1,0,0,36,1,0,0,36,0,0,36,0,0,0,0,1,1,1,1,1,1,0,0,0,13096,0,0,0,0,0,0,0,0,0
0.818750,137.81,16.965,10.190,241,355,72.000,71,71,18.000,39.000,55.000,122,208,334,160,152,152,152,152,152,152,1,0,0,3,30,1,28.000,1,1,0,0,36,1,0,0,36,0,0,36,0,0,0,0,1,1,1,1,1,1,0,0,0,13100,0,0,0,0,0,0,0,0,0
0.819000,137.92,16.967,10.190,241,355,72.000,71,71,18.000,39.000,55.000,122,208,334,160,152,152,152,152,152,152,1,0,0,3,30,1,28.000,1,1,0,0,36,1,0,0,36,0,0,36,0,0,0,0,1,1,1,1,1,1,0,0,0,13104,0,0,0,0,0,0,0,0,0
0.819250,138.02,16.968,10.190,240,355,72.000,71,71,18.000,39.000,55.000,122,208,334,160,152,152,152,152,152,152,1,0,0,3,30,1,28.000,1,1,0,0,36,1,0,0,36,0,0,36,0,0,0,0,1,1,1,1,1,1,0,0,0,13108,0,0,0,0,0,0,0,0,0
0.819500,138.13,16.970,10.190,240,354,72.000,71,71,18.000,39.000,55.000,122,208,333,160,151,151,151,151,151,151,1,0,0,3,30,1,28.000,1,1,0,0,36,1,0,0,36,0,0,36,0,0,0,0,1,1,1,1,1,1,0,0,0,13112,0,0,0,0,0,0,0,0,0
0.819750,138.24,16.972,10.190,240,354,72.000,71,71,18.000,39.000,55.000,122,208,333,160,151,151,151,151,151,151,1,0,0,3,30,1,28.000,1,1,0,0,36,1,0,0,36,0,0,36,0,0,0,0,1,1,1,1,1,1,0,0,0,13116,0,0,0,0,0,0,0,0,0
0.820000,138.35,16.975,10.190,240,354,72.000,71,71,18.000,39.000,55.000,122,208,333,160,151,151,151,151,151,151,1,0,0,3,30,1,28.000,1,1,0,0,36,1,0,0,36,0,0,36,0,0,0,0,1,1,1,1,1,1,0,0,0,13120,0,0,0,0,0,0,0,0,0
0.820250,138.46,16.977,10.190,240,354,72.000,71,71,18.000,39.000,55.000,122,208,333,160,151,151,151,151,151,151,1,0,0,3,30,1,28.000,1,1,0,0,36,1,0,0,36,0,0,36,0,0,0,0,1,1,1,1,1,1,0,0,0,13124,0,0,0,0,0,0,0,0,0
0.820500,138.56,16.980,10.190,239,354,72.000,71,71,18.000,39.000,55.000,122,208,333,160,151,151,151,151,151,151,1,0,0,3,30,1,28.000,1,1,0,0,36,1,0,0,36,0,0,36,0,0,0,0,1,1,1,1,1,1,0,0,0,13128,0,0,0,0,0,0,0,0,0
0.820750,138.67,16.983,10.190,239,354,72.000,71,71,18.000,39.000,55.000,122,208,333,160,151,151,151,151,151,151,1,0,0,3,30,1,28.000,1,1,0,0,36,1,0,0,36,0,0,36,0,0,0,0,1,1,1,1,1,1,0,0,0,13132,0,0,0,0,0,0,0,0,0
0.821000,138.78,16.986,10.190,239,354,72.000,71,71,18.000,39.000,55.000,122,208,333,160,151,151,151,151,151,151,1,0,0,3,30,1,28.000,1,1,2,2,37,1,0,0,37,0,0,37,0,0,0,0,1,1,1,1,1,1,0,0,0,13136,0,0,0,0,0,0,0,0,0
0.821250,138.89,16.989,10.190,239,354,72.000,71,71,18.000,39.000,55.000,122,208,333,160,151,151,151,151,151,151,1,0,0,3,30,1,28.000,1,1,2,2,37,1,0,0,37,0,0,37,0,0,0,0,1,1,1,1,1,1,0,0,0,13140,0,0,0,0,0,0,0,0,0
0.821500,139.00,16.992,10.190,239,354,72.000,71,71,18.000,39.000,55.000,122,208,333,160,151,151,151,151,151,151,1,0,0,3,30,1,28.000,1,1,2,2,37,1,0,0,37,0,0,37,0,0,0,0,1,1,1,1,1,1,0,0,0,13144,0,0,0,0,0,0,0,0,0
0.821750,139.10,16.996,10.190,238,353,72.000,71,71,18.000,39.000,55.000,122,207,332,160,151,151,151,151,151,151,1,0,0,3,30,1,28.000,1,1,2,2,37,1,0,0,37,0,0,37,0,0,0,0,1,1,1,1,1,1,0,0,0,13148,0,0,0,0,0,0,0,0,0
0.822000,139.21,16.999,10.190,238,353,72.000,71,71,18.000,39.000,55.000,122,207,332,160,151,151,151,151,151,151,1,0,0,3,30,1,28.000,1,1,2,2,37,1,0,0,37,0,0,37,0,0,0,0,1,1,1,1,1,1,0,0,0,13152,0,0,0,0,0,0,0,0,0
0.822250,139.32,17.003,10.190,238,353,72.000,71,71,18.000,39.000,55.000,122,207,332,160,151,151,151,151,151,151,1,0,0,3,30,1,28.000,1,1,2,2,37,1,0,0,37,0,0,37,0,0,0,0,1,1,1,1,1,1,0,0,0,13156,0,0,0,0,0,0,0,0,0
0.822500,139.43,17.007,10.190,238,353,72.000,71,71,18.000,39.000,55.000,122,207,332,160,151,151,151,151,151,151,1,0,0,3,30,1,28.000,1,1,2,2,37,1,0,0,37,0,0,37,0,0,0,0,1,1,1,1,1,1,0,0,0,13160,0,0,0,0,0,0,0,0,0
0.822750,139.54,17.011,10.190,238,353,72.000,71,71,18.000,39.000,55.000,122,207,332,160,151,151,151,151,151,151,1,0,0,3,30,1,28.000,1,1,2,2,37,1,0,0,37,0,0,37,0,0,0,0,1,1,1,1,1,1,0,0,0,13164,0,0,0,0,0,0,0,0,0
0.823000,139.64,17.016,10.190,238,353,72.000,71,71,18.000,39.000,55.000,122,207,332,160,151,151,151,151,151,151,1,0,0,3,30,1,28.000,1,1,2,2,37,1,0,0,37,0,0,37,0,0,0,0,1,1,1,1,1,1,0,0,0,13168,0,0,0,0,0,0,0,0,0
0.823250,139.75,17.020,10.190,237,353,72.000,71,71,18.000,39.000,55.000,122,207,332,160,151,151,151,151,151,151,1,0,0,3,30,1,28.000,1,1,2,2,37,1,0,0,37,0,0,37,0,0,0,0,1,1,1,1,1,1,0,0,0,13172,0,0,0,0,0,0,0,0,0
0.823500,139.86,17.025,10.190,237,353,72.000,71,71,18.000,39.000,55.000,122,207,332,160,151,151,151,151,151,151,1,0,0,3,30,1,28.000,1,1,2,2,37,1,0,0,37,0,0,37,0,0,0,0,1,1,1,1,1,1,0,0,0,13176,0,0,0,0,0,0,0,0,0
0.823750,139.97,17.030,10.240,237,353,72.000,71,71,18.000,39.000,55.000,123,207,332,160,151,151,151,151,151,151,1,0,0,3,30,1,28.000,1,1,2,2,37,1,0,0,37,0,0,37,0,0,0,0,1,1,1,1,1,1,0,0,0,13180,0,0,0,0,0,0,0,0,0
0.824000,140.08,17.035,10.240,237,352,72.000,71,71,18.000,39.000,55.000,123,206,331,160,151,151,151,151,151,151,1,0,0,3,30,1,28.000,1,1,2,2,37,1,0,0,37,0,0,37,0,0,0,0,1,1,1,1,1,1,0,0,0,13184,0,0,0,0,0,0,0,0,0
0.824250,140.18,17.040,10.240,237,352,72.000,71,71,18.000,39.000,55.000,123,206,331,160,151,151,151,151,151,151,1,0,0,3,30,1,28.000,1,1,2,2,37,1,0,0,37,0,0,37,0,0,0,0,1,1,1,1,1,1,0,0,0,13188,0,0,0,0,0,0,0,0,0
0.824500,140.29,17.045,10.240,237,352,72.000,71,71,18.000,39.000,55.000,123,206,331,160,151,151,151,151,151,151,1,0,0,3,30,1,28.000,1,1,2,2,37,1,0,0,37,0,0,37,0,0,0,0,1,1,1,1,1,1,0,0,0,13192,0,0,0,0,0,0,0,0,0
0.824750,140.40,17.051,10.240,236,352,72.000,71,71,18.000,39.000,55.000,123,206,331,160,151,151,151,151,151,151,1,0,0,3,30,1,28.000,1,1,2,2,37,1,0,0,37,0,0,37,0,0,0,0,1,1,1,1,1,1,0,0,0,13196,0,0,0,0,0,0,0,0,0
0.825000,140.51,17.057,10.240,236,352,72.000,71,71,18.000,39.000,55.000,123,206,331,160,151,151,151,151,151,151,1,0,0,3,30,1,28.000,1,1,2,2,37,1,0,0,37,0,0,37,0,0,0,0,1,1,1,1,1,1,0,0,0,13200,0,0,0,0,0,0,0,0,0
0.825250,140.62,17.063,10.240,236,352,72.000,71,71,18.000,39.000,55.000,123,206,331,160,151,151,151,151,151,151,1,0,0,3,30,1,28.000,1,1,2,2,37,1,0,0,37,0,0,37,0,0,0,0,1,1,1,1,1,1,0,0,0,13204,0,0,0,0,0,0,0,0,0
0.825500,140.72,17.069,10.240,236,352,72.000,71,71,18.000,39.000,55.000,123,206,331,160,151,151,151,151,151,151,1,0,0,3,30,1,28.000,1,1,2,2,37,1,0,0,37,0,0,37,0,0,0,0,1,1,1,1,1,1,0,0,0,13208,0,0,0,0,0,0,0,0,0
0.825750,140.83,17.075,10.240,236,352,72.000,71,71,18.000,39.000,55.000,123,206,331,160,151,151,151,151,151,151,1,0,0,3,30,1,28.000,1,1,2,2,37,1,0,0,37,0,0,37,0,0,0,0,1,1,1,1,1,1,0,0,0,13212,0,0,0,0,0,0,0,0,0
0.826000,140.94,17.081,10.240,236,352,72.000,71,71,18.000,39.000,55.000,123,206,331,160,151,151,151,151,151,151,1,0,0,3,30,1,28.000,1,1,2,2,37,1,0,0,37,0,0,37,0,0,0,0,1,1,1,1,1,1,0,0,0,13216,0,0,0,0,0,0,0,0,0
0.826250,141.05,17.088,10.240,235,351,72.000,71,71,18.000,39.000,55.000,123,206,330,160,150,150,150,150,150,150,1,0,0,3,30,1,28.000,1,1,2,2,37,1,0,0,37,0,0,37,0,0,0,0,1,1,1,1,1,1,0,0,0,13220,0,0,0,0,0,0,0,0,0
0.826500,141.16,17.095,10.240,235,351,72.000,71,71,18.000,39.000,55.000,123,206,330,160,150,150,150,150,150,150,1,0,0,3,30,1,28.000,1,1,2,2,37,1,0,0,37,0,0,37,0,0,0,0,1,1,1,1,1,1,0,0,0,13224,0,0,0,0,0,0,0,0,0
0.826750,141.26,17.102,10.240,235,351,72.000,71,71,18.000,39.000,55.000,123,206,330,160,150,150,150,150,150,150,1,0,0,3,30,1,28.000,1,1,2,2,37,1,0,0,37,0,0,37,0,0,0,0,1,1,1,1,1,1,0,0,0,13228,0,0,0,0,0,0,0,0,0
0.827000,141.37,17.109,10.240,235,351,72.000,71,71,18.000,39.000,55.000,123,206,330,160,150,150,150,150,150,150,1,0,0,3,30,1,28.000,1,1,2,2,37,1,0,0,37,0,0,37,0,0,0,0,1,1,1,1,1,1,0,0,0,13232,0,0,0,0,0,0,0,0,0
0.827250,141.48,17.116,10.300,235,351,72.000,71,71,18.000,39.000,55.000,123,206,330,160,150,150,150,150,150,150,1,0,0,3,30,1,28.000,1,1,2,2,37,1,0,0,37,0,0,37,0,0,0,0,1,1,1,1,1,1,0,0,0,13236,0,0,0,0,0,0,0,0,0
0.827500,141.59,17.123,10.300,235,351,72.000,71,71,18.000,39.000,55.000,123,206,330,160,150,150,150,150,150,150,1,0,0,3,30,1,28.000,1,1,2,2,37,1,0,0,37,0,0,37,0,0,0,0,1,1,1,1,1,1,0,0,0,13240,0,0,0,0,0,0,0,0,0
0.827750,141.70,17.131,10.300,235,351,72.000,71,71,18.000,39.000,55.000,123,206,330,160,150,150,150,150,150,150,1,0,0,3,30,1,28.000,1,1,2,2,37,1,0,0,37,0,0,37,0,0,0,0,1,1,1,1,1,1,0,0,0,13244,0,0,0,0,0,0,0,0,0
0.828000,141.80,17.139,10.300,234,351,72.000,71,71,18.000,39.000,55.000,123,206,330,160,150,150,150,150,150,150,1,0,0,3,30,1,28.000,1,1,2,2,37,1,0,0,37,0,0,37,0,0,0,0,1,1,1,1,1,1,0,0,0,13248,0,0,0,0,0,0,0,0,0
0.828250,141.91,17.147,10.300,234,351,72.000,71,71,18.000,39.000,55.000,123,206,330,160,150,150,150,150,150,150,1,0,0,3,30,1,28.000,1,1,2,2,37,1,0,0,37,0,0,37,0,0,0,0,1,1,1,1,1,1,0,0,0,13252,0,0,0,0,0,0,0,0,0
0.828500,142.02,17.155,10.300,234,350,72.000,71,71,18.000,39.000,55.000,123,205,329,160,150,150,150,150,150,150,1,0,0,3,30,1,28.000,1,1,2,2,37,1,0,0,37,0,0,37,0,0,0,0,1,1,1,1,1,1,0,0,0,13256,0,0,0,0,0,0,0,0,0
0.828750,142.13,17.163,10.300,234,350,72.000,71,71,18.000,39.000,55.000,123,205,329,160,150,150,150,150,150,150,1,0,0,3,30,1,28.000,1,1,2,2,37,1,0,0,37,0,0,37,0,0,0,0,1,1,1,1,1,1,0,0,0,13260,0,0,0,0,0,0,0,0,0
0.829000,142.24,17.172,10.300,234,350,72.000,71,71,18.000,39.000,55.000,123,205,329,160,150,150,150,150,150,150,1,0,0,3,30,1,28.000,1,1,2,2,37,1,0,0,37,0,0,37,0,0,0,0,1,1,1,1,1,1,0,0,0,13264,0,0,0,0,0,0,0,0,0
0.829250,142.34,17.180,10.300,234,350,72.000,71,71,18.000,39.000,55.000,123,205,329,160,150,150,150,150,150,150,1,0,0,3,30,1,28.000,1,1,2,2,37,1,0,0,37,0,0,37,0,0,0,0,1,1,1,1,1,1,0,0,0,13268,0,0,0,0,0,0,0,0,0
0.829500,142.45,17.189,10.300,234,350,72.000,71,71,18.000,39.000,55.000,123,205,329,160,150,150,150,150,150,150,1,0,0,3,30,1,28.000,1,1,2,2,37,1,0,0,37,0,0,37,0,0,0,0,1,1,1,1,1,1,0,0,0,13272,0,0,0,0,0,0,0,0,0
0.829750,142.56,17.198,10.300,234,350,72.000,71,71,18.000,39.000,55.000,123,205,329,160,150,150,150,150,150,150,1,0,0,3,30,1,28.000,1,1,3,3,38,1,0,0,38,0,0,38,0,0,0,0,1,1,1,1,1,1,0,0,0,13276,0,0,0,0,0,0,0,0,0
0.830000,142.67,17.207,10.300,233,350,72.000,71,71,18.000,39.000,55.000,123,205,329,160,150,150,150,150,150,150,1,0,0,3,30,1,28.000,1,1,3,3,38,1,0,0,38,0,0,38,0,0,0,0,1,1,1,1,1,1,0,0,0,13280,0,0,0,0,0,0,0,0,0
0.830250,142.78,17.216,10.350,233,350,72.000,71,71,18.000,39.000,55.000,124,205,329,160,150,150,150,150,150,150,1,0,0,3,30,1,28.000,1,1,3,3,38,1,0,0,38,0,0,38,0,0,0,0,1,1,1,1,1,1,0,0,0,13284,0,0,0,0,0,0,0,0,0
0.830500,142.88,17.226,10.350,233,349,72.000,71,71,18.000,39.000,55.000,124,204,327,160,149,149,149,149,149,149,1,0,0,3,30,1,28.000,1,1,3,3,38,1,0,0,38,0,0,38,0,0,0,0,1,1,1,1,1,1,0,0,0,13288,0,0,0,0,0,0,0,0,0
0.830750,142.99,17.235,10.350,233,349,72.000,71,71,18.000,39.000,55.000,124,204,327,160,149,149,149,149,149,149,1,0,0,3,30,1,28.000,1,1,3,3,38,1,0,0,38,0,0,38,0,0,0,0,1,1,1,1,1,1,0,0,0,13292,0,0,0,0,0,0,0,0,0
0.831000,143.10,17.245,10.350,233,349,72.000,71,71,18.000,39.000,55.000,124,204,327,160,149,149,149,149,149,149,1,0,0,3,30,1,28.000,1,1,3,3,38,1,0,0,38,0,0,38,0,0,0,0,1,1,1,1,1,1,0,0,0,13296,0,0,0,0,0,0,0,0,0
0.831250,143.21,17.255,10.350,233,349,72.000,71,71,18.000,39.000,55.000,124,204,327,160,149,149,149,149,149,149,1,0,0,3,30,1,28.000,1,1,3,3,38,1,0,0,38,0,0,38,0,0,0,0,1,1,1,1,1,1,0,0,0,13300,0,0,0,0,0,0,0,0,0
0.831500,143.32,17.265,10.350,233,349,72.000,71,71,18.000,39.000,55.000,124,204,327,160,149,149,149,149,149,149,1,0,0,3,30,1,28.000,1,1,3,3,38,1,0,0,38,0,0,38,0,0,0,0,1,1,1,1,1,1,0,0,0,13304,0,0,0,0,0,0,0,0,0
0.831750,143.42,17.276,10.350,233,349,72.000,71,71,18.000,39.000,55.000,124,204,327,160,149,149,149,149,149,149,1,0,0,3,30,1,28.000,1,1,3,3,38,1,0,0,38,0,0,38,0,0,0,0,1,1,1,1,1,1,0,0,0,13308,0,0,0,0,0,0,0,0,0
0.832000,143.53,17.286,10.350,232,349,72.000,71,71,18.000,39.000,55.000,124,204,327,160,149,149,149,149,149,149,1,0,0,3,30,1,28.000,1,1,3,3,38,1,0,0,38,0,0,38,0,0,0,0,1,1,1,1,1,1,0,0,0,13312,0,0,0,0,0,0,0,0,0
0.832250,143.64,17.297,10.410,232,349,72.000,71,71,18.000,39.000,55.000,125,204,327,160,149,149,149,149,149,149,1,0,0,3,30,1,28.000,1,1,3,3,38,1,0,0,38,0,0,38,0,0,0,0,1,1,1,1,1,1,0,0,0,13316,0,0,0,0,0,0,0,0,0
0.832500,143.75,17.307,10.410,232,349,72.000,71,71,18.000,39.000,55.000,125,204,327,160,149,149,149,149,149,149,1,0,0,3,30,1,28.000,1,1,3,3,38,1,0,0,38,0,0,38,0,0,0,0,1,1,1,1,1,1,0,0,0,13320,0,0,0,0,0,0,0,0,0
0.832750,143.86,17.318,10.410,232,348,72.000,71,71,18.000,39.000,55.000,125,204,326,160,149,149,149,149,149,149,1,0,0,3,30,1,28.000,1,1,3,3,38,1,0,0,38,0,0,38,0,0,0,0,1,1,1,1,1,1,0,0,0,13324,0,0,0,0,0,0,0,0,0
0.833000,143.96,17.330,10.410,232,348,72.000,71,71,18.000,39.000,55.000,125,204,326,160,149,149,149,149,149,149,1,0,0,3,30,1,28.000,1,1,3,3,38,1,0,0,38,0,0,38,0,0,0,0,1,1,1,1,1,1,0,0,0,13328,0,0,0,0,0,0,0,0,0
0.833250,144.07,17.341,10.410,232,348,72.000,71,71,18.000,39.000,55.000,125,204,326,160,149,149,149,149,149,149,1,0,0,3,30,1,28.000,1,1,3,3,38,1,0,0,38,0,0,38,0,0,0,0,1,1,1,1,1,1,0,0,0,13332,0,0,0,0,0,0,0,0,0
0.833500,144.18,17.352,10.410,232,348,72.000,71,71,18.000,39.000,55.000,125,204,326,160,149,149,149,149,149,149,1,0,0,3,30,1,28.000,1,1,3,3,38,1,0,0,38,0,0,38,0,0,0,0,1,1,1,1,1,1,0,0,0,13336,0,0,0,0,0,0,0,0,0
0.833750,144.29,17.364,10.410,232,348,72.000,71,71,18.000,39.000,55.000,125,204,326,160,149,149,149,149,149,149,1,0,0,3,30,1,28.000,1,1,3,3,38,1,0,0,38,0,0,38,0,0,0,0,1,1,1,1,1,1,0,0,0,13340,0,0,0,0,0,0,0,0,0
0.834000,144.40,17.376,10.410,232,348,72.000,71,71,18.000,39.000,55.000,125,204,326,160,149,149,149,149,149,149,1,0,0,3,30,1,28.000,1,1,3,3,38,1,0,0,38,0,0,38,0,0,0,0,1,1,1,1,1,1,0,0,0,13344,0,0,0,0,0,0,0,0,0
0.834250,144.50,17.388,10.410,232,348,72.000,71,71,18.000,39.000,55.000,125,204,326,160,149,149,149,149,149,149,1,0,0,3,30,1,28.000,1,1,3,3,38,1,0,0,38,0,0,38,0,0,0,0,1,1,1,1,1,1,0,0,0,13348,0,0,0,0,0,0,0,0,0
0.834500,144.61,17.400,10.460,231,348,72.000,71,71,18.000,39.000,55.000,125,204,326,160,149,149,149,149,149,149,1,0,0,3,30,1,28.000,1,1,3,3,38,1,0,0,38,0,0,38,0,0,0,0,1,1,1,1,1,1,0,0,0,13352,0,0,0,0,0,0,0,0,0
0.834750,144.72,17.412,10.460,231,348,72.000,71,71,18.000,39.000,55.000,125,204,326,160,149,149,149,149,149,149,1,0,0,3,30,1,28.000,1,1,3,3,38,1,0,0,38,0,0,38,0,0,0,0,1,1,1,1,1,1,0,0,0,13356,0,0,0,0,0,0,0,0,0
0.835000,144.83,17.425,10.460,231,347,72.000,71,71,18.000,39.000,55.000,125,203,325,160,148,148,148,148,148,148,1,0,0,3,30,1,28.000,1,1,3,3,38,1,0,0,38,0,0,38,0,0,0,0,1,1,1,1,1,1,0,0,0,13360,0,0,0,0,0,0,0,0,0
0.835250,144.94,17.437,10.460,231,347,72.000,71,71,18.000,39.000,55.000,125,203,325,160,148,148,148,148,148,148,1,0,0,3,30,1,28.000,1,1,3,3,38,1,0,0,38,0,0,38,0,0,0,0,1,1,1,1,1,1,0,0,0,13364,0,0,0,0,0,0,0,0,0
0.835500,145.04,17.450,10.460,231,347,72.000,71,71,18.000,39.000,55.000,125,203,325,160,148,148,148,148,148,148,1,0,0,3,30,1,28.000,1,1,3,3,38,1,0,0,38,0,0,38,0,0,0,0,1,1,1,1,1,1,0,0,0,13368,0,0,0,0,0,0,0,0,0
0.835750,145.15,17.463,10.460,231,347,72.000,71,71,18.000,39.000,55.000,125,203,325,160,148,148,148,148,148,148,1,0,0,3,30,1,28.000,1,1,3,3,38,1,0,0,38,0,0,38,0,0,0,0,1,1,1,1,1,1,0,0,0,13372,0,0,0,0,0,0,0,0,0
0.836000,145.26,17.476,10.460,231,347,72.000,71,71,18.000,39.000,55.000,125,203,325,160,148,148,148,148,148,148,1,0,0,3,30,1,28.000,1,1,3,3,38,1,0,0,38,0,0,38,0,0,0,0,1,1,1,1,1,1,0,0,0,13376,0,0,0,0,0,0,0,0,0
0.836250,145.37,17.489,10.510,231,347,72.000,71,71,18.000,39.000,55.000,126,203,325,160,148,148,148,148,148,148,1,0,0,3,30,1,28.000,1,1,3,3,38,1,0,0,38,0,0,38,0,0,0,0,1,1,1,1,1,1,0,0,0,13380,0,0,0,0,0,0,0,0,0
0.836500,145.48,17.503,10.510,231,347,72.000,71,71,18.000,39.000,55.000,126,203,325,160,148,148,148,148,148,148,1,0,0,3,30,1,28.000,1,1,3,3,38,1,0,0,38,0,0,38,0,0,0,0,1,1,1,1,1,1,0,0,0,13384,0,0,0,0,0,0,0,0,0
0.836750,145.58,17.516,10.510,231,347,72.000,71,71,18.000,39.000,55.000,126,203,325,160,148,148,148,148,148,148,1,0,0,3,30,1,28.000,1,1,3,3,38,1,0,0,38,0,0,38,0,0,0,0,1,1,1,1,1,1,0,0,0,13388,0,0,0,0,0,0,0,0,0
0.837000,145.69,17.530,10.510,231,347,72.000,71,71,18.000,39.000,55.000,126,203,325,160,148,148,148,148,148,148,1,0,0,3,30,1,28.000,1,1,3,3,38,1,0,0,38,0,0,38,0,0,0,0,1,1,1,1,1,1,0,0,0,13392,0,0,0,0,0,0,0,0,0
0.837250,145.80,17.544,10.510,230,346,72.000,71,71,18.000,39.000,55.000,126,203,324,160,148,148,148,148,148,148,1,0,0,3,30,1,28.000,1,1,3,3,38,1,0,0,38,0,0,38,0,0,0,0,1,1,1,1,1,1,0,0,0,13396,0,0,0,0,0,0,0,0,0
0.837500,145.91,17.558,10.510,230,346,72.000,71,71,18.000,39.000,55.000,126,203,324,160,148,148,148,148,148,148,1,0,0,3,30,1,28.000,1,1,3,3,38,1,0,0,38,0,0,38,0,0,0,0,1,1,1,1,1,1,0,0,0,13400,0,0,0,0,0,0,0,0,0
0.837750,146.02,17.572,10.510,230,346,72.000,71,71,18.000,39.000,55.000,126,203,324,160,148,148,148,148,148,148,1,0,0,3,30,1,28.000,1,1,3,3,38,1,0,0,38,0,0,38,0,0,0,0,1,1,1,1,1,1,0,0,0,13404,0,0,0,0,0,0,0,0,0
0.838000,146.12,17.587,10.570,230,346,72.000,71,71,18.000,39.000,55.000,127,203,324,160,148,148,148,148,148,148,1,0,0,3,30,1,28.000,1,1,3,3,38,1,0,0,38,0,0,38,0,0,0,0,1,1,1,1,1,1,0,0,0,13408,0,0,0,0,0,0,0,0,0
0.838250,146.23,17.601,10.570,230,346,72.000,71,71,18.000,39.000,55.000,127,203,324,160,148,148,148,148,148,148,1,0,0,3,30,1,28.000,1,1,3,3,38,1,0,0,38,0,0,38,0,0,0,0,1,1,1,1,1,1,0,0,0,13412,0,0,0,0,0,0,0,0,0
0.838500,146.34,17.616,10.570,230,346,72.000,71,71,18.000,39.000,55.000,127,203,324,160,148,148,148,148,148,148,1,0,0,3,30,1,28.000,1,1,1,1,39,1,0,0,39,0,0,39,0,0,0,0,1,1,1,1,1,1,0,0,0,13416,0,0,0,0,0,0,0,0,0
0.838750,146.45,17.631,10.570,230,346,72.000,71,71,18.000,39.000,55.000,127,203,324,160,148,148,148,148,148,148,1,0,0,3,30,1,28.000,1,1,1,1,39,1,0,0,39,0,0,39,0,0,0,0,1,1,1,1,1,1,0,0,0,13420,0,0,0,0,0,0,0,0,0
0.839000,146.56,17.646,10.570,230,346,72.000,71,71,18.000,39.000,55.000,127,203,324,160,148,148,148,148,148,148,1,0,0,3,30,1,28.000,1,1,1,1,39,1,0,0,39,0,0,39,0,0,0,0,1,1,1,1,1,1,0,0,0,13424,0,0,0,0,0,0,0,0,0
0.839250,146.66,17.661,10.570,230,346,72.000,71,71,18.000,39.000,55.000,127,203,324,160,148,148,148,148,148,148,1,0,0,3,30,1,28.000,1,1,1,1,39,1,0,0,39,0,0,39,0,0,0,0,1,1,1,1,1,1,0,0,0,13428,0,0,0,0,0,0,0,0,0
0.839500,146.77,17.676,10.620,230,345,72.000,71,71,18.000,39.000,55.000,127,202,323,160,147,147,147,147,147,147,1,0,0,3,30,1,28.000,1,1,1,1,39,1,0,0,39,0,0,39,0,0,0,0,1,1,1,1,1,1,0,0,0,13432,0,0,0,0,0,0,0,0,0
0.839750,146.88,17.692,10.620,230,345,72.000,71,71,18.000,39.000,55.000,127,202,323,160,147,147,147,147,147,147,1,0,0,3,30,1,28.000,1,1,1,1,39,1,0,0,39,0,0,39,0,0,0,0,1,1,1,1,1,1,0,0,0,13436,0,0,0,0,0,0,0,0,0
0.840000,146.99,17.708,10.620,230,345,72.000,71,71,18.000,39.000,55.000,127,202,323,160,147,147,147,147,147,147,1,0,0,3,30,1,28.000,1,1,1,1,39,1,0,0,39,0,0,39,0,0,0,0,1,1,1,1,1,1,0,0,0,13440,0,0,0,0,0,0,0,0,0
0.840250,147.10,17.723,10.620,230,345,72.000,71,71,18.000,39.000,55.000,127,202,323,160,147,147,147,147,147,147,1,0,0,3,30,1,28.000,1,1,1,1,39,1,0,0,39,0,0,39,0,0,0,0,1,1,1,1,1,1,0,0,0,13444,0,0,0,0,0,0,0,0,0
0.840500,147.20,17.739,10.620,230,345,72.000,71,71,18.000,39.000,55.000,127,202,323,160,147,147,147,147,147,147,1,0,0,3,30,1,28.000,1,1,1,1,39,1,0,0,39,0,0,39,0,0,0,0,1,1,1,1,1,1,0,0,0,13448,0,0,0,0,0,0,0,0,0
0.840750,147.31,17.756,10.620,230,345,72.000,71,71,18.000,39.000,55.000,127,202,323,160,147,147,147,147,147,147,1,0,0,3,30,1,28.000,1,1,1,1,39,1,0,0,39,0,0,39,0,0,0,0,1,1,1,1,1,1,0,0,0,13452,0,0,0,0,0,0,0,0,0
0.841000,147.42,17.772,10.680,229,345,72.000,71,71,18.000,39.000,55.000,128,202,323,160,147,147,147,147,147,147,1,0,0,3,30,1,28.000,1,1,1,1,39,1,0,0,39,0,0,39,0,0,0,0,1,1,1,1,1,1,0,0,0,13456,0,0,0,0,0,0,0,0,0
0.841250,147.53,17.788,10.680,229,345,72.000,71,71,18.000,39.000,55.000,128,202,323,160,147,147,147,147,147,147,1,0,0,3,30,1,28.000,1,1,1,1,39,1,0,0,39,0,0,39,0,0,0,0,1,1,1,1,1,1,0,0,0,13460,0,0,0,0,0,0,0,0,0
0.841500,147.64,17.805,10.680,229,344,72.000,71,71,18.000,39.000,55.000,128,201,322,160,147,147,147,147,147,147,1,0,0,3,30,1,28.000,1,1,1,1,39,1,0,0,39,0,0,39,0,0,0,0,1,1,1,1,1,1,0,0,0,13464,0,0,0,0,0,0,0,0,0
0.841750,147.74,17.822,10.680,229,344,72.000,71,71,18.000,39.000,55.000,128,201,322,160,147,147,147,147,147,147,1,0,0,3,30,1,28.000,1,1,1,1,39,1,0,0,39,0,0,39,0,0,0,0,1,1,1,1,1,1,0,0,0,13468,0,0,0,0,0,0,0,0,0
0.842000,147.85,17.839,10.680,229,344,72.000,71,71,18.000,39.000,55.000,128,201,322,160,147,147,147,147,147,147,1,0,0,3,30,1,28.000,1,1,1,1,39,1,0,0,39,0,0,39,0,0,0,0,1,1,1,1,1,1,0,0,0,13472,0,0,0,0,0,0,0,0,0
0.842250,147.96,17.856,10.730,229,344,72.000,71,71,18.000,39.000,55.000,129,201,322,160,147,147,147,147,147,147,1,0,0,3,30,1,28.000,1,1,1,1,39,1,0,0,39,0,0,39,0,0,0,0,1,1,1,1,1,1,0,0,0,13476,0,0,0,0,0,0,0,0,0
0.842500,148.07,17.873,10.730,229,344,72.000,71,71,18.000,39.000,55.000,129,201,322,160,147,147,147,147,147,147,1,0,0,3,30,1,28.000,1,1,1,1,39,1,0,0,39,0,0,39,0,0,0,0,1,1,1,1,1,1,0,0,0,13480,0,0,0,0,0,0,0,0,0
0.842750,148.18,17.891,10.730,229,344,72.000,71,71,18.000,39.000,55.000,129,201,322,160,147,147,147,147,147,147,1,0,0,3,30,1,28.000,1,1,1,1,39,1,0,0,39,0,0,39,0,0,0,0,1,1,1,1,1,1,0,0,0,13484,0,0,0,0,0,0,0,0,0
0.843000,148.28,17.908,10.730,229,344,72.000,71,71,18.000,39.000,55.000,129,201,322,160,147,147,147,147,147,147,1,0,0,3,30,1,28.000,1,1,1,1,39,1,0,0,39,0,0,39,0,0,0,0,1,1,1,1,1,1,0,0,0,13488,0,0,0,0,0,0,0,0,0
0.843250,148.39,17.926,10.730,229,344,72.000,71,71,18.000,39.000,55.000,129,201,322,160,147,147,147,147,147,147,1,0,0,3,30,1,28.000,1,1,1,1,39,1,0,0,39,0,0,39,0,0,0,0,1,1,1,1,1,1,0,0,0,13492,0,0,0,0,0,0,0,0,0
0.843500,148.50,17.944,10.790,229,344,72.000,71,71,18.000,39.000,55.000,129,201,322,160,147,147,147,147,147,147,1,0,0,3,30,1,28.000,1,1,1,1,39,1,0,0,39,0,0,39,0,0,0,0,1,1,1,1,1,1,0,0,0,13496,0,0,0,0,0,0,0,0,0
0.843750,148.61,17.962,10.790,229,343,72.000,71,71,18.000,39.000,55.000,129,201,321,160,146,146,146,146,146,146,1,0,0,3,30,1,28.000,1,1,1,1,39,1,0,0,39,0,0,39,0,0,0,0,1,1,1,1,1,1,0,0,0,13500,0,0,0,0,0,0,0,0,0
0.844000,148.72,17.980,10.790,229,343,72.000,71,71,18.000,39.000,55.000,129,201,321,160,146,146,146,146,146,146,1,0,0,3,30,1,28.000,1,1,1,1,39,1,0,0,39,0,0,39,0,0,0,0,1,1,1,1,1,1,0,0,0,13504,0,0,0,0,0,0,0,0,0
0.844250,148.82,17.998,10.790,229,343,72.000,71,71,18.000,39.000,55.000,129,201,321,160,146,146,146,146,146,146,1,0,0,3,30,1,28.000,1,1,1,1,39,1,0,0,39,0,0,39,0,0,0,0,1,1,1,1,1,1,0,0,0,13508,0,0,0,0,0,0,0,0,0
0.844500,148.93,18.017,10.790,229,343,72.000,71,71,18.000,39.000,55.000,129,201,321,160,146,146,146,146,146,146,1,0,0,3,30,1,28.000,1,1,1,1,39,1,0,0,39,0,0,39,0,0,0,0,1,1,1,1,1,1,0,0,0,13512,0,0,0,0,0,0,0,0,0
0.844750,149.04,18.035,10.840,229,343,72.000,71,71,18.000,39.000,55.000,130,201,321,160,146,146,146,146,146,146,1,0,0,3,30,1,28.000,1,1,1,1,39,1,0,0,39,0,0,39,0,0,0,0,1,1,1,1,1,1,0,0,0,13516,0,0,0,0,0,0,0,0,0
0.845000,149.15,18.054,10.840,229,343,72.000,71,71,18.000,39.000,55.000,130,201,321,160,146,146,146,146,146,146,1,0,0,3,30,1,28.000,1,1,1,1,39,1,0,0,39,0,0,39,0,0,0,0,1,1,1,1,1,1,0,0,0,13520,0,0,0,0,0,0,0,0,0
0.845250,149.26,18.073,10.840,229,343,72.000,71,71,18.000,39.000,55.000,130,201,321,160,146,146,146,146,146,146,1,0,0,3,30,1,28.000,1,1,1,1,39,1,0,0,39,0,0,39,0,0,0,0,1,1,1,1,1,1,0,0,0,13524,0,0,0,0,0,0,0,0,0
0.845500,149.36,18.092,10.840,229,343,72.000,71,71,18.000,39.000,55.000,130,201,321,160,146,146,146,146,146,146,1,0,0,3,30,1,28.000,1,1,1,1,39,1,0,0,39,0,0,39,0,0,0,0,1,1,1,1,1,1,0,0,0,13528,0,0,0,0,0,0,0,0,0
0.845750,149.47,18.112,10.840,229,343,72.000,71,71,18.000,39.000,55.000,130,201,321,160,146,146,146,146,146,146,1,0,0,3,30,1,28.000,1,1,1,1,39,1,0,0,39,0,0,39,0,0,0,0,1,1,1,1,1,1,0,0,0,13532,0,0,0,0,0,0,0,0,0
0.846000,149.58,18.131,10.900,229,342,72.000,71,71,18.000,39.000,55.000,131,200,320,160,146,146,146,146,146,146,1,0,0,3,30,1,28.000,1,1,1,1,39,1,0,0,39,0,0,39,0,0,0,0,1,1,1,1,1,1,0,0,0,13536,0,0,0,0,0,0,0,0,0
0.846250,149.69,18.151,10.900,229,342,72.000,71,71,18.000,39.000,55.000,131,200,320,160,146,146,146,146,146,146,1,0,0,3,30,1,28.000,1,1,1,1,39,1,0,0,39,0,0,39,0,0,0,0,1,1,1,1,1,1,0,0,0,13540,0,0,0,0,0,0,0,0,0
0.846500,149.80,18.170,10.900,229,342,72.000,71,71,18.000,39.000,55.000,131,200,320,160,146,146,146,146,146,146,1,0,0,3,30,1,28.000,1,1,1,1,39,1,0,0,39,0,0,39,0,0,0,0,1,1,1,1,1,1,0,0,0,13544,0,0,0,0,0,0,0,0,0
0.846750,149.90,18.190,10.900,229,342,72.000,71,71,18.000,39.000,55.000,131,200,320,160,146,146,146,146,146,146,1,0,0,3,30,1,28.000,1,1,1,1,39,1,0,0,39,0,0,39,0,0,0,0,1,1,1,1,1,1,0,0,0,13548,0,0,0,0,0,0,0,0,0
0.847000,150.01,18.210,10.900,229,342,72.000,71,71,18.000,39.000,55.000,131,200,320,160,146,146,146,146,146,146,1,0,0,3,30,1,28.000,1,1,0,0,40,1,0,0,40,0,0,40,0,0,0,0,1,1,1,1,1,1,0,0,0,13552,0,0,0,0,0,0,0,0,0
0.847250,150.12,18.230,10.950,229,342,72.000,71,71,18.000,39.000,55.000,131,200,320,160,146,146,146,146,146,146,1,0,0,3,30,1,28.000,1,1,0,0,40,1,0,0,40,0,0,40,0,0,0,0,1,1,1,1,1,1,0,0,0,13556,0,0,0,0,0,0,0,0,0
0.847500,150.23,18.251,10.950,229,342,72.000,71,71,18.000,39.000,55.000,131,200,320,160,146,146,146,146,146,146,1,0,0,3,30,1,28.000,1,1,0,0,40,1,0,0,40,0,0,40,0,0,0,0,1,1,1,1,1,1,0,0,0,13560,0,0,0,0,0,0,0,0,0
0.847750,150.34,18.271,10.950,229,342,72.000,71,71,18.000,39.000,55.000,131,200,320,160,146,146,146,146,146,146,1,0,0,3,30,1,28.000,1,1,0,0,40,1,0,0,40,0,0,40,0,0,0,0,1,1,1,1,1,1,0,0,0,13564,0,0,0,0,0,0,0,0,0
0.848000,150.44,18.292,10.950,229,342,72.000,71,71,18.000,39.000,55.000,131,200,320,160,146,146,146,146,146,146,1,0,0,3,30,1,28.000,1,1,0,0,40,1,0,0,40,0,0,40,0,0,0,0,1,1,1,1,1,1,0,0,0,13568,0,0,0,0,0,0,0,0,0
0.848250,150.55,18.313,11.000,229,341,72.000,71,71,18.000,39.000,55.000,132,199,319,160,145,145,145,145,145,145,1,0,0,3,30,1,28.000,1,1,0,0,40,1,0,0,40,0,0,40,0,0,0,0,1,1,1,1,1,1,0,0,0,13572,0,0,0,0,0,0,0,0,0
0.848500,150.66,18.334,11.000,229,341,72.000,71,71,18.000,39.000,55.000,132,199,319,160,145,145,145,145,145,145,1,0,0,3,30,1,28.000,1,1,0,0,40,1,0,0,40,0,0,40,0,0,0,0,1,1,1,1,1,1,0,0,0,13576,0,0,0,0,0,0,0,0,0
0.848750,150.77,18.355,11.000,229,341,72.000,71,71,18.000,39.000,55.000,132,199,319,160,145,145,145,145,145,145,1,0,0,3,30,1,28.000,1,1,0,0,40,1,0,0,40,0,0,40,0,0,0,0,1,1,1,1,1,1,0,0,0,13580,0,0,0,0,0,0,0,0,0
0.849000,150.88,18.376,11.000,229,341,72.000,71,71,18.000,39.000,55.000,132,199,319,160,145,145,145,145,145,145,1,0,0,3,30,1,28.000,1,1,0,0,40,1,0,0,40,0,0,40,0,0,0,0,1,1,1,1,1,1,0,0,0,13584,0,0,0,0,0,0,0,0,0
0.849250,150.98,18.397,11.060,229,341,72.000,71,71,18.000,39.000,55.000,133,199,319,160,145,145,145,145,145,145,1,0,0,3,30,1,28.000,1,1,0,0,40,1,0,0,40,0,0,40,0,0,0,0,1,1,1,1,1,1,0,0,0,13588,0,0,0,0,0,0,0,0,0
0.849500,151.09,18.419,11.060,229,341,72.000,71,71,18.000,39.000,55.000,133,199,319,160,145,145,145,145,145,145,1,0,0,3,30,1,28.000,1,1,0,0,40,1,0,0,40,0,0,40,0,0,0,0,1,1,1,1,1,1,0,0,0,13592,0,0,0,0,0,0,0,0,0
0.849750,151.20,18.441,11.060,229,341,72.000,71,71,18.000,39.000,55.000,133,199,319,160,145,145,145,145,145,145,1,0,0,3,30,1,28.000,1,1,0,0,40,1,0,0,40,0,0,40,0,0,0,0,1,1,1,1,1,1,0,0,0,13596,0,0,0,0,0,0,0,0,0
0.850000,151.31,18.462,11.060,229,341,72.000,71,71,18.000,39.000,55.000,133,199,319,160,145,145,145,145,145,145,1,0,0,3,30,1,28.000,1,1,0,0,40,1,0,0,40,0,0,40,0,0,0,0,1,1,1,1,1,1,0,0,0,13600,0,0,0,0,0,0,0,0,0
0.850250,151.42,18.484,11.110,229,341,72.000,71,71,18.000,39.000,55.000,133,199,319,160,145,145,145,145,145,145,1,0,0,3,30,1,28.000,1,1,0,0,40,1,0,0,40,0,0,40,0,0,0,0,1,1,1,1,1,1,0,0,0,13604,0,0,0,0,0,0,0,0,0
0.850500,151.52,18.507,11.110,229,340,72.000,71,71,18.000,39.000,55.000,133,199,318,160,145,145,145,145,145,145,1,0,0,3,30,1,28.000,1,1,0,0,40,1,0,0,40,0,0,40,0,0,0,0,1,1,1,1,1,1,0,0,0,13608,0,0,0,0,0,0,0,0,0
0.850750,151.63,18.529,11.110,229,340,72.000,71,71,18.000,39.000,55.000,133,199,318,160,145,145,145,145,145,145,1,0,0,3,30,1,28.000,1,1,0,0,40,1,0,0,40,0,0,40,0,0,0,0,1,1,1,1,1,1,0,0,0,13612,0,0,0,0,0,0,0,0,0
0.851000,151.74,18.551,11.110,229,340,72.000,71,71,18.000,39.000,55.000,133,199,318,160,145,145,145,145,145,145,1,0,0,3,30,1,28.000,1,1,0,0,40,1,0,0,40,0,0,40,0,0,0,0,1,1,1,1,1,1,0,0,0,13616,0,0,0,0,0,0,0,0,0
0.851250,151.85,18.574,11.110,229,340,72.000,71,71,18.000,39.000,55.000,133,199,318,160,145,145,145,145,145,145,1,0,0,3,30,1,28.000,1,1,0,0,40,1,0,0,40,0,0,40,0,0,0,0,1,1,1,1,1,1,0,0,0,13620,0,0,0,0,0,0,0,0,0
0.851500,151.96,18.596,11.170,229,340,72.000,71,71,18.000,39.000,55.000,134,199,318,160,145,145,145,145,145,145,1,0,0,3,30,1,28.000,1,1,0,0,40,1,0,0,40,0,0,40,0,0,0,0,1,1,1,1,1,1,0,0,0,13624,0,0,0,0,0,0,0,0,0
0.851750,152.06,18.619,11.170,229,340,72.000,71,71,18.000,39.000,55.000,134,199,318,160,145,145,145,145,145,145,1,0,0,3,30,1,28.000,1,1,0,0,40,1,0,0,40,0,0,40,0,0,0,0,1,1,1,1,1,1,0,0,0,13628,0,0,0,0,0,0,0,0,0
0.852000,152.17,18.642,11.170,229,340,72.000,71,71,18.000,39.000,55.000,134,199,318,160,145,145,145,145,145,145,1,0,0,3,30,1,28.000,1,1,0,0,40,1,0,0,40,0,0,40,0,0,0,0,1,1,1,1,1,1,0,0,0,13632,0,0,0,0,0,0,0,0,0
0.852250,152.28,18.665,11.220,229,340,72.000,71,71,18.000,39.000,55.000,134,199,318,160,145,145,145,145,145,145,1,0,0,3,30,1,28.000,1,1,0,0,40,1,0,0,40,0,0,40,0,0,0,0,1,1,1,1,1,1,0,0,0,13636,0,0,0,0,0,0,0,0,0
0.852500,152.39,18.689,11.220,229,340,72.000,71,71,18.000,39.000,55.000,134,199,318,160,145,145,145,145,145,145,1,0,0,3,30,1,28.000,1,1,0,0,40,1,0,0,40,0,0,40,0,0,0,0,1,1,1,1,1,1,0,0,0,13640,0,0,0,0,0,0,0,0,0
0.852750,152.50,18.712,11.220,229,339,72.000,71,71,18.000,39.000,55.000,134,198,317,160,144,144,144,144,144,144,1,0,0,3,30,1,28.000,1,1,0,0,40,1,0,0,40,0,0,40,0,0,0,0,1,1,1,1,1,1,0,0,0,13644,0,0,0,0,0,0,0,0,0
0.853000,152.60,18.736,11.220,229,339,72.000,71,71,18.000,39.000,55.000,134,198,317,160,144,144,144,144,144,144,1,0,0,3,30,1,28.000,1,1,0,0,40,1,0,0,40,0,0,40,0,0,0,0,1,1,1,1,1,1,0,0,0,13648,0,0,0,0,0,0,0,0,0
0.853250,152.71,18.759,11.280,229,339,72.000,71,71,18.000,39.000,55.000,135,198,317,160,144,144,144,144,144,144,1,0,0,3,30,1,28.000,1,1,0,0,40,1,0,0,40,0,0,40,0,0,0,0,1,1,1,1,1,1,0,0,0,13652,0,0,0,0,0,0,0,0,0
0.853500,152.82,18.783,11.280,229,339,72.000,71,71,18.000,39.000,55.000,135,198,317,160,144,144,144,144,144,144,1,0,0,3,30,1,28.000,1,1,0,0,40,1,0,0,40,0,0,40,0,0,0,0,1,1,1,1,1,1,0,0,0,13656,0,0,0,0,0,0,0,0,0
0.853750,152.93,18.807,11.280,229,339,72.000,71,71,18.000,39.000,55.000,135,198,317,160,144,144,144,144,144,144,1,0,0,3,30,1,28.000,1,1,0,0,40,1,0,0,40,0,0,40,0,0,0,0,1,1,1,1,1,1,0,0,0,13660,0,0,0,0,0,0,0,0,0
0.854000,153.04,18.831,11.280,229,339,72.000,71,71,18.000,39.000,55.000,135,198,317,160,144,144,144,144,144,144,1,0,0,3,30,1,28.000,1,1,0,0,40,1,0,0,40,0,0,40,0,0,0,0,1,1,1,1,1,1,0,0,0,13664,0,0,0,0,0,0,0,0,0
0.854250,153.14,18.856,11.330,229,339,72.000,71,71,18.000,39.000,55.000,136,198,317,160,144,144,144,144,144,144,1,0,0,3,30,1,28.000,1,1,0,0,40,1,0,0,40,0,0,40,0,0,0,0,1,1,1,1,1,1,0,0,0,13668,0,0,0,0,0,0,0,0,0
0.854500,153.25,18.880,11.330,229,339,72.000,71,71,18.000,39.000,55.000,136,198,317,160,144,144,144,144,144,144,1,0,0,3,30,1,28.000,1,1,0,0,40,1,0,0,40,0,0,40,0,0,0,0,1,1,1,1,1,1,0,0,0,13672,0,0,0,0,0,0,0,0,0
0.854750,153.36,18.905,11.330,229,339,72.000,71,71,18.000,39.000,55.000,136,198,317,160,144,144,144,144,144,144,1,0,0,3,30,1,28.000,1,1,0,0,40,1,0,0,40,0,0,40,0,0,0,0,1,1,1,1,1,1,0,0,0,13676,0,0,0,0,0,0,0,0,0
0.855000,153.47,18.929,11.330,229,339,72.000,71,71,18.000,39.000,55.000,136,198,317,160,144,144,144,144,144,144,1,0,0,3,30,1,28.000,1,1,0,0,40,1,0,0,40,0,0,40,0,0,0,0,1,1,1,1,1,1,0,0,0,13680,0,0,0,0,0,0,0,0,0
0.855250,153.58,18.954,11.380,229,338,72.000,71,71,18.000,39.000,55.000,136,197,316,160,144,144,144,144,144,144,1,0,0,3,30,1,28.000,1,1,0,0,40,1,0,0,40,0,0,40,0,0,0,0,1,1,1,1,1,1,0,0,0,13684,0,0,0,0,0,0,0,0,0
0.855500,153.68,18.979,11.380,229,338,72.000,71,71,18.000,39.000,55.000,136,197,316,160,144,144,144,144,144,144,1,0,0,3,30,1,28.000,1,1,0,0,40,1,0,0,40,0,0,40,0,0,0,0,1,1,1,1,1,1,0,0,0,13688,0,0,0,0,0,0,0,0,0
0.855750,153.79,19.004,11.380,229,338,72.000,71,71,18.000,39.000,55.000,136,197,316,160,144,144,144,144,144,144,1,0,0,3,30,1,28.000,1,1,2,2,41,1,0,0,41,0,0,41,0,0,0,0,1,1,1,1,1,1,0,0,0,13692,0,0,0,0,0,0,0,0,0
0.856000,153.90,19.030,11.380,229,338,72.000,71,71,18.000,39.000,55.000,136,197,316,160,144,144,144,144,144,144,1,0,0,3,30,1,28.000,1,1,2,2,41,1,0,0,41,0,0,41,0,0,0,0,1,1,1,1,1,1,0,0,0,13696,0,0,0,0,0,0,0,0,0
0.856250,154.01,19.055,11.440,229,338,72.000,71,71,18.000,39.000,55.000,137,197,316,160,144,144,144,144,144,144,1,0,0,3,30,1,28.000,1,1,2,2,41,1,0,0,41,0,0,41,0,0,0,0,1,1,1,1,1,1,0,0,0,13700,0,0,0,0,0,0,0,0,0
0.856500,154.12,19.080,11.440,229,338,72.000,71,71,18.000,39.000,55.000,137,197,316,160,144,144,144,144,144,144,1,0,0,3,30,1,28.000,1,1,2,2,41,1,0,0,41,0,0,41,0,0,0,0,1,1,1,1,1,1,0,0,0,13704,0,0,0,0,0,0,0,0,0
0.856750,154.22,19.106,11.440,229,338,72.000,71,71,18.000,39.000,55.000,137,197,316,160,144,144,144,144,144,144,1,0,0,3,30,1,28.000,1,1,2,2,41,1,0,0,41,0,0,41,0,0,0,0,1,1,1,1,1,1,0,0,0,13708,0,0,0,0,0,0,0,0,0
0.857000,154.33,19.132,11.490,229,338,72.000,71,71,18.000,39.000,55.000,138,197,316,160,144,144,144,144,144,144,1,0,0,3,30,1,28.000,1,1,2,2,41,1,0,0,41,0,0,41,0,0,0,0,1,1,1,1,1,1,0,0,0,13712,0,0,0,0,0,0,0,0,0
0.857250,154.44,19.158,11.490,229,338,72.000,71,71,18.000,39.000,55.000,138,197,316,160,144,144,144,144,144,144,1,0,0,3,30,1,28.000,1,1,2,2,41,1,0,0,41,0,0,41,0,0,0,0,1,1,1,1,1,1,0,0,0,13716,0,0,0,0,0,0,0,0,0
0.857500,154.55,19.184,11.490,229,337,72.000,71,71,18.000,39.000,55.000,138,197,315,160,143,143,143,143,143,143,1,0,0,3,30,1,28.000,1,1,2,2,41,1,0,0,41,0,0,41,0,0,0,0,1,1,1,1,1,1,0,0,0,13720,0,0,0,0,0,0,0,0,0
0.857750,154.66,19.210,11.490,230,337,72.000,71,71,18.000,39.000,55.000,138,197,315,160,143,143,143,143,143,143,1,0,0,3,30,1,28.000,1,1,2,2,41,1,0,0,41,0,0,41,0,0,0,0,1,1,1,1,1,1,0,0,0,13724,0,0,0,0,0,0,0,0,0
0.858000,154.76,19.236,11.550,230,337,72.000,71,71,18.000,39.000,55.000,138,197,315,160,143,143,143,143,143,143,1,0,0,3,30,1,28.000,1,1,2,2,41,1,0,0,41,0,0,41,0,0,0,0,1,1,1,1,1,1,0,0,0,13728,0,0,0,0,0,0,0,0,0
0.858250,154.87,19.263,11.550,230,337,72.000,71,71,18.000,39.000,55.000,138,197,315,160,143,143,143,143,143,143,1,0,0,3,30,1,28.000,1,1,2,2,41,1,0,0,41,0,0,41,0,0,0,0,1,1,1,1,1,1,0,0,0,13732,0,0,0,0,0,0,0,0,0
0.858500,154.98,19.290,11.550,230,337,72.000,71,71,18.000,39.000,55.000,138,197,315,160,143,143,143,143,143,143,1,0,0,3,30,1,28.000,1,1,2,2,41,1,0,0,41,0,0,41,0,0,0,0,1,1,1,1,1,1,0,0,0,13736,0,0,0,0,0,0,0,0,0
0.858750,155.09,19.316,11.600,230,337,72.000,71,71,18.000,39.000,55.000,139,197,315,160,143,143,143,143,143,143,1,0,0,3,30,1,28.000,1,1,2,2,41,1,0,0,41,0,0,41,0,0,0,0,1,1,1,1,1,1,0,0,0,13740,0,0,0,0,0,0,0,0,0
0.859000,155.20,19.343,11.600,230,337,72.000,71,71,18.000,39.000,55.000,139,197,315,160,143,143,143,143,143,143,1,0,0,3,30,1,28.000,1,1,2,2,41,1,0,0,41,0,0,41,0,0,0,0,1,1,1,1,1,1,0,0,0,13744,0,0,0,0,0,0,0,0,0
0.859250,155.30,19.370,11.600,230,337,72.000,71,71,18.000,39.000,55.000,139,197,315,160,143,143,143,143,143,143,1,0,0,3,30,1,28.000,1,1,2,2,41,1,0,0,41,0,0,41,0,0,0,0,1,1,1,1,1,1,0,0,0,13748,0,0,0,0,0,0,0,0,0
0.859500,155.41,19.397,11.660,230,337,72.000,71,71,18.000,39.000,55.000,140,197,315,160,143,143,143,143,143,143,1,0,0,3,30,1,28.000,1,1,2,2,41,1,0,0,41,0,0,41,0,0,0,0,1,1,1,1,1,1,0,0,0,13752,0,0,0,0,0,0,0,0,0
0.859750,155.52,19.425,11.660,230,337,72.000,71,71,18.000,39.000,55.000,140,197,315,160,143,143,143,143,143,143,1,0,0,3,30,1,28.000,1,1,2,2,41,1,0,0,41,0,0,41,0,0,0,0,1,1,1,1,1,1,0,0,0,13756,0,0,0,0,0,0,0,0,0
0.860000,155.63,19.452,11.660,230,336,72.000,71,71,18.000,39.000,55.000,140,196,314,160,143,143,143,143,143,143,1,0,0,3,30,1,28.000,1,1,2,2,41,1,0,0,41,0,0,41,0,0,0,0,1,1,1,1,1,1,0,0,0,13760,0,0,0,0,0,0,0,0,0
0.860250,155.74,19.480,11.660,230,336,72.000,71,71,18.000,39.000,55.000,140,196,314,160,143,143,143,143,143,143,1,0,0,3,30,1,28.000,1,1,2,2,41,1,0,0,41,0,0,41,0,0,0,0,1,1,1,1,1,1,0,0,0,13764,0,0,0,0,0,0,0,0,0
0.860500,155.84,19.507,11.710,230,336,72.000,71,71,18.000,39.000,55.000,140,196,314,160,143,143,143,143,143,143,1,0,0,3,30,1,28.000,1,1,2,2,41,1,0,0,41,0,0,41,0,0,0,0,1,1,1,1,1,1,0,0,0,13768,0,0,0,0,0,0,0,0,0
0.860750,155.95,19.535,11.710,230,336,72.000,71,71,18.000,39.000,55.000,140,196,314,160,143,143,143,143,143,143,1,0,0,3,30,1,28.000,1,1,2,2,41,1,0,0,41,0,0,41,0,0,0,0,1,1,1,1,1,1,0,0,0,13772,0,0,0,0,0,0,0,0,0
0.861000,156.06,19.563,11.710,230,336,72.000,71,71,18.000,39.000,55.000,140,196,314,160,143,143,143,143,143,143,1,0,0,3,30,1,28.000,1,1,2,2,41,1,0,0,41,0,0,41,0,0,0,0,1,1,1,1,1,1,0,0,0,13776,0,0,0,0,0,0,0,0,0
0.861250,156.17,19.591,11.770,230,336,72.000,71,71,18.000,39.000,55.000,141,196,314,160,143,143,143,143,143,143,1,0,0,3,30,1,28.000,1,1,2,2,41,1,0,0,41,0,0,41,0,0,0,0,1,1,1,1,1,1,0,0,0,13780,0,0,0,0,0,0,0,0,0
0.861500,156.28,19.619,11.770,231,336,72.000,71,71,18.000,39.000,55.000,141,196,314,160,143,143,143,143,143,143,1,0,0,3,30,1,28.000,1,1,2,2,41,1,0,0,41,0,0,41,0,0,0,0,1,1,1,1,1,1,0,0,0,13784,0,0,0,0,0,0,0,0,0
0.861750,156.38,19.648,11.770,231,336,72.000,71,71,18.000,39.000,55.000,141,196,314,160,143,143,143,143,143,143,1,0,0,3,30,1,28.000,1,1,2,2,41,1,0,0,41,0,0,41,0,0,0,0,1,1,1,1,1,1,0,0,0,13788,0,0,0,0,0,0,0,0,0
0.862000,156.49,19.676,11.820,231,336,72.000,71,71,18.000,39.000,55.000,142,196,314,160,143,143,143,143,143,143,1,0,0,3,30,1,28.000,1,1,2,2,41,1,0,0,41,0,0,41,0,0,0,0,1,1,1,1,1,1,0,0,0,13792,0,0,0,0,0,0,0,0,0
0.862250,156.60,19.705,11.820,231,335,72.000,71,71,18.000,39.000,55.000,142,195,313,160,142,142,142,142,142,142,1,0,0,3,30,1,28.000,1,1,2,2,41,1,0,0,41,0,0,41,0,0,0,0,1,1,1,1,1,1,0,0,0,13796,0,0,0,0,0,0,0,0,0
0.862500,156.71,19.733,11.820,231,335,72.000,71,71,18.000,39.000,55.000,142,195,313,160,142,142,142,142,142,142,1,0,0,3,30,1,28.000,1,1,2,2,41,1,0,0,41,0,0,41,0,0,0,0,1,1,1,1,1,1,0,0,0,13800,0,0,0,0,0,0,0,0,0
0.862750,156.82,19.762,11.870,231,335,72.000,71,71,18.000,39.000,55.000,142,195,313,160,142,142,142,142,142,142,1,0,0,3,30,1,28.000,1,1,2,2,41,1,0,0,41,0,0,41,0,0,0,0,1,1,1,1,1,1,0,0,0,13804,0,0,0,0,0,0,0,0,0
0.863000,156.92,19.791,11.870,231,335,72.000,71,71,18.000,39.000,55.000,142,195,313,160,142,142,142,142,142,142,1,0,0,3,30,1,28.000,1,1,2,2,41,1,0,0,41,0,0,41,0,0,0,0,1,1,1,1,1,1,0,0,0,13808,0,0,0,0,0,0,0,0,0
0.863250,157.03,19.820,11.870,231,335,72.000,71,71,18.000,39.000,55.000,142,195,313,160,142,142,142,142,142,142,1,0,0,3,30,1,28.000,1,1,2,2,41,1,0,0,41,0,0,41,0,0,0,0,1,1,1,1,1,1,0,0,0,13812,0,0,0,0,0,0,0,0,0
0.863500,157.14,19.849,11.930,231,335,72.000,71,71,18.000,39.000,55.000,143,195,313,160,142,142,142,142,142,142,1,0,0,3,30,1,28.000,1,1,2,2,41,1,0,0,41,0,0,41,0,0,0,0,1,1,1,1,1,1,0,0,0,13816,0,0,0,0,0,0,0,0,0
0.863750,157.25,19.879,11.930,231,335,72.000,71,71,18.000,39.000,55.000,143,195,313,160,142,142,142,142,142,142,1,0,0,3,30,1,28.000,1,1,2,2,41,1,0,0,41,0,0,41,0,0,0,0,1,1,1,1,1,1,0,0,0,13820,0,0,0,0,0,0,0,0,0
0.864000,157.36,19.908,11.930,231,335,72.000,71,71,18.000,39.000,55.000,143,195,313,160,142,142,142,142,142,142,1,0,0,3,30,1,28.000,1,1,2,2,41,1,0,0,41,0,0,41,0,0,0,0,1,1,1,1,1,1,0,0,0,13824,0,0,0,0,0,0,0,0,0
0.864250,157.46,19.938,11.980,232,335,72.000,71,71,18.000,39.000,55.000,144,195,313,160,142,142,142,142,142,142,1,0,0,3,30,1,28.000,1,1,2,2,41,1,0,0,41,0,0,41,0,0,0,0,1,1,1,1,1,1,0,0,0,13828,0,0,0,0,0,0,0,0,0
0.864500,157.57,19.967,11.980,232,335,72.000,71,71,18.000,39.000,55.000,144,195,313,160,142,142,142,142,142,142,1,0,0,3,30,1,28.000,1,1,3,3,42,1,0,0,42,0,0,42,0,0,0,0,1,1,1,1,1,1,0,0,0,13832,0,0,0,0,0,0,0,0,0
0.864750,157.68,19.997,11.980,232,334,72.000,71,71,18.000,39.000,55.000,144,195,312,160,142,142,142,142,142,142,1,0,0,3,30,1,28.000,1,1,3,3,42,1,0,0,42,0,0,42,0,0,0,0,1,1,1,1,1,1,0,0,0,13836,0,0,0,0,0,0,0,0,0
0.865000,157.79,20.027,11.980,232,334,72.000,71,71,18.000,39.000,55.000,144,195,312,160,142,142,142,142,142,142,1,0,0,3,30,1,28.000,1,1,3,3,42,1,0,0,42,0,0,42,0,0,0,0,1,1,1,1,1,1,0,0,0,13840,0,0,0,0,0,0,0,0,0
0.865250,157.90,20.057,12.040,232,334,72.000,71,71,18.000,39.000,55.000,144,195,312,160,142,142,142,142,142,142,1,0,0,3,30,1,28.000,1,1,3,3,42,1,0,0,42,0,0,42,0,0,0,0,1,1,1,1,1,1,0,0,0,13844,0,0,0,0,0,0,0,0,0
0.865500,158.00,20.088,12.040,232,334,72.000,71,71,18.000,39.000,55.000,144,195,312,160,142,142,142,142,142,142,1,0,0,3,30,1,28.000,1,1,3,3,42,1,0,0,42,0,0,42,0,0,0,0,1,1,1,1,1,1,0,0,0,13848,0,0,0,0,0,0,0,0,0
0.865750,158.11,20.118,12.090,232,334,72.000,71,71,18.000,39.000,55.000,145,195,312,160,142,142,142,142,142,142,1,0,0,3,30,1,28.000,1,1,3,3,42,1,0,0,42,0,0,42,0,0,0,0,1,1,1,1,1,1,0,0,0,13852,0,0,0,0,0,0,0,0,0
0.866000,158.22,20.148,12.090,232,334,72.000,71,71,18.000,39.000,55.000,145,195,312,160,142,142,142,142,142,142,1,0,0,3,30,1,28.000,1,1,3,3,42,1,0,0,42,0,0,42,0,0,0,0,1,1,1,1,1,1,0,0,0,13856,0,0,0,0,0,0,0,0,0
0.866250,158.33,20.179,12.090,232,334,72.000,71,71,18.000,39.000,55.000,145,195,312,160,142,142,142,142,142,142,1,0,0,3,30,1,28.000,1,1,3,3,42,1,0,0,42,0,0,42,0,0,0,0,1,1,1,1,1,1,0,0,0,13860,0,0,0,0,0,0,0,0,0
0.866500,158.44,20.210,12.150,233,334,72.000,71,71,18.000,39.000,55.000,146,195,312,160,142,142,142,142,142,142,1,0,0,3,30,1,28.000,1,1,3,3,42,1,0,0,42,0,0,42,0,0,0,0,1,1,1,1,1,1,0,0,0,13864,0,0,0,0,0,0,0,0,0
0.866750,158.54,20.240,12.150,233,334,72.000,71,71,18.000,39.000,55.000,146,195,312,160,142,142,142,142,142,142,1,0,0,3,30,1,28.000,1,1,3,3,42,1,0,0,42,0,0,42,0,0,0,0,1,1,1,1,1,1,0,0,0,13868,0,0,0,0,0,0,0,0,0
0.867000,158.65,20.271,12.150,233,334,72.000,71,71,18.000,39.000,55.000,146,195,312,160,142,142,142,142,142,142,1,0,0,3,30,1,28.000,1,1,3,3,42,1,0,0,42,0,0,42,0,0,0,0,1,1,1,1,1,1,0,0,0,13872,0,0,0,0,0,0,0,0,0
0.867250,158.76,20.302,12.200,233,333,72.000,71,71,18.000,39.000,55.000,146,194,311,160,141,141,141,141,141,141,1,0,0,3,30,1,28.000,1,1,3,3,42,1,0,0,42,0,0,42,0,0,0,0,1,1,1,1,1,1,0,0,0,13876,0,0,0,0,0,0,0,0,0
0.867500,158.87,20.333,12.200,233,333,72.000,71,71,18.000,39.000,55.000,146,194,311,160,141,141,141,141,141,141,1,0,0,3,30,1,28.000,1,1,3,3,42,1,0,0,42,0,0,42,0,0,0,0,1,1,1,1,1,1,0,0,0,13880,0,0,0,0,0,0,0,0,0
0.867750,158.98,20.365,12.200,233,333,72.000,71,71,18.000,39.000,55.000,146,194,311,160,141,141,141,141,141,141,1,0,0,3,30,1,28.000,1,1,3,3,42,1,0,0,42,0,0,42,0,0,0,0,1,1,1,1,1,1,0,0,0,13884,0,0,0,0,0,0,0,0,0
0.868000,159.08,20.396,12.260,233,333,72.000,71,71,18.000,39.000,55.000,147,194,311,160,141,141,141,141,141,141,1,0,0,3,30,1,28.000,1,1,3,3,42,1,0,0,42,0,0,42,0,0,0,0,1,1,1,1,1,1,0,0,0,13888,0,0,0,0,0,0,0,0,0
0.868250,159.19,20.428,12.260,233,333,72.000,71,71,18.000,39.000,55.000,147,194,311,160,141,141,141,141,141,141,1,0,0,3,30,1,28.000,1,1,3,3,42,1,0,0,42,0,0,42,0,0,0,0,1,1,1,1,1,1,0,0,0,13892,0,0,0,0,0,0,0,0,0
0.868500,159.30,20.459,12.260,234,333,72.000,71,71,18.000,39.000,55.000,147,194,311,160,141,141,141,141,141,141,1,0,0,3,30,1,28.000,1,1,3,3,42,1,0,0,42,0,0,42,0,0,0,0,1,1,1,1,1,1,0,0,0,13896,0,0,0,0,0,0,0,0,0
0.868750,159.41,20.491,12.310,234,333,72.000,71,71,18.000,39.000,55.000,148,194,311,160,141,141,141,141,141,141,1,0,0,3,30,1,28.000,1,1,3,3,42,1,0,0,42,0,0,42,0,0,0,0,1,1,1,1,1,1,0,0,0,13900,0,0,0,0,0,0,0,0,0
0.869000,159.52,20.523,12.310,234,333,72.000,71,71,18.000,39.000,55.000,148,194,311,160,141,141,141,141,141,141,1,0,0,3,30,1,28.000,1,1,3,3,42,1,0,0,42,0,0,42,0,0,0,0,1,1,1,1,1,1,0,0,0,13904,0,0,0,0,0,0,0,0,0
0.869250,159.62,20.555,12.310,234,333,72.000,71,71,18.000,39.000,55.000,148,194,311,160,141,141,141,141,141,141,1,0,0,3,30,1,28.000,1,1,3,3,42,1,0,0,42,0,0,42,0,0,0,0,1,1,1,1,1,1,0,0,0,13908,0,0,0,0,0,0,0,0,0
0.869500,159.73,20.587,12.360,234,333,72.000,71,71,18.000,39.000,55.000,148,194,311,160,141,141,141,141,141,141,1,0,0,3,30,1,28.000,1,1,3,3,42,1,0,0,42,0,0,42,0,0,0,0,1,1,1,1,1,1,0,0,0,13912,0,0,0,0,0,0,0,0,0
0.869750,159.84,20.619,12.360,234,332,72.000,71,71,18.000,39.000,55.000,148,193,310,160,141,141,141,141,141,141,1,0,0,3,30,1,28.000,1,1,3,3,42,1,0,0,42,0,0,42,0,0,0,0,1,1,1,1,1,1,0,0,0,13916,0,0,0,0,0,0,0,0,0
0.870000,159.95,20.651,12.360,234,332,72.000,71,71,18.000,39.000,55.000,148,193,310,160,141,141,141,141,141,141,1,0,0,3,30,1,28.000,1,1,3,3,42,1,0,0,42,0,0,42,0,0,0,0,1,1,1,1,1,1,0,0,0,13920,0,0,0,0,0,0,0,0,0
0.870250,160.06,20.684,12.420,234,332,72.000,71,71,18.000,39.000,55.000,149,193,310,160,141,141,141,141,141,141,1,0,0,3,30,1,28.000,1,1,3,3,42,1,0,0,42,0,0,42,0,0,0,0,1,1,1,1,1,1,0,0,0,13924,0,0,0,0,0,0,0,0,0
0.870500,160.16,20.716,12.420,235,332,72.000,71,71,18.000,39.000,55.000,149,193,310,160,141,141,141,141,141,141,1,0,0,3,30,1,28.000,1,1,3,3,42,1,0,0,42,0,0,42,0,0,0,0,1,1,1,1,1,1,0,0,0,13928,0,0,0,0,0,0,0,0,0
0.870750,160.27,20.749,12.470,235,332,72.000,71,71,18.000,39.000,55.000,149,193,310,160,141,141,141,141,141,141,1,0,0,3,30,1,28.000,1,1,3,3,42,1,0,0,42,0,0,42,0,0,0,0,1,1,1,1,1,1,0,0,0,13932,0,0,0,0,0,0,0,0,0
0.871000,160.38,20.782,12.470,235,332,72.000,71,71,18.000,39.000,55.000,149,193,310,160,141,141,141,141,141,141,1,0,0,3,30,1,28.000,1,1,3,3,42,1,0,0,42,0,0,42,0,0,0,0,1,1,1,1,1,1,0,0,0,13936,0,0,0,0,0,0,0,0,0
0.871250,160.49,20.815,12.470,235,332,72.000,71,71,18.000,39.000,55.000,149,193,310,160,141,141,141,141,141,141,1,0,0,3,30,1,28.000,1,1,3,3,42,1,0,0,42,0,0,42,0,0,0,0,1,1,1,1,1,1,0,0,0,13940,0,0,0,0,0,0,0,0,0
0.871500,160.60,20.848,12.530,235,332,72.000,71,71,18.000,39.000,55.000,150,193,310,160,141,141,141,141,141,141,1,0,0,3,30,1,28.000,1,1,3,3,42,1,0,0,42,0,0,42,0,0,0,0,1,1,1,1,1,1,0,0,0,13944,0,0,0,0,0,0,0,0,0
0.871750,160.70,20.881,12.530,235,332,72.000,71,71,18.000,39.000,55.000,150,193,310,160,141,141,141,141,141,141,1,0,0,3,30,1,28.000,1,1,3,3,42,1,0,0,42,0,0,42,0,0,0,0,1,1,1,1,1,1,0,0,0,13948,0,0,0,0,0,0,0,0,0
0.872000,160.81,20.914,12.530,235,332,72.000,71,71,18.000,39.000,55.000,150,193,310,160,141,141,141,141,141,141,1,0,0,3,30,1,28.000,1,1,3,3,42,1,0,0,42,0,0,42,0,0,0,0,1,1,1,1,1,1,0,0,0,13952,0,0,0,0,0,0,0,0,0
0.872250,160.92,20.947,12.580,236,332,72.000,71,71,18.000,39.000,55.000,151,193,310,160,141,141,141,141,141,141,1,0,0,3,30,1,28.000,1,1,3,3,42,1,0,0,42,0,0,42,0,0,0,0,1,1,1,1,1,1,0,0,0,13956,0,0,0,0,0,0,0,0,0
0.872500,161.03,20.981,12.580,236,331,72.000,71,71,18.000,39.000,55.000,151,193,309,160,140,140,140,140,140,140,1,0,0,3,30,1,28.000,1,1,3,3,42,1,0,0,42,0,0,42,0,0,0,0,1,1,1,1,1,1,0,0,0,13960,0,0,0,0,0,0,0,0,0
0.872750,161.14,21.014,12.580,236,331,72.000,71,71,18.000,39.000,55.000,151,193,309,160,140,140,140,140,140,140,1,0,0,3,30,1,28.000,1,1,3,3,42,1,0,0,42,0,0,42,0,0,0,0,1,1,1,1,1,1,0,0,0,13964,0,0,0,0,0,0,0,0,0
0.873000,161.24,21.048,12.640,236,331,72.000,71,71,18.000,39.000,55.000,152,193,309,160,140,140,140,140,140,140,1,0,0,3,30,1,28.000,1,1,3,3,42,1,0,0,42,0,0,42,0,0,0,0,1,1,1,1,1,1,0,0,0,13968,0,0,0,0,0,0,0,0,0
0.873250,161.35,21.081,12.640,236,331,72.000,71,71,18.000,39.000,55.000,152,193,309,160,140,140,140,140,140,140,1,0,0,3,30,1,28.000,1,1,1,1,43,1,0,0,43,0,0,43,0,0,0,0,1,1,1,1,1,1,0,0,0,13972,0,0,0,0,0,0,0,0,0
0.873500,161.46,21.115,12.690,236,331,72.000,71,71,18.000,39.000,55.000,152,193,309,160,140,140,140,140,140,140,1,0,0,3,30,1,28.000,1,1,1,1,43,1,0,0,43,0,0,43,0,0,0,0,1,1,1,1,1,1,0,0,0,13976,0,0,0,0,0,0,0,0,0
0.873750,161.57,21.149,12.690,237,331,72.000,71,71,18.000,39.000,55.000,152,193,309,160,140,140,140,140,140,140,1,0,0,3,30,1,28.000,1,1,1,1,43,1,0,0,43,0,0,43,0,0,0,0,1,1,1,1,1,1,0,0,0,13980,0,0,0,0,0,0,0,0,0
0.874000,161.68,21.183,12.690,237,331,72.000,71,71,18.000,39.000,55.000,152,193,309,160,140,140,140,140,140,140,1,0,0,3,30,1,28.000,1,1,1,1,43,1,0,0,43,0,0,43,0,0,0,0,1,1,1,1,1,1,0,0,0,13984,0,0,0,0,0,0,0,0,0
0.874250,161.78,21.217,12.740,237,331,72.000,71,71,18.000,39.000,55.000,153,193,309,160,140,140,140,140,140,140,1,0,0,3,30,1,28.000,1,1,1,1,43,1,0,0,43,0,0,43,0,0,0,0,1,1,1,1,1,1,0,0,0,13988,0,0,0,0,0,0,0,0,0
0.874500,161.89,21.252,12.740,237,331,72.000,71,71,18.000,39.000,55.000,153,193,309,160,140,140,140,140,140,140,1,0,0,3,30,1,28.000,1,1,1,1,43,1,0,0,43,0,0,43,0,0,0,0,1,1,1,1,1,1,0,0,0,13992,0,0,0,0,0,0,0,0,0
0.874750,162.00,21.286,12.740,237,331,72.000,71,71,18.000,39.000,55.000,153,193,309,160,140,140,140,140,140,140,1,0,0,3,30,1,28.000,1,1,1,1,43,1,0,0,43,0,0,43,0,0,0,0,1,1,1,1,1,1,0,0,0,13996,0,0,0,0,0,0,0,0,0
0.875000,162.11,21.321,12.800,237,331,72.000,71,71,18.000,39.000,55.000,153,193,309,160,140,140,140,140,140,140,1,0,0,3,30,1,28.000,1,1,1,1,43,1,0,0,43,0,0,43,0,0,0,0,1,1,1,1,1,1,0,0,0,14000,0,0,0,0,0,0,0,0,0
0.875250,162.22,21.355,12.800,238,330,72.000,71,71,18.000,39.000,55.000,153,192,308,160,140,140,140,140,140,140,1,0,0,3,30,1,28.000,1,1,1,1,43,1,0,0,43,0,0,43,0,0,0,0,1,1,1,1,1,1,0,0,0,14004,0,0,0,0,0,0,0,0,0
0.875500,162.32,21.390,12.850,238,330,72.000,71,71,18.000,39.000,55.000,154,192,308,160,140,140,140,140,140,140,1,0,0,3,30,1,28.000,1,1,1,1,43,1,0,0,43,0,0,43,0,0,0,0,1,1,1,1,1,1,0,0,0,14008,0,0,0,0,0,0,0,0,0
0.875750,162.43,21.425,12.850,238,330,72.000,71,71,18.000,39.000,55.000,154,192,308,160,140,140,140,140,140,140,1,0,0,3,30,1,28.000,1,1,1,1,43,1,0,0,43,0,0,43,0,0,0,0,1,1,1,1,1,1,0,0,0,14012,0,0,0,0,0,0,0,0,0
0.876000,162.54,21.459,12.850,238,330,72.000,71,71,18.000,39.000,55.000,154,192,308,160,140,140,140,140,140,140,1,0,0,3,30,1,28.000,1,1,1,1,43,1,0,0,43,0,0,43,0,0,0,0,1,1,1,1,1,1,0,0,0,14016,0,0,0,0,0,0,0,0,0
0.876250,162.65,21.494,12.910,238,330,72.000,71,71,18.000,39.000,55.000,155,192,308,160,140,140,140,140,140,140,1,0,0,3,30,1,28.000,1,1,1,1,43,1,0,0,43,0,0,43,0,0,0,0,1,1,1,1,1,1,0,0,0,14020,0,0,0,0,0,0,0,0,0
0.876500,162.76,21.529,12.910,238,330,72.000,71,71,18.000,39.000,55.000,155,192,308,160,140,140,140,140,140,140,1,0,0,3,30,1,28.000,1,1,1,1,43,1,0,0,43,0,0,43,0,0,0,0,1,1,1,1,1,1,0,0,0,14024,0,0,0,0,0,0,0,0,0
0.876750,162.86,21.565,12.960,239,330,72.000,71,71,18.000,39.000,55.000,155,192,308,160,140,140,140,140,140,140,1,0,0,3,30,1,28.000,1,1,1,1,43,1,0,0,43,0,0,43,0,0,0,0,1,1,1,1,1,1,0,0,0,14028,0,0,0,0,0,0,0,0,0
0.877000,162.97,21.600,12.960,239,330,72.000,71,71,18.000,39.000,55.000,155,192,308,160,140,140,140,140,140,140,1,0,0,3,30,1,28.000,1,1,1,1,43,1,0,0,43,0,0,43,0,0,0,0,1,1,1,1,1,1,0,0,0,14032,0,0,0,0,0,0,0,0,0
0.877250,163.08,21.635,12.960,239,330,72.000,71,71,18.000,39.000,55.000,155,192,308,160,140,140,140,140,140,140,1,0,0,3,30,1,28.000,1,1,1,1,43,1,0,0,43,0,0,43,0,0,0,0,1,1,1,1,1,1,0,0,0,14036,0,0,0,0,0,0,0,0,0
0.877500,163.19,21.671,13.020,239,330,72.000,71,71,18.000,39.000,55.000,156,192,308,160,140,140,140,140,140,140,1,0,0,3,30,1,28.000,1,1,1,1,43,1,0,0,43,0,0,43,0,0,0,0,1,1,1,1,1,1,0,0,0,14040,0,0,0,0,0,0,0,0,0
0.877750,163.30,21.706,13.020,239,330,72.000,71,71,18.000,39.000,55.000,156,192,308,160,140,140,140,140,140,140,1,0,0,3,30,1,28.000,1,1,1,1,43,1,0,0,43,0,0,43,0,0,0,0,1,1,1,1,1,1,0,0,0,14044,0,0,0,0,0,0,0,0,0
0.878000,163.40,21.742,13.020,239,329,72.000,71,71,18.000,39.000,55.000,156,191,306,160,140,140,140,140,140,140,1,0,0,3,30,1,28.000,1,1,1,1,43,1,0,0,43,0,0,43,0,0,0,0,1,1,1,1,1,1,0,0,0,14048,0,0,0,0,0,0,0,0,0
0.878250,163.51,21.778,13.070,240,329,72.000,71,71,18.000,39.000,55.000,157,191,306,160,140,140,140,140,140,140,1,0,0,3,30,1,28.000,1,1,1,1,43,1,0,0,43,0,0,43,0,0,0,0,1,1,1,1,1,1,0,0,0,14052,0,0,0,0,0,0,0,0,0
0.878500,163.62,21.814,13.070,240,329,72.000,71,71,18.000,39.000,55.000,157,191,306,160,140,140,140,140,140,140,1,0,0,3,30,1,28.000,1,1,1,1,43,1,0,0,43,0,0,43,0,0,0,0,1,1,1,1,1,1,0,0,0,14056,0,0,0,0,0,0,0,0,0
0.878750,163.73,21.850,13.130,240,329,72.000,71,71,18.000,39.000,55.000,157,191,306,160,140,140,140,140,140,140,1,0,0,3,30,1,28.000,1,1,1,1,43,1,0,0,43,0,0,43,0,0,0,0,1,1,1,1,1,1,0,0,0,14060,0,0,0,0,0,0,0,0,0
0.879000,163.84,21.886,13.130,240,329,72.000,71,71,18.000,39.000,55.000,157,191,306,160,140,140,140,140,140,140,1,0,0,3,30,1,28.000,1,1,1,1,43,1,0,0,43,0,0,43,0,0,0,0,1,1,1,1,1,1,0,0,0,14064,0,0,0,0,0,0,0,0,0
0.879250,163.94,21.922,13.130,240,329,72.000,71,71,18.000,39.000,55.000,157,191,306,160,140,140,140,140,140,140,1,0,0,3,30,1,28.000,1,1,1,1,43,1,0,0,43,0,0,43,0,0,0,0,1,1,1,1,1,1,0,0,0,14068,0,0,0,0,0,0,0,0,0
0.879500,164.05,21.958,13.180,241,329,72.000,71,71,18.000,39.000,55.000,158,191,306,160,140,140,140,140,140,140,1,0,0,3,30,1,28.000,1,1,1,1,43,1,0,0,43,0,0,43,0,0,0,0,1,1,1,1,1,1,0,0,0,14072,0,0,0,0,0,0,0,0,0
0.879750,164.16,21.994,13.180,241,329,72.000,71,71,18.000,39.000,55.000,158,191,306,160,140,140,140,140,140,140,1,0,0,3,30,1,28.000,1,1,1,1,43,1,0,0,43,0,0,43,0,0,0,0,1,1,1,1,1,1,0,0,0,14076,0,0,0,0,0,0,0,0,0
0.880000,164.27,22.031,13.230,241,329,72.000,71,71,18.000,39.000,55.000,159,191,306,160,140,140,140,140,140,140,1,0,0,3,30,1,28.000,1,1,1,1,43,1,0,0,43,0,0,43,0,0,0,0,1,1,1,1,1,1,0,0,0,14080,0,0,0,0,0,0,0,0,0
0.880250,164.38,22.067,13.230,241,329,72.000,71,71,18.000,39.000,55.000,159,191,306,160,140,140,140,140,140,140,1,0,0,3,30,1,28.000,1,1,1,1,43,1,0,0,43,0,0,43,0,0,0,0,1,1,1,1,1,1,0,0,0,14084,0,0,0,0,0,0,0,0,0
0.880500,164.48,22.104,13.230,241,329,72.000,71,71,18.000,39.000,55.000,159,191,306,160,140,140,140,140,140,140,1,0,0,3,30,1,28.000,1,1,1,1,43,1,0,0,43,0,0,43,0,0,0,0,1,1,1,1,1,1,0,0,0,14088,0,0,0,0,0,0,0,0,0
0.880750,164.59,22.140,13.290,242,328,72.000,71,71,18.000,39.000,55.000,159,191,305,160,139,139,139,139,139,139,1,0,0,3,30,1,28.000,1,1,1,1,43,1,0,0,43,0,0,43,0,0,0,0,1,1,1,1,1,1,0,0,0,14092,0,0,0,0,0,0,0,0,0
0.881000,164.70,22.177,13.290,242,328,72.000,71,71,18.000,39.000,55.000,159,191,305,160,139,139,139,139,139,139,1,0,0,3,30,1,28.000,1,1,1,1,43,1,0,0,43,0,0,43,0,0,0,0,1,1,1,1,1,1,0,0,0,14096,0,0,0,0,0,0,0,0,0
0.881250,164.81,22.214,13.340,242,328,72.000,71,71,18.000,39.000,55.000,160,191,305,160,139,139,139,139,139,139,1,0,0,3,30,1,28.000,1,1,1,1,43,1,0,0,43,0,0,43,0,0,0,0,1,1,1,1,1,1,0,0,0,14100,0,0,0,0,0,0,0,0,0
0.881500,164.92,22.251,13.340,242,328,72.000,71,71,18.000,39.000,55.000,160,191,305,160,139,139,139,139,139,139,1,0,0,3,30,1,28.000,1,1,1,1,43,1,0,0,43,0,0,43,0,0,0,0,1,1,1,1,1,1,0,0,0,14104,0,0,0,0,0,0,0,0,0
0.881750,165.02,22.288,13.340,242,328,72.000,71,71,18.000,39.000,55.000,160,191,305,160,139,139,139,139,139,139,1,0,0,3,30,1,28.000,1,1,0,0,44,1,0,0,44,0,0,44,0,0,0,0,1,1,1,1,1,1,0,0,0,14108,0,0,0,0,0,0,0,0,0
0.882000,165.13,22.325,13.400,243,328,72.000,71,71,18.000,39.000,55.000,161,191,305,160,139,139,139,139,139,139,1,0,0,3,30,1,28.000,1,1,0,0,44,1,0,0,44,0,0,44,0,0,0,0,1,1,1,1,1,1,0,0,0,14112,0,0,0,0,0,0,0,0,0
0.882250,165.24,22.362,13.400,243,328,72.000,71,71,18.000,39.000,55.000,161,191,305,160,139,139,139,139,139,139,1,0,0,3,30,1,28.000,1,1,0,0,44,1,0,0,44,0,0,44,0,0,0,0,1,1,1,1,1,1,0,0,0,14116,0,0,0,0,0,0,0,0,0
0.882500,165.35,22.400,13.450,243,328,72.000,71,71,18.000,39.000,55.000,161,191,305,160,139,139,139,139,139,139,1,0,0,3,30,1,28.000,1,1,0,0,44,1,0,0,44,0,0,44,0,0,0,0,1,1,1,1,1,1,0,0,0,14120,0,0,0,0,0,0,0,0,0
0.882750,165.46,22.437,13.450,243,328,72.000,71,71,18.000,39.000,55.000,161,191,305,160,139,139,139,139,139,139,1,0,0,3,30,1,28.000,1,1,0,0,44,1,0,0,44,0,0,44,0,0,0,0,1,1,1,1,1,1,0,0,0,14124,0,0,0,0,0,0,0,0,0
0.883000,165.56,22.474,13.510,243,328,72.000,71,71,18.000,39.000,55.000,162,191,305,160,139,139,139,139,139,139,1,0,0,3,30,1,28.000,1,1,0,0,44,1,0,0,44,0,0,44,0,0,0,0,1,1,1,1,1,1,0,0,0,14128,0,0,0,0,0,0,0,0,0
0.883250,165.67,22.512,13.510,244,328,72.000,71,71,18.000,39.000,55.000,162,191,305,160,139,139,139,139,139,139,1,0,0,3,30,1,28.000,1,1,0,0,44,1,0,0,44,0,0,44,0,0,0,0,1,1,1,1,1,1,0,0,0,14132,0,0,0,0,0,0,0,0,0
0.883500,165.78,22.550,13.510,244,328,72.000,71,71,18.000,39.000,55.000,162,191,305,160,139,139,139,139,139,139,1,0,0,3,30,1,28.000,1,1,0,0,44,1,0,0,44,0,0,44,0,0,0,0,1,1,1,1,1,1,0,0,0,14136,0,0,0,0,0,0,0,0,0
0.883750,165.89,22.587,13.560,244,327,72.000,71,71,18.000,39.000,55.000,163,190,305,160,139,139,139,139,139,139,1,0,0,3,30,1,28.000,1,1,0,0,44,1,0,0,44,0,0,44,0,0,0,0,1,1,1,1,1,1,0,0,0,14140,0,0,0,0,0,0,0,0,0
0.884000,166.00,22.625,13.560,244,327,72.000,71,71,18.000,39.000,55.000,163,190,305,160,139,139,139,139,139,139,1,0,0,3,30,1,28.000,1,1,0,0,44,1,0,0,44,0,0,44,0,0,0,0,1,1,1,1,1,1,0,0,0,14144,0,0,0,0,0,0,0,0,0
0.884250,166.10,22.663,13.620,245,327,72.000,71,71,18.000,39.000,55.000,163,190,305,160,139,139,139,139,139,139,1,0,0,3,30,1,28.000,1,1,0,0,44,1,0,0,44,0,0,44,0,0,0,0,1,1,1,1,1,1,0,0,0,14148,0,0,0,0,0,0,0,0,0
0.884500,166.21,22.701,13.620,245,327,72.000,71,71,18.000,39.000,55.000,163,190,305,160,139,139,139,139,139,139,1,0,0,3,30,1,28.000,1,1,0,0,44,1,0,0,44,0,0,44,0,0,0,0,1,1,1,1,1,1,0,0,0,14152,0,0,0,0,0,0,0,0,0
0.884750,166.32,22.739,13.620,245,327,72.000,71,71,18.000,39.000,55.000,163,190,305,160,139,139,139,139,139,139,1,0,0,3,30,1,28.000,1,1,0,0,44,1,0,0,44,0,0,44,0,0,0,0,1,1,1,1,1,1,0,0,0,14156,0,0,0,0,0,0,0,0,0
0.885000,166.43,22.777,13.670,245,327,72.000,71,71,18.000,39.000,55.000,164,190,305,160,139,139,139,139,139,139,1,0,0,3,30,1,28.000,1,1,0,0,44,1,0,0,44,0,0,44,0,0,0,0,1,1,1,1,1,1,0,0,0,14160,0,0,0,0,0,0,0,0,0
0.885250,166.54,22.815,13.670,245,327,72.000,71,71,18.000,39.000,55.000,164,190,305,160,139,139,139,139,139,139,1,0,0,3,30,1,28.000,1,1,0,0,44,1,0,0,44,0,0,44,0,0,0,0,1,1,1,1,1,1,0,0,0,14164,0,0,0,0,0,0,0,0,0
0.885500,166.64,22.854,13.720,246,327,72.000,71,71,18.000,39.000,55.000,165,190,305,160,139,139,139,139,139,139,1,0,0,3,30,1,28.000,1,1,0,0,44,1,0,0,44,0,0,44,0,0,0,0,1,1,1,1,1,1,0,0,0,14168,0,0,0,0,0,0,0,0,0
0.885750,166.75,22.892,13.720,246,327,72.000,71,71,18.000,39.000,55.000,165,190,305,160,139,139,139,139,139,139,1,0,0,3,30,1,28.000,1,1,0,0,44,1,0,0,44,0,0,44,0,0,0,0,1,1,1,1,1,1,0,0,0,14172,0,0,0,0,0,0,0,0,0
0.886000,166.86,22.930,13.720,246,327,72.000,71,71,18.000,39.000,55.000,165,190,305,160,139,139,139,139,139,139,1,0,0,3,30,1,28.000,1,1,0,0,44,1,0,0,44,0,0,44,0,0,0,0,1,1,1,1,1,1,0,0,0,14176,0,0,0,0,0,0,0,0,0
0.886250,166.97,22.969,13.780,246,327,72.000,71,71,18.000,39.000,55.000,165,190,305,160,139,139,139,139,139,139,1,0,0,3,30,1,28.000,1,1,0,0,44,1,0,0,44,0,0,44,0,0,0,0,1,1,1,1,1,1,0,0,0,14180,0,0,0,0,0,0,0,0,0
0.886500,167.08,23.008,13.780,247,327,72.000,71,71,18.000,39.000,55.000,165,190,305,160,139,139,139,139,139,139,1,0,0,3,30,1,28.000,1,1,0,0,44,1,0,0,44,0,0,44,0,0,0,0,1,1,1,1,1,1,0,0,0,14184,0,0,0,0,0,0,0,0,0
0.886750,167.18,23.046,13.830,247,327,72.000,71,71,18.000,39.000,55.000,166,190,305,160,139,139,139,139,139,139,1,0,0,3,30,1,28.000,1,1,0,0,44,1,0,0,44,0,0,44,0,0,0,0,1,1,1,1,1,1,0,0,0,14188,0,0,0,0,0,0,0,0,0
0.887000,167.29,23.085,13.830,247,326,72.000,71,71,18.000,39.000,55.000,166,189,303,160,138,138,138,138,138,138,1,0,0,3,30,1,28.000,1,1,0,0,44,1,0,0,44,0,0,44,0,0,0,0,1,1,1,1,1,1,0,0,0,14192,0,0,0,0,0,0,0,0,0
0.887250,167.40,23.124,13.890,247,326,72.000,71,71,18.000,39.000,55.000,167,189,303,160,138,138,138,138,138,138,1,0,0,3,30,1,28.000,1,1,0,0,44,1,0,0,44,0,0,44,0,0,0,0,1,1,1,1,1,1,0,0,0,14196,0,0,0,0,0,0,0,0,0
0.887500,167.51,23.163,13.890,248,326,72.000,71,71,18.000,39.000,55.000,167,189,303,160,138,138,138,138,138,138,1,0,0,3,30,1,28.000,1,1,0,0,44,1,0,0,44,0,0,44,0,0,0,0,1,1,1,1,1,1,0,0,0,14200,0,0,0,0,0,0,0,0,0
0.887750,167.62,23.202,13.940,248,326,72.000,71,71,18.000,39.000,55.000,167,189,303,160,138,138,138,138,138,138,1,0,0,3,30,1,28.000,1,1,0,0,44,1,0,0,44,0,0,44,0,0,0,0,1,1,1,1,1,1,0,0,0,14204,0,0,0,0,0,0,0,0,0
0.888000,167.72,23.241,13.940,248,326,72.000,71,71,18.000,39.000,55.000,167,189,303,160,138,138,138,138,138,138,1,0,0,3,30,1,28.000,1,1,0,0,44,1,0,0,44,0,0,44,0,0,0,0,1,1,1,1,1,1,0,0,0,14208,0,0,0,0,0,0,0,0,0
0.888250,167.83,23.280,13.940,248,326,72.000,71,71,18.000,39.000,55.000,167,189,303,160,138,138,138,138,138,138,1,0,0,3,30,1,28.000,1,1,0,0,44,1,0,0,44,0,0,44,0,0,0,0,1,1,1,1,1,1,0,0,0,14212,0,0,0,0,0,0,0,0,0
0.888500,167.94,23.319,14.000,249,326,72.000,71,71,18.000,39.000,55.000,168,189,303,160,138,138,138,138,138,138,1,0,0,3,30,1,28.000,1,1,0,0,44,1,0,0,44,0,0,44,0,0,0,0,1,1,1,1,1,1,0,0,0,14216,0,0,0,0,0,0,0,0,0
0.888750,168.05,23.358,14.000,249,326,72.000,71,71,18.000,39.000,55.000,168,189,303,160,138,138,138,138,138,138,1,0,0,3,30,1,28.000,1,1,0,0,44,1,0,0,44,0,0,44,0,0,0,0,1,1,1,1,1,1,0,0,0,14220,0,0,0,0,0,0,0,0,0
0.889000,168.16,23.398,14.050,249,326,72.000,71,71,18.000,39.000,55.000,168,189,303,160,138,138,138,138,138,138,1,0,0,3,30,1,28.000,1,1,0,0,44,1,0,0,44,0,0,44,0,0,0,0,1,1,1,1,1,1,0,0,0,14224,0,0,0,0,0,0,0,0,0
0.889250,168.26,23.437,14.050,249,326,72.000,71,71,18.000,39.000,55.000,168,189,303,160,138,138,138,138,138,138,1,0,0,3,30,1,28.000,1,1,0,0,44,1,0,0,44,0,0,44,0,0,0,0,1,1,1,1,1,1,0,0,0,14228,0,0,0,0,0,0,0,0,0
0.889500,168.37,23.477,14.100,250,326,72.000,71,71,18.000,39.000,55.000,169,189,303,160,138,138,138,138,138,138,1,0,0,3,30,1,28.000,1,1,0,0,44,1,0,0,44,0,0,44,0,0,0,0,1,1,1,1,1,1,0,0,0,14232,0,0,0,0,0,0,0,0,0
0.889750,168.48,23.516,14.100,250,326,72.000,71,71,18.000,39.000,55.000,169,189,303,160,138,138,138,138,138,138,1,0,0,3,30,1,28.000,1,1,0,0,44,1,0,0,44,0,0,44,0,0,0,0,1,1,1,1,1,1,0,0,0,14236,0,0,0,0,0,0,0,0,0
0.890000,168.59,23.556,14.100,250,326,72.000,71,71,18.000,39.000,55.000,169,189,303,160,138,138,138,138,138,138,1,0,0,3,30,1,28.000,1,1,0,0,44,1,0,0,44,0,0,44,0,0,0,0,1,1,1,1,1,1,0,0,0,14240,0,0,0,0,0,0,0,0,0
0.890250,168.70,23.595,14.160,250,325,72.000,71,71,18.000,39.000,55.000,170,189,302,160,138,138,138,138,138,138,1,0,0,3,30,1,28.000,1,1,0,0,44,1,0,0,44,0,0,44,0,0,0,0,1,1,1,1,1,1,0,0,0,14244,0,0,0,0,0,0,0,0,0
0.890500,168.80,23.635,14.160,251,325,72.000,71,71,18.000,39.000,55.000,170,189,302,160,138,138,138,138,138,138,1,0,0,3,30,1,28.000,1,1,2,2,45,1,0,0,45,0,0,45,0,0,0,0,1,1,1,1,1,1,0,0,0,14248,0,0,0,0,0,0,0,0,0
0.890750,168.91,23.675,14.210,251,325,72.000,71,71,18.000,39.000,55.000,170,189,302,160,138,138,138,138,138,138,1,0,0,3,30,1,28.000,1,1,2,2,45,1,0,0,45,0,0,45,0,0,0,0,1,1,1,1,1,1,0,0,0,14252,0,0,0,0,0,0,0,0,0
0.891000,169.02,23.715,14.210,251,325,72.000,71,71,18.000,39.000,55.000,170,189,302,160,138,138,138,138,138,138,1,0,0,3,30,1,28.000,1,1,2,2,45,1,0,0,45,0,0,45,0,0,0,0,1,1,1,1,1,1,0,0,0,14256,0,0,0,0,0,0,0,0,0
0.891250,169.13,23.755,14.270,251,325,72.000,71,71,18.000,39.000,55.000,171,189,302,160,138,138,138,138,138,138,1,0,0,3,30,1,28.000,1,1,2,2,45,1,0,0,45,0,0,45,0,0,0,0,1,1,1,1,1,1,0,0,0,14260,0,0,0,0,0,0,0,0,0
0.891500,169.24,23.795,14.270,252,325,72.000,71,71,18.000,39.000,55.000,171,189,302,160,138,138,138,138,138,138,1,0,0,3,30,1,28.000,1,1,2,2,45,1,0,0,45,0,0,45,0,0,0,0,1,1,1,1,1,1,0,0,0,14264,0,0,0,0,0,0,0,0,0
0.891750,169.34,23.835,14.320,252,325,72.000,71,71,18.000,39.000,55.000,172,189,302,160,138,138,138,138,138,138,1,0,0,3,30,1,28.000,1,1,2,2,45,1,0,0,45,0,0,45,0,0,0,0,1,1,1,1,1,1,0,0,0,14268,0,0,0,0,0,0,0,0,0
0.892000,169.45,23.875,14.320,252,325,72.000,71,71,18.000,39.000,55.000,172,189,302,160,138,138,138,138,138,138,1,0,0,3,30,1,28.000,1,1,2,2,45,1,0,0,45,0,0,45,0,0,0,0,1,1,1,1,1,1,0,0,0,14272,0,0,0,0,0,0,0,0,0
0.892250,169.56,23.915,14.380,252,325,72.000,71,71,18.000,39.000,55.000,172,189,302,160,138,138,138,138,138,138,1,0,0,3,30,1,28.000,1,1,2,2,45,1,0,0,45,0,0,45,0,0,0,0,1,1,1,1,1,1,0,0,0,14276,0,0,0,0,0,0,0,0,0
0.892500,169.67,23.955,14.380,253,325,72.000,71,71,18.000,39.000,55.000,172,189,302,160,138,138,138,138,138,138,1,0,0,3,30,1,28.000,1,1,2,2,45,1,0,0,45,0,0,45,0,0,0,0,1,1,1,1,1,1,0,0,0,14280,0,0,0,0,0,0,0,0,0
0.892750,169.78,23.996,14.380,253,325,72.000,71,71,18.000,39.000,55.000,172,189,302,160,138,138,138,138,138,138,1,0,0,3,30,1,28.000,1,1,2,2,45,1,0,0,45,0,0,45,0,0,0,0,1,1,1,1,1,1,0,0,0,14284,0,0,0,0,0,0,0,0,0
0.893000,169.88,24.036,14.430,253,325,72.000,71,71,18.000,39.000,55.000,173,189,302,160,138,138,138,138,138,138,1,0,0,3,30,1,28.000,1,1,2,2,45,1,0,0,45,0,0,45,0,0,0,0,1,1,1,1,1,1,0,0,0,14288,0,0,0,0,0,0,0,0,0
0.893250,169.99,24.077,14.430,253,325,72.000,71,71,18.000,39.000,55.000,173,189,302,160,138,138,138,138,138,138,1,0,0,3,30,1,28.000,1,1,2,2,45,1,0,0,45,0,0,45,0,0,0,0,1,1,1,1,1,1,0,0,0,14292,0,0,0,0,0,0,0,0,0
0.893500,170.10,24.117,14.490,254,325,72.000,71,71,18.000,39.000,55.000,174,189,302,160,138,138,138,138,138,138,1,0,0,3,30,1,28.000,1,1,2,2,45,1,0,0,45,0,0,45,0,0,0,0,1,1,1,1,1,1,0,0,0,14296,0,0,0,0,0,0,0,0,0
0.893750,170.21,24.158,14.490,254,324,72.000,71,71,18.000,39.000,55.000,174,188,301,160,137,137,137,137,137,137,1,0,0,3,30,1,28.000,1,1,2,2,45,1,0,0,45,0,0,45,0,0,0,0,1,1,1,1,1,1,0,0,0,14300,0,0,0,0,0,0,0,0,0
0.894000,170.32,24.198,14.490,254,324,72.000,71,71,18.000,39.000,55.000,174,188,301,160,137,137,137,137,137,137,1,0,0,3,30,1,28.000,1,1,2,2,45,1,0,0,45,0,0,45,0,0,0,0,1,1,1,1,1,1,0,0,0,14304,0,0,0,0,0,0,0,0,0
0.894250,170.42,24.239,14.540,255,324,72.000,71,71,18.000,39.000,55.000,174,188,301,160,137,137,137,137,137,137,1,0,0,3,30,1,28.000,1,1,2,2,45,1,0,0,45,0,0,45,0,0,0,0,1,1,1,1,1,1,0,0,0,14308,0,0,0,0,0,0,0,0,0
0.894500,170.53,24.280,14.540,255,324,72.000,71,71,18.000,39.000,55.000,174,188,301,160,137,137,137,137,137,137,1,0,0,3,30,1,28.000,1,1,2,2,45,1,0,0,45,0,0,45,0,0,0,0,1,1,1,1,1,1,0,0,0,14312,0,0,0,0,0,0,0,0,0
0.894750,170.64,24.320,14.590,255,324,72.000,71,71,18.000,39.000,55.000,175,188,301,160,137,137,137,137,137,137,1,0,0,3,30,1,28.000,1,1,2,2,45,1,0,0,45,0,0,45,0,0,0,0,1,1,1,1,1,1,0,0,0,14316,0,0,0,0,0,0,0,0,0
0.895000,170.75,24.361,14.590,255,324,72.000,71,71,18.000,39.000,55.000,175,188,301,160,137,137,137,137,137,137,1,0,0,3,30,1,28.000,1,1,2,2,45,1,0,0,45,0,0,45,0,0,0,0,1,1,1,1,1,1,0,0,0,14320,0,0,0,0,0,0,0,0,0
0.895250,170.86,24.402,14.650,256,324,72.000,71,71,18.000,39.000,55.000,176,188,301,160,137,137,137,137,137,137,1,0,0,3,30,1,28.000,1,1,2,2,45,1,0,0,45,0,0,45,0,0,0,0,1,1,1,1,1,1,0,0,0,14324,0,0,0,0,0,0,0,0,0
0.895500,170.96,24.443,14.650,256,324,72.000,71,71,18.000,39.000,55.000,176,188,301,160,137,137,137,137,137,137,1,0,0,3,30,1,28.000,1,1,2,2,45,1,0,0,45,0,0,45,0,0,0,0,1,1,1,1,1,1,0,0,0,14328,0,0,0,0,0,0,0,0,0
0.895750,171.07,24.484,14.700,256,324,72.000,71,71,18.000,39.000,55.000,176,188,301,160,137,137,137,137,137,137,1,0,0,3,30,1,28.000,1,1,2,2,45,1,0,0,45,0,0,45,0,0,0,0,1,1,1,1,1,1,0,0,0,14332,0,0,0,0,0,0,0,0,0
0.896000,171.18,24.525,14.700,256,324,72.000,71,71,18.000,39.000,55.000,176,188,301,160,137,137,137,137,137,137,1,0,0,3,30,1,28.000,1,1,2,2,45,1,0,0,45,0,0,45,0,0,0,0,1,1,1,1,1,1,0,0,0,14336,0,0,0,0,0,0,0,0,0
0.896250,171.29,24.566,14.760,257,324,72.000,71,71,18.000,39.000,55.000,177,188,301,160,137,137,137,137,137,137,1,0,0,3,30,1,28.000,1,1,2,2,45,1,0,0,45,0,0,45,0,0,0,0,1,1,1,1,1,1,0,0,0,14340,0,0,0,0,0,0,0,0,0
0.896500,171.40,24.608,14.760,257,324,72.000,71,71,18.000,39.000,55.000,177,188,301,160,137,137,137,137,137,137,1,0,0,3,30,1,28.000,1,1,2,2,45,1,0,0,45,0,0,45,0,0,0,0,1,1,1,1,1,1,0,0,0,14344,0,0,0,0,0,0,0,0,0
0.896750,171.50,24.649,14.810,257,324,72.000,71,71,18.000,39.000,55.000,178,188,301,160,137,137,137,137,137,137,1,0,0,3,30,1,28.000,1,1,2,2,45,1,0,0,45,0,0,45,0,0,0,0,1,1,1,1,1,1,0,0,0,14348,0,0,0,0,0,0,0,0,0
0.897000,171.61,24.690,14.810,258,324,72.000,71,71,18.000,39.000,55.000,178,188,301,160,137,137,137,137,137,137,1,0,0,3,30,1,28.000,1,1,2,2,45,1,0,0,45,0,0,45,0,0,0,0,1,1,1,1,1,1,0,0,0,14352,0,0,0,0,0,0,0,0,0
0.897250,171.72,24.731,14.810,258,324,72.000,71,71,18.000,39.000,55.000,178,188,301,160,137,137,137,137,137,137,1,0,0,3,30,1,28.000,1,1,2,2,45,1,0,0,45,0,0,45,0,0,0,0,1,1,1,1,1,1,0,0,0,14356,0,0,0,0,0,0,0,0,0
0.897500,171.83,24.773,14.870,258,323,72.000,71,71,18.000,39.000,55.000,178,187,300,160,137,137,137,137,137,137,1,0,0,3,30,1,28.000,1,1,2,2,45,1,0,0,45,0,0,45,0,0,0,0,1,1,1,1,1,1,0,0,0,14360,0,0,0,0,0,0,0,0,0
0.897750,171.94,24.814,14.870,259,323,72.000,71,71,18.000,39.000,55.000,178,187,300,160,137,137,137,137,137,137,1,0,0,3,30,1,28.000,1,1,2,2,45,1,0,0,45,0,0,45,0,0,0,0,1,1,1,1,1,1,0,0,0,14364,0,0,0,0,0,0,0,0,0
0.898000,172.04,24.856,14.920,259,323,72.000,71,71,18.000,39.000,55.000,179,187,300,160,137,137,137,137,137,137,1,0,0,3,30,1,28.000,1,1,2,2,45,1,0,0,45,0,0,45,0,0,0,0,1,1,1,1,1,1,0,0,0,14368,0,0,0,0,0,0,0,0,0
0.898250,172.15,24.897,14.920,259,323,72.000,71,71,18.000,39.000,55.000,179,187,300,160,137,137,137,137,137,137,1,0,0,3,30,1,28.000,1,1,2,2,45,1,0,0,45,0,0,45,0,0,0,0,1,1,1,1,1,1,0,0,0,14372,0,0,0,0,0,0,0,0,0
0.898500,172.26,24.939,14.970,259,323,72.000,71,71,18.000,39.000,55.000,180,187,300,160,137,137,137,137,137,137,1,0,0,3,30,1,28.000,1,1,2,2,45,1,0,0,45,0,0,45,0,0,0,0,1,1,1,1,1,1,0,0,0,14376,0,0,0,0,0,0,0,0,0
0.898750,172.37,24.980,14.970,260,323,72.000,71,71,18.000,39.000,55.000,180,187,300,160,137,137,137,137,137,137,1,0,0,3,30,1,28.000,1,1,2,2,45,1,0,0,45,0,0,45,0,0,0,0,1,1,1,1,1,1,0,0,0,14380,0,0,0,0,0,0,0,0,0
0.899000,172.48,25.022,15.030,260,323,72.000,71,71,18.000,39.000,55.000,180,187,300,160,137,137,137,137,137,137,1,0,0,3,30,1,28.000,1,1,2,2,45,1,0,0,45,0,0,45,0,0,0,0,1,1,1,1,1,1,0,0,0,14384,0,0,0,0,0,0,0,0,0
0.899250,172.58,25.064,15.030,260,323,72.000,71,71,18.000,39.000,55.000,180,187,300,160,137,137,137,137,137,137,1,0,0,3,30,1,28.000,1,1,3,3,46,1,0,0,46,0,0,46,0,0,0,0,1,1,1,1,1,1,0,0,0,14388,0,0,0,0,0,0,0,0,0
0.899500,172.69,25.105,15.080,261,323,72.000,71,71,18.000,39.000,55.000,181,187,300,160,137,137,137,137,137,137,1,0,0,3,30,1,28.000,1,1,3,3,46,1,0,0,46,0,0,46,0,0,0,0,1,1,1,1,1,1,0,0,0,14392,0,0,0,0,0,0,0,0,0
0.899750,172.80,25.147,15.080,261,323,72.000,71,71,18.000,39.000,55.000,181,187,300,160,137,137,137,137,137,137,1,0,0,3,30,1,28.000,1,1,3,3,46,1,0,0,46,0,0,46,0,0,0,0,1,1,1,1,1,1,0,0,0,14396,0,0,0,0,0,0,0,0,0
0.900000,172.91,25.189,15.080,261,323,72.000,71,71,18.000,39.000,55.000,181,187,300,160,137,137,137,137,137,137,1,0,0,3,30,1,28.000,1,1,3,3,46,1,0,0,46,0,0,46,0,0,0,0,1,1,1,1,1,1,0,0,0,14400,0,0,0,0,0,0,0,0,0
0.900250,173.02,25.231,15.140,262,323,72.000,71,71,18.000,39.000,55.000,182,187,300,160,137,137,137,137,137,137,1,0,0,3,30,1,28.000,1,1,3,3,46,1,0,0,46,0,0,46,0,0,0,0,1,1,1,1,1,1,0,0,0,14404,0,0,0,0,0,0,0,0,0
0.900500,173.12,25.273,15.140,262,323,72.000,71,71,18.000,39.000,55.000,182,187,300,160,137,137,137,137,137,137,1,0,0,3,30,1,28.000,1,1,3,3,46,1,0,0,46,0,0,46,0,0,0,0,1,1,1,1,1,1,0,0,0,14408,0,0,0,0,0,0,0,0,0
0.900750,173.23,25.315,15.190,262,323,72.000,71,71,18.000,39.000,55.000,182,187,300,160,137,137,137,137,137,137,1,0,0,3,30,1,28.000,1,1,3,3,46,1,0,0,46,0,0,46,0,0,0,0,1,1,1,1,1,1,0,0,0,14412,0,0,0,0,0,0,0,0,0
0.901000,173.34,25.357,15.190,262,323,72.000,71,71,18.000,39.000,55.000,182,187,300,160,137,137,137,137,137,137,1,0,0,3,30,1,28.000,1,1,3,3,46,1,0,0,46,0,0,46,0,0,0,0,1,1,1,1,1,1,0,0,0,14416,0,0,0,0,0,0,0,0,0
0.901250,173.45,25.399,15.250,263,323,72.000,71,71,18.000,39.000,55.000,183,187,300,160,137,137,137,137,137,137,1,0,0,3,30,1,28.000,1,1,3,3,46,1,0,0,46,0,0,46,0,0,0,0,1,1,1,1,1,1,0,0,0,14420,0,0,0,0,0,0,0,0,0
0.901500,173.56,25.441,15.250,263,323,72.000,71,71,18.000,39.000,55.000,183,187,300,160,137,137,137,137,137,137,1,0,0,3,30,1,28.000,1,1,3,3,46,1,0,0,46,0,0,46,0,0,0,0,1,1,1,1,1,1,0,0,0,14424,0,0,0,0,0,0,0,0,0
0.901750,173.66,25.483,15.300,263,322,72.000,71,71,18.000,39.000,55.000,184,187,299,160,136,136,136,136,136,136,1,0,0,3,30,1,28.000,1,1,3,3,46,1,0,0,46,0,0,46,0,0,0,0,1,1,1,1,1,1,0,0,0,14428,0,0,0,0,0,0,0,0,0
0.902000,173.77,25.525,15.300,264,322,72.000,71,71,18.000,39.000,55.000,184,187,299,160,136,136,136,136,136,136,1,0,0,3,30,1,28.000,1,1,3,3,46,1,0,0,46,0,0,46,0,0,0,0,1,1,1,1,1,1,0,0,0,14432,0,0,0,0,0,0,0,0,0
0.902250,173.88,25.568,15.360,264,322,72.000,71,71,18.000,39.000,55.000,184,187,299,160,136,136,136,136,136,136,1,0,0,3,30,1,28.000,1,1,3,3,46,1,0,0,46,0,0,46,0,0,0,0,1,1,1,1,1,1,0,0,0,14436,0,0,0,0,0,0,0,0,0
0.902500,173.99,25.610,15.360,264,322,72.000,71,71,18.000,39.000,55.000,184,187,299,160,136,136,136,136,136,136,1,0,0,3,30,1,28.000,1,1,3,3,46,1,0,0,46,0,0,46,0,0,0,0,1,1,1,1,1,1,0,0,0,14440,0,0,0,0,0,0,0,0,0
0.902750,174.10,25.652,15.410,265,322,72.000,71,71,18.000,39.000,55.000,185,187,299,160,136,136,136,136,136,136,1,0,0,3,30,1,28.000,1,1,3,3,46,1,0,0,46,0,0,46,0,0,0,0,1,1,1,1,1,1,0,0,0,14444,0,0,0,0,0,0,0,0,0
0.903000,174.20,25.694,15.410,265,322,72.000,71,71,18.000,39.000,55.000,185,187,299,160,136,136,136,136,136,136,1,0,0,3,30,1,28.000,1,1,3,3,46,1,0,0,46,0,0,46,0,0,0,0,1,1,1,1,1,1,0,0,0,14448,0,0,0,0,0,0,0,0,0
0.903250,174.31,25.737,15.460,265,322,72.000,71,71,18.000,39.000,55.000,185,187,299,160,136,136,136,136,136,136,1,0,0,3,30,1,28.000,1,1,3,3,46,1,0,0,46,0,0,46,0,0,0,0,1,1,1,1,1,1,0,0,0,14452,0,0,0,0,0,0,0,0,0
0.903500,174.42,25.779,15.460,266,322,72.000,71,71,18.000,39.000,55.000,185,187,299,160,136,136,136,136,136,136,1,0,0,3,30,1,28.000,1,1,3,3,46,1,0,0,46,0,0,46,0,0,0,0,1,1,1,1,1,1,0,0,0,14456,0,0,0,0,0,0,0,0,0
0.903750,174.53,25.822,15.460,266,322,72.000,71,71,18.000,39.000,55.000,185,187,299,160,136,136,136,136,136,136,1,0,0,3,30,1,28.000,1,1,3,3,46,1,0,0,46,0,0,46,0,0,0,0,1,1,1,1,1,1,0,0,0,14460,0,0,0,0,0,0,0,0,0
0.904000,174.64,25.864,15.520,266,322,72.000,71,71,18.000,39.000,55.000,186,187,299,160,136,136,136,136,136,136,1,0,0,3,30,1,28.000,1,1,3,3,46,1,0,0,46,0,0,46,0,0,0,0,1,1,1,1,1,1,0,0,0,14464,0,0,0,0,0,0,0,0,0
0.904250,174.74,25.906,15.520,267,322,72.000,71,71,18.000,39.000,55.000,186,187,299,160,136,136,136,136,136,136,1,0,0,3,30,1,28.000,1,1,3,3,46,1,0,0,46,0,0,46,0,0,0,0,1,1,1,1,1,1,0,0,0,14468,0,0,0,0,0,0,0,0,0
0.904500,174.85,25.949,15.570,267,322,72.000,71,71,18.000,39.000,55.000,187,187,299,160,136,136,136,136,136,136,1,0,0,3,30,1,28.000,1,1,3,3,46,1,0,0,46,0,0,46,0,0,0,0,1,1,1,1,1,1,0,0,0,14472,0,0,0,0,0,0,0,0,0
0.904750,174.96,25.991,15.570,267,322,72.000,71,71,18.000,39.000,55.000,187,187,299,160,136,136,136,136,136,136,1,0,0,3,30,1,28.000,1,1,3,3,46,1,0,0,46,0,0,46,0,0,0,0,1,1,1,1,1,1,0,0,0,14476,0,0,0,0,0,0,0,0,0
0.905000,175.07,26.034,15.630,267,322,72.000,71,71,18.000,39.000,55.000,187,187,299,160,136,136,136,136,136,136,1,0,0,3,30,1,28.000,1,1,3,3,46,1,0,0,46,0,0,46,0,0,0,0,1,1,1,1,1,1,0,0,0,14480,0,0,0,0,0,0,0,0,0
0.905250,175.18,26.077,15.630,268,322,72.000,71,71,18.000,39.000,55.000,187,187,299,160,136,136,136,136,136,136,1,0,0,3,30,1,28.000,1,1,3,3,46,1,0,0,46,0,0,46,0,0,0,0,1,1,1,1,1,1,0,0,0,14484,0,0,0,0,0,0,0,0,0
0.905500,175.28,26.119,15.680,268,322,72.000,71,71,18.000,39.000,55.000,188,187,299,160,136,136,136,136,136,136,1,0,0,3,30,1,28.000,1,1,3,3,46,1,0,0,46,0,0,46,0,0,0,0,1,1,1,1,1,1,0,0,0,14488,0,0,0,0,0,0,0,0,0
0.905750,175.39,26.162,15.680,268,322,72.000,71,71,18.000,39.000,55.000,188,187,299,160,136,136,136,136,136,136,1,0,0,3,30,1,28.000,1,1,3,3,46,1,0,0,46,0,0,46,0,0,0,0,1,1,1,1,1,1,0,0,0,14492,0,0,0,0,0,0,0,0,0
0.906000,175.50,26.205,15.740,269,322,72.000,71,71,18.000,39.000,55.000,189,187,299,160,136,136,136,136,136,136,1,0,0,3,30,1,28.000,1,1,3,3,46,1,0,0,46,0,0,46,0,0,0,0,1,1,1,1,1,1,0,0,0,14496,0,0,0,0,0,0,0,0,0
0.906250,175.61,26.247,15.740,269,321,72.000,71,71,18.000,39.000,55.000,189,186,298,160,136,136,136,136,136,136,1,0,0,3,30,1,28.000,1,1,3,3,46,1,0,0,46,0,0,46,0,0,0,0,1,1,1,1,1,1,0,0,0,14500,0,0,0,0,0,0,0,0,0
0.906500,175.72,26.290,15.790,269,321,72.000,71,71,18.000,39.000,55.000,189,186,298,160,136,136,136,136,136,136,1,0,0,3,30,1,28.000,1,1,3,3,46,1,0,0,46,0,0,46,0,0,0,0,1,1,1,1,1,1,0,0,0,14504,0,0,0,0,0,0,0,0,0
0.906750,175.82,26.333,15.790,270,321,72.000,71,71,18.000,39.000,55.000,189,186,298,160,136,136,136,136,136,136,1,0,0,3,30,1,28.000,1,1,3,3,46,1,0,0,46,0,0,46,0,0,0,0,1,1,1,1,1,1,0,0,0,14508,0,0,0,0,0,0,0,0,0
0.907000,175.93,26.376,15.850,270,321,72.000,71,71,18.000,39.000,55.000,190,186,298,160,136,136,136,136,136,136,1,0,0,3,30,1,28.000,1,1,3,3,46,1,0,0,46,0,0,46,0,0,0,0,1,1,1,1,1,1,0,0,0,14512,0,0,0,0,0,0,0,0,0
0.907250,176.04,26.419,15.850,270,321,72.000,71,71,18.000,39.000,55.000,190,186,298,160,136,136,136,136,136,136,1,0,0,3,30,1,28.000,1,1,3,3,46,1,0,0,46,0,0,46,0,0,0,0,1,1,1,1,1,1,0,0,0,14516,0,0,0,0,0,0,0,0,0
0.907500,176.15,26.461,15.850,271,321,72.000,71,71,18.000,39.000,55.000,190,186,298,160,136,136,136,136,136,136,1,0,0,3,30,1,28.000,1,1,3,3,46,1,0,0,46,0,0,46,0,0,0,0,1,1,1,1,1,1,0,0,0,14520,0,0,0,0,0,0,0,0,0
0.907750,176.26,26.504,15.900,271,321,72.000,71,71,18.000,39.000,55.000,191,186,298,160,136,136,136,136,136,136,1,0,0,3,30,1,28.000,1,1,1,1,47,1,0,0,47,0,0,47,0,0,0,0,1,1,1,1,1,1,0,0,0,14524,0,0,0,0,0,0,0,0,0
0.908000,176.36,26.547,15.900,271,321,72.000,71,71,18.000,39.000,55.000,191,186,298,160,136,136,136,136,136,136,1,0,0,3,30,1,28.000,1,1,1,1,47,1,0,0,47,0,0,47,0,0,0,0,1,1,1,1,1,1,0,0,0,14528,0,0,0,0,0,0,0,0,0
0.908250,176.47,26.590,15.950,272,321,72.000,71,71,18.000,39.000,55.000,191,186,298,160,136,136,136,136,136,136,1,0,0,3,30,1,28.000,1,1,1,1,47,1,0,0,47,0,0,47,0,0,0,0,1,1,1,1,1,1,0,0,0,14532,0,0,0,0,0,0,0,0,0
0.908500,176.58,26.633,15.950,272,321,72.000,71,71,18.000,39.000,55.000,191,186,298,160,136,136,136,136,136,136,1,0,0,3,30,1,28.000,1,1,1,1,47,1,0,0,47,0,0,47,0,0,0,0,1,1,1,1,1,1,0,0,0,14536,0,0,0,0,0,0,0,0,0
0.908750,176.69,26.676,16.010,272,321,72.000,71,71,18.000,39.000,55.000,192,186,298,160,136,136,136,136,136,136,1,0,0,3,30,1,28.000,1,1,1,1,47,1,0,0,47,0,0,47,0,0,0,0,1,1,1,1,1,1,0,0,0,14540,0,0,0,0,0,0,0,0,0
0.909000,176.80,26.719,16.010,273,321,72.000,71,71,18.000,39.000,55.000,192,186,298,160,136,136,136,136,136,136,1,0,0,3,30,1,28.000,1,1,1,1,47,1,0,0,47,0,0,47,0,0,0,0,1,1,1,1,1,1,0,0,0,14544,0,0,0,0,0,0,0,0,0
0.909250,176.90,26.762,16.060,273,321,72.000,71,71,18.000,39.000,55.000,193,186,298,160,136,136,136,136,136,136,1,0,0,3,30,1,28.000,1,1,1,1,47,1,0,0,47,0,0,47,0,0,0,0,1,1,1,1,1,1,0,0,0,14548,0,0,0,0,0,0,0,0,0
0.909500,177.01,26.805,16.060,273,321,72.000,71,71,18.000,39.000,55.000,193,186,298,160,136,136,136,136,136,136,1,0,0,3,30,1,28.000,1,1,1,1,47,1,0,0,47,0,0,47,0,0,0,0,1,1,1,1,1,1,0,0,0,14552,0,0,0,0,0,0,0,0,0
0.909750,177.12,26.848,16.120,274,321,72.000,71,71,18.000,39.000,55.000,193,186,298,160,136,136,136,136,136,136,1,0,0,3,30,1,28.000,1,1,1,1,47,1,0,0,47,0,0,47,0,0,0,0,1,1,1,1,1,1,0,0,0,14556,0,0,0,0,0,0,0,0,0
0.910000,177.23,26.891,16.120,274,321,72.000,71,71,18.000,39.000,55.000,193,186,298,160,136,136,136,136,136,136,1,0,0,3,30,1,28.000,1,1,1,1,47,1,0,0,47,0,0,47,0,0,0,0,1,1,1,1,1,1,0,0,0,14560,0,0,0,0,0,0,0,0,0
0.910250,177.34,26.934,16.170,275,321,72.000,71,71,18.000,39.000,55.000,194,186,298,160,136,136,136,136,136,136,1,0,0,3,30,1,28.000,1,1,1,1,47,1,0,0,47,0,0,47,0,0,0,0,1,1,1,1,1,1,0,0,0,14564,0,0,0,0,0,0,0,0,0
0.910500,177.44,26.977,16.170,275,321,72.000,71,71,18.000,39.000,55.000,194,186,298,160,136,136,136,136,136,136,1,0,0,3,30,1,28.000,1,1,1,1,47,1,0,0,47,0,0,47,0,0,0,0,1,1,1,1,1,1,0,0,0,14568,0,0,0,0,0,0,0,0,0
0.910750,177.55,27.020,16.230,275,321,72.000,71,71,18.000,39.000,55.000,195,186,298,160,136,136,136,136,136,136,1,0,0,3,30,1,28.000,1,1,1,1,47,1,0,0,47,0,0,47,0,0,0,0,1,1,1,1,1,1,0,0,0,14572,0,0,0,0,0,0,0,0,0
0.911000,177.66,27.063,16.230,276,321,72.000,71,71,18.000,39.000,55.000,195,186,298,160,136,136,136,136,136,136,1,0,0,3,30,1,28.000,1,1,1,1,47,1,0,0,47,0,0,47,0,0,0,0,1,1,1,1,1,1,0,0,0,14576,0,0,0,0,0,0,0,0,0
0.911250,177.77,27.107,16.280,276,321,72.000,71,71,18.000,39.000,55.000,195,186,298,160,136,136,136,136,136,136,1,0,0,3,30,1,28.000,1,1,1,1,47,1,0,0,47,0,0,47,0,0,0,0,1,1,1,1,1,1,0,0,0,14580,0,0,0,0,0,0,0,0,0
0.911500,177.88,27.150,16.280,276,321,72.000,71,71,18.000,39.000,55.000,195,186,298,160,136,136,136,136,136,136,1,0,0,3,30,1,28.000,1,1,1,1,47,1,0,0,47,0,0,47,0,0,0,0,1,1,1,1,1,1,0,0,0,14584,0,0,0,0,0,0,0,0,0
0.911750,177.98,27.193,16.330,277,320,72.000,71,71,18.000,39.000,55.000,196,185,297,160,135,135,135,135,135,135,1,0,0,3,30,1,28.000,1,1,1,1,47,1,0,0,47,0,0,47,0,0,0,0,1,1,1,1,1,1,0,0,0,14588,0,0,0,0,0,0,0,0,0
0.912000,178.09,27.236,16.330,277,320,72.000,71,71,18.000,39.000,55.000,196,185,297,160,135,135,135,135,135,135,1,0,0,3,30,1,28.000,1,1,1,1,47,1,0,0,47,0,0,47,0,0,0,0,1,1,1,1,1,1,0,0,0,14592,0,0,0,0,0,0,0,0,0
0.912250,178.20,27.279,16.330,277,320,72.000,71,71,18.000,39.000,55.000,196,185,297,160,135,135,135,135,135,135,1,0,0,3,30,1,28.000,1,1,1,1,47,1,0,0,47,0,0,47,0,0,0,0,1,1,1,1,1,1,0,0,0,14596,0,0,0,0,0,0,0,0,0
0.912500,178.31,27.322,16.390,278,320,72.000,71,71,18.000,39.000,55.000,197,185,297,160,135,135,135,135,135,135,1,0,0,3,30,1,28.000,1,1,1,1,47,1,0,0,47,0,0,47,0,0,0,0,1,1,1,1,1,1,0,0,0,14600,0,0,0,0,0,0,0,0,0
0.912750,178.42,27.366,16.390,278,320,72.000,71,71,18.000,39.000,55.000,197,185,297,160,135,135,135,135,135,135,1,0,0,3,30,1,28.000,1,1,1,1,47,1,0,0,47,0,0,47,0,0,0,0,1,1,1,1,1,1,0,0,0,14604,0,0,0,0,0,0,0,0,0
0.913000,178.52,27.409,16.440,278,320,72.000,71,71,18.000,39.000,55.000,197,185,297,160,135,135,135,135,135,135,1,0,0,3,30,1,28.000,1,1,1,1,47,1,0,0,47,0,0,47,0,0,0,0,1,1,1,1,1,1,0,0,0,14608,0,0,0,0,0,0,0,0,0
0.913250,178.63,27.452,16.440,279,320,72.000,71,71,18.000,39.000,55.000,197,185,297,160,135,135,135,135,135,135,1,0,0,3,30,1,28.000,1,1,1,1,47,1,0,0,47,0,0,47,0,0,0,0,1,1,1,1,1,1,0,0,0,14612,0,0,0,0,0,0,0,0,0
0.913500,178.74,27.495,16.500,279,320,72.000,71,71,18.000,39.000,55.000,198,185,297,160,135,135,135,135,135,135,1,0,0,3,30,1,28.000,1,1,1,1,47,1,0,0,47,0,0,47,0,0,0,0,1,1,1,1,1,1,0,0,0,14616,0,0,0,0,0,0,0,0,0
0.913750,178.85,27.538,16.500,279,320,72.000,71,71,18.000,39.000,55.000,198,185,297,160,135,135,135,135,135,135,1,0,0,3,30,1,28.000,1,1,1,1,47,1,0,0,47,0,0,47,0,0,0,0,1,1,1,1,1,1,0,0,0,14620,0,0,0,0,0,0,0,0,0
0.914000,178.96,27.582,16.550,280,320,72.000,71,71,18.000,39.000,55.000,199,185,297,160,135,135,135,135,135,135,1,0,0,3,30,1,28.000,1,1,1,1,47,1,0,0,47,0,0,47,0,0,0,0,1,1,1,1,1,1,0,0,0,14624,0,0,0,0,0,0,0,0,0
0.914250,179.06,27.625,16.550,280,320,72.000,71,71,18.000,39.000,55.000,199,185,297,160,135,135,135,135,135,135,1,0,0,3,30,1,28.000,1,1,1,1,47,1,0,0,47,0,0,47,0,0,0,0,1,1,1,1,1,1,0,0,0,14628,0,0,0,0,0,0,0,0,0
0.914500,179.17,27.668,16.610,280,320,72.000,71,71,18.000,39.000,55.000,199,185,297,160,135,135,135,135,135,135,1,0,0,3,30,1,28.000,1,1,1,1,47,1,0,0,47,0,0,47,0,0,0,0,1,1,1,1,1,1,0,0,0,14632,0,0,0,0,0,0,0,0,0
0.914750,179.28,27.712,16.610,281,320,72.000,71,71,18.000,39.000,55.000,199,185,297,160,135,135,135,135,135,135,1,0,0,3,30,1,28.000,1,1,1,1,47,1,0,0,47,0,0,47,0,0,0,0,1,1,1,1,1,1,0,0,0,14636,0,0,0,0,0,0,0,0,0
0.915000,179.39,27.755,16.660,281,320,72.000,71,71,18.000,39.000,55.000,200,185,297,160,135,135,135,135,135,135,1,0,0,3,30,1,28.000,1,1,1,1,47,1,0,0,47,0,0,47,0,0,0,0,1,1,1,1,1,1,0,0,0,14640,0,0,0,0,0,0,0,0,0
0.915250,179.50,27.798,16.660,282,320,72.000,71,71,18.000,39.000,55.000,200,185,297,160,135,135,135,135,135,135,1,0,0,3,30,1,28.000,1,1,1,1,47,1,0,0,47,0,0,47,0,0,0,0,1,1,1,1,1,1,0,0,0,14644,0,0,0,0,0,0,0,0,0
0.915500,179.60,27.841,16.720,282,320,72.000,71,71,18.000,39.000,55.000,201,185,297,160,135,135,135,135,135,135,1,0,0,3,30,1,28.000,1,1,1,1,47,1,0,0,47,0,0,47,0,0,0,0,1,1,1,1,1,1,0,0,0,14648,0,0,0,0,0,0,0,0,0
0.915750,179.71,27.885,16.720,282,320,72.000,71,71,18.000,39.000,55.000,201,185,297,160,135,135,135,135,135,135,1,0,0,3,30,1,28.000,1,1,1,1,47,1,0,0,47,0,0,47,0,0,0,0,1,1,1,1,1,1,0,0,0,14652,0,0,0,0,0,0,0,0,0
0.916000,179.82,27.928,16.770,283,320,72.000,71,71,18.000,39.000,55.000,201,185,297,160,135,135,135,135,135,135,1,0,0,3,30,1,28.000,1,1,1,1,47,1,0,0,47,0,0,47,0,0,0,0,1,1,1,1,1,1,0,0,0,14656,0,0,0,0,0,0,0,0,0
0.916250,179.93,27.971,16.770,283,320,72.000,71,71,18.000,39.000,55.000,201,185,297,160,135,135,135,135,135,135,1,0,0,3,30,1,28.000,1,1,1,1,47,1,0,0,47,0,0,47,0,0,0,0,1,1,1,1,1,1,0,0,0,14660,0,0,0,0,0,0,0,0,0
0.916500,180.04,28.014,16.820,283,320,72.000,71,71,18.000,39.000,55.000,202,185,297,160,135,135,135,135,135,135,1,0,0,3,30,1,28.000,1,1,0,0,48,1,0,0,48,0,0,48,0,0,0,0,1,1,1,1,1,1,0,0,0,14664,0,0,0,0,0,0,0,0,0
0.916750,180.14,28.058,16.820,284,320,72.000,71,71,18.000,39.000,55.000,202,185,297,160,135,135,135,135,135,135,1,0,0,3,30,1,28.000,1,1,0,0,48,1,0,0,48,0,0,48,0,0,0,0,1,1,1,1,1,1,0,0,0,14668,0,0,0,0,0,0,0,0,0
0.917000,180.25,28.101,16.880,284,320,72.000,71,71,18.000,39.000,55.000,203,185,297,160,135,135,135,135,135,135,1,0,0,3,30,1,28.000,1,1,0,0,48,1,0,0,48,0,0,48,0,0,0,0,1,1,1,1,1,1,0,0,0,14672,0,0,0,0,0,0,0,0,0
0.917250,180.36,28.144,16.880,285,320,72.000,71,71,18.000,39.000,55.000,203,185,297,160,135,135,135,135,135,135,1,0,0,3,30,1,28.000,1,1,0,0,48,1,0,0,48,0,0,48,0,0,0,0,1,1,1,1,1,1,0,0,0,14676,0,0,0,0,0,0,0,0,0
0.917500,180.47,28.188,16.930,285,320,72.000,71,71,18.000,39.000,55.000,203,185,297,160,135,135,135,135,135,135,1,0,0,3,30,1,28.000,1,1,0,0,48,1,0,0,48,0,0,48,0,0,0,0,1,1,1,1,1,1,0,0,0,14680,0,0,0,0,0,0,0,0,0
0.917750,180.58,28.231,16.930,285,320,72.000,71,71,18.000,39.000,55.000,203,185,297,160,135,135,135,135,135,135,1,0,0,3,30,1,28.000,1,1,0,0,48,1,0,0,48,0,0,48,0,0,0,0,1,1,1,1,1,1,0,0,0,14684,0,0,0,0,0,0,0,0,0
0.918000,180.68,28.274,16.930,286,320,72.000,71,71,18.000,39.000,55.000,203,185,297,160,135,135,135,135,135,135,1,0,0,3,30,1,28.000,1,1,0,0,48,1,0,0,48,0,0,48,0,0,0,0,1,1,1,1,1,1,0,0,0,14688,0,0,0,0,0,0,0,0,0
0.918250,180.79,28.317,16.990,286,320,72.000,71,71,18.000,39.000,55.000,204,185,297,160,135,135,135,135,135,135,1,0,0,3,30,1,28.000,1,1,0,0,48,1,0,0,48,0,0,48,0,0,0,0,1,1,1,1,1,1,0,0,0,14692,0,0,0,0,0,0,0,0,0
0.918500,180.90,28.361,16.990,286,319,72.000,71,71,18.000,39.000,55.000,204,185,296,160,135,135,135,135,135,135,1,0,0,3,30,1,28.000,1,1,0,0,48,1,0,0,48,0,0,48,0,0,0,0,1,1,1,1,1,1,0,0,0,14696,0,0,0,0,0,0,0,0,0
0.918750,181.01,28.404,17.040,287,319,72.000,71,71,18.000,39.000,55.000,204,185,296,160,135,135,135,135,135,135,1,0,0,3,30,1,28.000,1,1,0,0,48,1,0,0,48,0,0,48,0,0,0,0,1,1,1,1,1,1,0,0,0,14700,0,0,0,0,0,0,0,0,0
0.919000,181.12,28.447,17.040,287,319,72.000,71,71,18.000,39.000,55.000,204,185,296,160,135,135,135,135,135,135,1,0,0,3,30,1,28.000,1,1,0,0,48,1,0,0,48,0,0,48,0,0,0,0,1,1,1,1,1,1,0,0,0,14704,0,0,0,0,0,0,0,0,0
0.919250,181.22,28.490,17.100,287,319,72.000,71,71,18.000,39.000,55.000,205,185,296,160,135,135,135,135,135,135,1,0,0,3,30,1,28.000,1,1,0,0,48,1,0,0,48,0,0,48,0,0,0,0,1,1,1,1,1,1,0,0,0,14708,0,0,0,0,0,0,0,0,0
0.919500,181.33,28.534,17.100,288,319,72.000,71,71,18.000,39.000,55.000,205,185,296,160,135,135,135,135,135,135,1,0,0,3,30,1,28.000,1,1,0,0,48,1,0,0,48,0,0,48,0,0,0,0,1,1,1,1,1,1,0,0,0,14712,0,0,0,0,0,0,0,0,0
0.919750,181.44,28.577,17.150,288,319,72.000,71,71,18.000,39.000,55.000,206,185,296,160,135,135,135,135,135,135,1,0,0,3,30,1,28.000,1,1,0,0,48,1,0,0,48,0,0,48,0,0,0,0,1,1,1,1,1,1,0,0,0,14716,0,0,0,0,0,0,0,0,0
0.920000,181.55,28.620,17.150,289,319,72.000,71,71,18.000,39.000,55.000,206,185,296,160,135,135,135,135,135,135,1,0,0,3,30,1,28.000,1,1,0,0,48,1,0,0,48,0,0,48,0,0,0,0,1,1,1,1,1,1,0,0,0,14720,0,0,0,0,0,0,0,0,0
0.920250,181.66,28.663,17.210,289,319,72.000,71,71,18.000,39.000,55.000,206,185,296,160,135,135,135,135,135,135,1,0,0,3,30,1,28.000,1,1,0,0,48,1,0,0,48,0,0,48,0,0,0,0,1,1,1,1,1,1,0,0,0,14724,0,0,0,0,0,0,0,0,0
0.920500,181.76,28.706,17.210,289,319,72.000,71,71,18.000,39.000,55.000,206,185,296,160,135,135,135,135,135,135,1,0,0,3,30,1,28.000,1,1,0,0,48,1,0,0,48,0,0,48,0,0,0,0,1,1,1,1,1,1,0,0,0,14728,0,0,0,0,0,0,0,0,0
0.920750,181.87,28.750,17.260,290,319,72.000,71,71,18.000,39.000,55.000,207,185,296,160,135,135,135,135,135,135,1,0,0,3,30,1,28.000,1,1,0,0,48,1,0,0,48,0,0,48,0,0,0,0,1,1,1,1,1,1,0,0,0,14732,0,0,0,0,0,0,0,0,0
0.921000,181.98,28.793,17.260,290,319,72.000,71,71,18.000,39.000,55.000,207,185,296,160,135,135,135,135,135,135,1,0,0,3,30,1,28.000,1,1,0,0,48,1,0,0,48,0,0,48,0,0,0,0,1,1,1,1,1,1,0,0,0,14736,0,0,0,0,0,0,0,0,0
0.921250,182.09,28.836,17.310,291,319,72.000,71,71,18.000,39.000,55.000,208,185,296,160,135,135,135,135,135,135,1,0,0,3,30,1,28.000,1,1,0,0,48,1,0,0,48,0,0,48,0,0,0,0,1,1,1,1,1,1,0,0,0,14740,0,0,0,0,0,0,0,0,0
0.921500,182.20,28.879,17.310,291,319,72.000,71,71,18.000,39.000,55.000,208,185,296,160,135,135,135,135,135,135,1,0,0,3,30,1,28.000,1,1,0,0,48,1,0,0,48,0,0,48,0,0,0,0,1,1,1,1,1,1,0,0,0,14744,0,0,0,0,0,0,0,0,0
0.921750,182.30,28.922,17.370,291,319,72.000,71,71,18.000,39.000,55.000,208,185,296,160,135,135,135,135,135,135,1,0,0,3,30,1,28.000,1,1,0,0,48,1,0,0,48,0,0,48,0,0,0,0,1,1,1,1,1,1,0,0,0,14748,0,0,0,0,0,0,0,0,0
0.922000,182.41,28.965,17.370,292,319,72.000,71,71,18.000,39.000,55.000,208,185,296,160,135,135,135,135,135,135,1,0,0,3,30,1,28.000,1,1,0,0,48,1,0,0,48,0,0,48,0,0,0,0,1,1,1,1,1,1,0,0,0,14752,0,0,0,0,0,0,0,0,0
0.922250,182.52,29.008,17.420,292,319,72.000,71,71,18.000,39.000,55.000,209,185,296,160,135,135,135,135,135,135,1,0,0,3,30,1,28.000,1,1,0,0,48,1,0,0,48,0,0,48,0,0,0,0,1,1,1,1,1,1,0,0,0,14756,0,0,0,0,0,0,0,0,0
0.922500,182.63,29.052,17.420,292,319,72.000,71,71,18.000,39.000,55.000,209,185,296,160,135,135,135,135,135,135,1,0,0,3,30,1,28.000,1,1,0,0,48,1,0,0,48,0,0,48,0,0,0,0,1,1,1,1,1,1,0,0,0,14760,0,0,0,0,0,0,0,0,0
0.922750,182.74,29.095,17.480,293,319,72.000,71,71,18.000,39.000,55.000,210,185,296,160,135,135,135,135,135,135,1,0,0,3,30,1,28.000,1,1,0,0,48,1,0,0,48,0,0,48,0,0,0,0,1,1,1,1,1,1,0,0,0,14764,0,0,0,0,0,0,0,0,0
0.923000,182.84,29.138,17.480,293,319,72.000,71,71,18.000,39.000,55.000,210,185,296,160,135,135,135,135,135,135,1,0,0,3,30,1,28.000,1,1,0,0,48,1,0,0,48,0,0,48,0,0,0,0,1,1,1,1,1,1,0,0,0,14768,0,0,0,0,0,0,0,0,0
0.923250,182.95,29.181,17.480,294,319,72.000,71,71,18.000,39.000,55.000,210,185,296,160,135,135,135,135,135,135,1,0,0,3,30,1,28.000,1,1,0,0,48,1,0,0,48,0,0,48,0,0,0,0,1,1,1,1,1,1,0,0,0,14772,0,0,0,0,0,0,0,0,0
0.923500,183.06,29.224,17.530,294,319,72.000,71,71,18.000,39.000,55.000,210,185,296,160,135,135,135,135,135,135,1,0,0,3,30,1,28.000,1,1,0,0,48,1,0,0,48,0,0,48,0,0,0,0,1,1,1,1,1,1,0,0,0,14776,0,0,0,0,0,0,0,0,0
0.923750,183.17,29.267,17.590,294,319,72.000,71,71,18.000,39.000,55.000,211,185,296,160,135,135,135,135,135,135,1,0,0,3,30,1,28.000,1,1,0,0,48,1,0,0,48,0,0,48,0,0,0,0,1,1,1,1,1,1,0,0,0,14780,0,0,0,0,0,0,0,0,0
0.924000,183.28,29.310,17.590,295,319,72.000,71,71,18.000,39.000,55.000,211,185,296,160,135,135,135,135,135,135,1,0,0,3,30,1,28.000,1,1,0,0,48,1,0,0,48,0,0,48,0,0,0,0,1,1,1,1,1,1,0,0,0,14784,0,0,0,0,0,0,0,0,0
0.924250,183.38,29.353,17.590,295,319,72.000,71,71,18.000,39.000,55.000,211,185,296,160,135,135,135,135,135,135,1,0,0,3,30,1,28.000,1,1,0,0,48,1,0,0,48,0,0,48,0,0,0,0,1,1,1,1,1,1,0,0,0,14788,0,0,0,0,0,0,0,0,0
0.924500,183.49,29.396,17.640,296,319,72.000,71,71,18.000,39.000,55.000,212,185,296,160,135,135,135,135,135,135,1,0,0,3,30,1,28.000,1,1,0,0,48,1,0,0,48,0,0,48,0,0,0,0,1,1,1,1,1,1,0,0,0,14792,0,0,0,0,0,0,0,0,0
0.924750,183.60,29.439,17.640,296,319,72.000,71,71,18.000,39.000,55.000,212,185,296,160,135,135,135,135,135,135,1,0,0,3,30,1,28.000,1,1,0,0,48,1,0,0,48,0,0,48,0,0,0,0,1,1,1,1,1,1,0,0,0,14796,0,0,0,0,0,0,0,0,0
0.925000,183.71,29.481,17.690,296,319,72.000,71,71,18.000,39.000,55.000,212,185,296,160,135,135,135,135,135,135,1,0,0,3,30,1,28.000,1,1,0,0,48,1,0,0,48,0,0,48,0,0,0,0,1,1,1,1,1,1,0,0,0,14800,0,0,0,0,0,0,0,0,0
0.925250,183.82,29.524,17.690,297,319,72.000,71,71,18.000,39.000,55.000,212,185,296,160,135,135,135,135,135,135,1,0,0,3,30,1,28.000,1,1,2,2,49,1,0,0,49,0,0,49,0,0,0,0,1,1,1,1,1,1,0,0,0,14804,0,0,0,0,0,0,0,0,0
0.925500,183.92,29.567,17.750,297,319,72.000,71,71,18.000,39.000,55.000,213,185,296,160,135,135,135,135,135,135,1,0,0,3,30,1,28.000,1,1,2,2,49,1,0,0,49,0,0,49,0,0,0,0,1,1,1,1,1,1,0,0,0,14808,0,0,0,0,0,0,0,0,0
0.925750,184.03,29.610,17.750,297,319,72.000,71,71,18.000,39.000,55.000,213,185,296,160,135,135,135,135,135,135,1,0,0,3,30,1,28.000,1,1,2,2,49,1,0,0,49,0,0,49,0,0,0,0,1,1,1,1,1,1,0,0,0,14812,0,0,0,0,0,0,0,0,0
0.926000,184.14,29.653,17.800,298,319,72.000,71,71,18.000,39.000,55.000,214,185,296,160,135,135,135,135,135,135,1,0,0,3,30,1,28.000,1,1,2,2,49,1,0,0,49,0,0,49,0,0,0,0,1,1,1,1,1,1,0,0,0,14816,0,0,0,0,0,0,0,0,0
0.926250,184.25,29.696,17.800,298,319,72.000,71,71,18.000,39.000,55.000,214,185,296,160,135,135,135,135,135,135,1,0,0,3,30,1,28.000,1,1,2,2,49,1,0,0,49,0,0,49,0,0,0,0,1,1,1,1,1,1,0,0,0,14820,0,0,0,0,0,0,0,0,0
0.926500,184.36,29.738,17.860,299,319,72.000,71,71,18.000,39.000,55.000,214,185,296,160,135,135,135,135,135,135,1,0,0,3,30,1,28.000,1,1,2,2,49,1,0,0,49,0,0,49,0,0,0,0,1,1,1,1,1,1,0,0,0,14824,0,0,0,0,0,0,0,0,0
0.926750,184.46,29.781,17.860,299,319,72.000,71,71,18.000,39.000,55.000,214,185,296,160,135,135,135,135,135,135,1,0,0,3,30,1,28.000,1,1,2,2,49,1,0,0,49,0,0,49,0,0,0,0,1,1,1,1,1,1,0,0,0,14828,0,0,0,0,0,0,0,0,0
0.927000,184.57,29.824,17.910,299,319,72.000,71,71,18.000,39.000,55.000,215,185,296,160,135,135,135,135,135,135,1,0,0,3,30,1,28.000,1,1,2,2,49,1,0,0,49,0,0,49,0,0,0,0,1,1,1,1,1,1,0,0,0,14832,0,0,0,0,0,0,0,0,0
0.927250,184.68,29.866,17.910,300,319,72.000,71,71,18.000,39.000,55.000,215,185,296,160,135,135,135,135,135,135,1,0,0,3,30,1,28.000,1,1,2,2,49,1,0,0,49,0,0,49,0,0,0,0,1,1,1,1,1,1,0,0,0,14836,0,0,0,0,0,0,0,0,0
0.927500,184.79,29.909,17.970,300,319,72.000,71,71,18.000,39.000,55.000,216,185,296,160,135,135,135,135,135,135,1,0,0,3,30,1,28.000,1,1,2,2,49,1,0,0,49,0,0,49,0,0,0,0,1,1,1,1,1,1,0,0,0,14840,0,0,0,0,0,0,0,0,0
0.927750,184.90,29.952,17.970,301,319,72.000,71,71,18.000,39.000,55.000,216,185,296,160,135,135,135,135,135,135,1,0,0,3,30,1,28.000,1,1,2,2,49,1,0,0,49,0,0,49,0,0,0,0,1,1,1,1,1,1,0,0,0,14844,0,0,0,0,0,0,0,0,0
0.928000,185.00,29.994,17.970,301,319,72.000,71,71,18.000,39.000,55.000,216,185,296,160,135,135,135,135,135,135,1,0,0,3,30,1,28.000,1,1,2,2,49,1,0,0,49,0,0,49,0,0,0,0,1,1,1,1,1,1,0,0,0,14848,0,0,0,0,0,0,0,0,0
0.928250,185.11,30.037,18.020,301,319,72.000,71,71,18.000,39.000,55.000,216,185,296,160,135,135,135,135,135,135,1,0,0,3,30,1,28.000,1,1,2,2,49,1,0,0,49,0,0,49,0,0,0,0,1,1,1,1,1,1,0,0,0,14852,0,0,0,0,0,0,0,0,0
0.928500,185.22,30.079,18.020,302,319,72.000,71,71,18.000,39.000,55.000,216,185,296,160,135,135,135,135,135,135,1,0,0,3,30,1,28.000,1,1,2,2,49,1,0,0,49,0,0,49,0,0,0,0,1,1,1,1,1,1,0,0,0,14856,0,0,0,0,0,0,0,0,0
0.928750,185.33,30.122,18.080,302,319,72.000,71,71,18.000,39.000,55.000,217,185,296,160,135,135,135,135,135,135,1,0,0,3,30,1,28.000,1,1,2,2,49,1,0,0,49,0,0,49,0,0,0,0,1,1,1,1,1,1,0,0,0,14860,0,0,0,0,0,0,0,0,0
0.929000,185.44,30.164,18.080,303,319,72.000,71,71,18.000,39.000,55.000,217,185,296,160,135,135,135,135,135,135,1,0,0,3,30,1,28.000,1,1,2,2,49,1,0,0,49,0,0,49,0,0,0,0,1,1,1,1,1,1,0,0,0,14864,0,0,0,0,0,0,0,0,0
0.929250,185.54,30.207,18.130,303,319,72.000,71,71,18.000,39.000,55.000,218,185,296,160,135,135,135,135,135,135,1,0,0,3,30,1,28.000,1,1,2,2,49,1,0,0,49,0,0,49,0,0,0,0,1,1,1,1,1,1,0,0,0,14868,0,0,0,0,0,0,0,0,0
0.929500,185.65,30.249,18.130,303,319,72.000,71,71,18.000,39.000,55.000,218,185,296,160,135,135,135,135,135,135,1,0,0,3,30,1,28.000,1,1,2,2,49,1,0,0,49,0,0,49,0,0,0,0,1,1,1,1,1,1,0,0,0,14872,0,0,0,0,0,0,0,0,0
0.929750,185.76,30.292,18.180,304,319,72.000,71,71,18.000,39.000,55.000,218,185,296,160,135,135,135,135,135,135,1,0,0,3,30,1,28.000,1,1,2,2,49,1,0,0,49,0,0,49,0,0,0,0,1,1,1,1,1,1,0,0,0,14876,0,0,0,0,0,0,0,0,0
0.930000,185.87,30.334,18.180,304,318,72.000,71,71,18.000,39.000,55.000,218,184,295,160,134,134,134,134,134,134,1,0,0,3,30,1,28.000,1,1,2,2,49,1,0,0,49,0,0,49,0,0,0,0,1,1,1,1,1,1,0,0,0,14880,0,0,0,0,0,0,0,0,0
0.930250,185.98,30.376,18.240,305,318,72.000,71,71,18.000,39.000,55.000,219,184,295,160,134,134,134,134,134,134,1,0,0,3,30,1,28.000,1,1,2,2,49,1,0,0,49,0,0,49,0,0,0,0,1,1,1,1,1,1,0,0,0,14884,0,0,0,0,0,0,0,0,0
0.930500,186.08,30.418,18.240,305,318,72.000,71,71,18.000,39.000,55.000,219,184,295,160,134,134,134,134,134,134,1,0,0,3,30,1,28.000,1,1,2,2,49,1,0,0,49,0,0,49,0,0,0,0,1,1,1,1,1,1,0,0,0,14888,0,0,0,0,0,0,0,0,0
0.930750,186.19,30.461,18.290,305,318,72.000,71,71,18.000,39.000,55.000,219,184,295,160,134,134,134,134,134,134,1,0,0,3,30,1,28.000,1,1,2,2,49,1,0,0,49,0,0,49,0,0,0,0,1,1,1,1,1,1,0,0,0,14892,0,0,0,0,0,0,0,0,0
0.931000,186.30,30.503,18.290,306,318,72.000,71,71,18.000,39.000,55.000,219,184,295,160,134,134,134,134,134,134,1,0,0,3,30,1,28.000,1,1,2,2,49,1,0,0,49,0,0,49,0,0,0,0,1,1,1,1,1,1,0,0,0,14896,0,0,0,0,0,0,0,0,0
0.931250,186.41,30.545,18.290,306,318,72.000,71,71,18.000,39.000,55.000,219,184,295,160,134,134,134,134,134,134,1,0,0,3,30,1,28.000,1,1,2,2,49,1,0,0,49,0,0,49,0,0,0,0,1,1,1,1,1,1,0,0,0,14900,0,0,0,0,0,0,0,0,0
0.931500,186.52,30.587,18.350,307,318,72.000,71,71,18.000,39.000,55.000,220,184,295,160,134,134,134,134,134,134,1,0,0,3,30,1,28.000,1,1,2,2,49,1,0,0,49,0,0,49,0,0,0,0,1,1,1,1,1,1,0,0,0,14904,0,0,0,0,0,0,0,0,0
0.931750,186.62,30.629,18.350,307,318,72.000,71,71,18.000,39.000,55.000,220,184,295,160,134,134,134,134,134,134,1,0,0,3,30,1,28.000,1,1,2,2,49,1,0,0,49,0,0,49,0,0,0,0,1,1,1,1,1,1,0,0,0,14908,0,0,0,0,0,0,0,0,0
0.932000,186.73,30.671,18.400,307,318,72.000,71,71,18.000,39.000,55.000,221,184,295,160,134,134,134,134,134,134,1,0,0,3,30,1,28.000,1,1,2,2,49,1,0,0,49,0,0,49,0,0,0,0,1,1,1,1,1,1,0,0,0,14912,0,0,0,0,0,0,0,0,0
0.932250,186.84,30.713,18.400,308,318,72.000,71,71,18.000,39.000,55.000,221,184,295,160,134,134,134,134,134,134,1,0,0,3,30,1,28.000,1,1,2,2,49,1,0,0,49,0,0,49,0,0,0,0,1,1,1,1,1,1,0,0,0,14916,0,0,0,0,0,0,0,0,0
0.932500,186.95,30.755,18.460,308,318,72.000,71,71,18.000,39.000,55.000,222,184,295,160,134,134,134,134,134,134,1,0,0,3,30,1,28.000,1,1,2,2,49,1,0,0,49,0,0,49,0,0,0,0,1,1,1,1,1,1,0,0,0,14920,0,0,0,0,0,0,0,0,0
0.932750,187.06,30.797,18.460,309,318,72.000,71,71,18.000,39.000,55.000,222,184,295,160,134,134,134,134,134,134,1,0,0,3,30,1,28.000,1,1,2,2,49,1,0,0,49,0,0,49,0,0,0,0,1,1,1,1,1,1,0,0,0,14924,0,0,0,0,0,0,0,0,0
0.933000,187.16,30.839,18.510,309,318,72.000,71,71,18.000,39.000,55.000,222,184,295,160,134,134,134,134,134,134,1,0,0,3,30,1,28.000,1,1,2,2,49,1,0,0,49,0,0,49,0,0,0,0,1,1,1,1,1,1,0,0,0,14928,0,0,0,0,0,0,0,0,0
0.933250,187.27,30.881,18.510,309,318,72.000,71,71,18.000,39.000,55.000,222,184,295,160,134,134,134,134,134,134,1,0,0,3,30,1,28.000,1,1,2,2,49,1,0,0,49,0,0,49,0,0,0,0,1,1,1,1,1,1,0,0,0,14932,0,0,0,0,0,0,0,0,0
0.933500,187.38,30.922,18.560,310,318,72.000,71,71,18.000,39.000,55.000,223,184,295,160,134,134,134,134,134,134,1,0,0,3,30,1,28.000,1,1,2,2,49,1,0,0,49,0,0,49,0,0,0,0,1,1,1,1,1,1,0,0,0,14936,0,0,0,0,0,0,0,0,0
0.933750,187.49,30.964,18.560,310,318,72.000,71,71,18.000,39.000,55.000,223,184,295,160,134,134,134,134,134,134,1,0,0,3,30,1,28.000,1,1,2,2,49,1,0,0,49,0,0,49,0,0,0,0,1,1,1,1,1,1,0,0,0,14940,0,0,0,0,0,0,0,0,0
0.934000,187.60,31.006,18.620,311,318,72.000,71,71,18.000,39.000,55.000,223,184,295,160,134,134,134,134,134,134,1,0,0,3,30,1,28.000,1,1,3,3,50,1,0,0,50,0,0,50,0,0,0,0,1,1,1,1,1,1,0,0,0,14944,0,0,0,0,0,0,0,0,0
0.934250,187.70,31.047,18.620,311,318,72.000,71,71,18.000,39.000,55.000,223,184,295,160,134,134,134,134,134,134,1,0,0,3,30,1,28.000,1,1,3,3,50,1,0,0,50,0,0,50,0,0,0,0,1,1,1,1,1,1,0,0,0,14948,0,0,0,0,0,0,0,0,0
0.934500,187.81,31.089,18.670,312,318,72.000,71,71,18.000,39.000,55.000,224,184,295,160,134,134,134,134,134,134,1,0,0,3,30,1,28.000,1,1,3,3,50,1,0,0,50,0,0,50,0,0,0,0,1,1,1,1,1,1,0,0,0,14952,0,0,0,0,0,0,0,0,0
0.934750,187.92,31.131,18.670,312,318,72.000,71,71,18.000,39.000,55.000,224,184,295,160,134,134,134,134,134,134,1,0,0,3,30,1,28.000,1,1,3,3,50,1,0,0,50,0,0,50,0,0,0,0,1,1,1,1,1,1,0,0,0,14956,0,0,0,0,0,0,0,0,0
0.935000,188.03,31.172,18.670,312,318,72.000,71,71,18.000,39.000,55.000,224,184,295,160,134,134,134,134,134,134,1,0,0,3,30,1,28.000,1,1,3,3,50,1,0,0,50,0,0,50,0,0,0,0,1,1,1,1,1,1,0,0,0,14960,0,0,0,0,0,0,0,0,0
0.935250,188.14,31.213,18.730,313,318,72.000,71,71,18.000,39.000,55.000,225,184,295,160,134,134,134,134,134,134,1,0,0,3,30,1,28.000,1,1,3,3,50,1,0,0,50,0,0,50,0,0,0,0,1,1,1,1,1,1,0,0,0,14964,0,0,0,0,0,0,0,0,0
0.935500,188.24,31.255,18.730,313,318,72.000,71,71,18.000,39.000,55.000,225,184,295,160,134,134,134,134,134,134,1,0,0,3,30,1,28.000,1,1,3,3,50,1,0,0,50,0,0,50,0,0,0,0,1,1,1,1,1,1,0,0,0,14968,0,0,0,0,0,0,0,0,0
0.935750,188.35,31.296,18.780,314,318,72.000,71,71,18.000,39.000,55.000,225,184,295,160,134,134,134,134,134,134,1,0,0,3,30,1,28.000,1,1,3,3,50,1,0,0,50,0,0,50,0,0,0,0,1,1,1,1,1,1,0,0,0,14972,0,0,0,0,0,0,0,0,0
0.936000,188.46,31.338,18.780,314,318,72.000,71,71,18.000,39.000,55.000,225,184,295,160,134,134,134,134,134,134,1,0,0,3,30,1,28.000,1,1,3,3,50,1,0,0,50,0,0,50,0,0,0,0,1,1,1,1,1,1,0,0,0,14976,0,0,0,0,0,0,0,0,0
0.936250,188.57,31.379,18.840,314,318,72.000,71,71,18.000,39.000,55.000,226,184,295,160,134,134,134,134,134,134,1,0,0,3,30,1,28.000,1,1,3,3,50,1,0,0,50,0,0,50,0,0,0,0,1,1,1,1,1,1,0,0,0,14980,0,0,0,0,0,0,0,0,0
0.936500,188.68,31.420,18.840,315,318,72.000,71,71,18.000,39.000,55.000,226,184,295,160,134,134,134,134,134,134,1,0,0,3,30,1,28.000,1,1,3,3,50,1,0,0,50,0,0,50,0,0,0,0,1,1,1,1,1,1,0,0,0,14984,0,0,0,0,0,0,0,0,0
0.936750,188.78,31.461,18.890,315,318,72.000,71,71,18.000,39.000,55.000,227,184,295,160,134,134,134,134,134,134,1,0,0,3,30,1,28.000,1,1,3,3,50,1,0,0,50,0,0,50,0,0,0,0,1,1,1,1,1,1,0,0,0,14988,0,0,0,0,0,0,0,0,0
0.937000,188.89,31.502,18.890,316,318,72.000,71,71,18.000,39.000,55.000,227,184,295,160,134,134,134,134,134,134,1,0,0,3,30,1,28.000,1,1,3,3,50,1,0,0,50,0,0,50,0,0,0,0,1,1,1,1,1,1,0,0,0,14992,0,0,0,0,0,0,0,0,0
0.937250,189.00,31.543,18.950,316,318,72.000,71,71,18.000,39.000,55.000,227,184,295,160,134,134,134,134,134,134,1,0,0,3,30,1,28.000,1,1,3,3,50,1,0,0,50,0,0,50,0,0,0,0,1,1,1,1,1,1,0,0,0,14996,0,0,0,0,0,0,0,0,0
0.937500,189.11,31.584,18.950,316,318,72.000,71,71,18.000,39.000,55.000,227,184,295,160,134,134,134,134,134,134,1,0,0,3,30,1,28.000,1,1,3,3,50,1,0,0,50,0,0,50,0,0,0,0,1,1,1,1,1,1,0,0,0,15000,0,0,0,0,0,0,0,0,0
0.937750,189.22,31.625,18.950,317,318,72.000,71,71,18.000,39.000,55.000,227,184,295,160,134,134,134,134,134,134,1,0,0,3,30,1,28.000,1,1,3,3,50,1,0,0,50,0,0,50,0,0,0,0,1,1,1,1,1,1,0,0,0,15004,0,0,0,0,0,0,0,0,0
0.938000,189.32,31.666,19.000,317,318,72.000,71,71,18.000,39.000,55.000,228,184,295,160,134,134,134,134,134,134,1,0,0,3,30,1,28.000,1,1,3,3,50,1,0,0,50,0,0,50,0,0,0,0,1,1,1,1,1,1,0,0,0,15008,0,0,0,0,0,0,0,0,0
0.938250,189.43,31.707,19.000,318,318,72.000,71,71,18.000,39.000,55.000,228,184,295,160,134,134,134,134,134,134,1,0,0,3,30,1,28.000,1,1,3,3,50,1,0,0,50,0,0,50,0,0,0,0,1,1,1,1,1,1,0,0,0,15012,0,0,0,0,0,0,0,0,0
0.938500,189.54,31.748,19.050,318,318,72.000,71,71,18.000,39.000,55.000,229,184,295,160,134,134,134,134,134,134,1,0,0,3,30,1,28.000,1,1,3,3,50,1,0,0,50,0,0,50,0,0,0,0,1,1,1,1,1,1,0,0,0,15016,0,0,0,0,0,0,0,0,0
0.938750,189.65,31.788,19.050,318,318,72.000,71,71,18.000,39.000,55.000,229,184,295,160,134,134,134,134,134,134,1,0,0,3,30,1,28.000,1,1,3,3,50,1,0,0,50,0,0,50,0,0,0,0,1,1,1,1,1,1,0,0,0,15020,0,0,0,0,0,0,0,0,0
0.939000,189.76,31.829,19.110,319,318,72.000,71,71,18.000,39.000,55.000,229,184,295,160,134,134,134,134,134,134,1,0,0,3,30,1,28.000,1,1,3,3,50,1,0,0,50,0,0,50,0,0,0,0,1,1,1,1,1,1,0,0,0,15024,0,0,0,0,0,0,0,0,0
0.939250,189.86,31.869,19.110,319,318,72.000,71,71,18.000,39.000,55.000,229,184,295,160,134,134,134,134,134,134,1,0,0,3,30,1,28.000,1,1,3,3,50,1,0,0,50,0,0,50,0,0,0,0,1,1,1,1,1,1,0,0,0,15028,0,0,0,0,0,0,0,0,0
0.939500,189.97,31.910,19.160,320,318,72.000,71,71,18.000,39.000,55.000,230,184,295,160,134,134,134,134,134,134,1,0,0,3,30,1,28.000,1,1,3,3,50,1,0,0,50,0,0,50,0,0,0,0,1,1,1,1,1,1,0,0,0,15032,0,0,0,0,0,0,0,0,0
0.939750,190.08,31.950,19.160,320,318,72.000,71,71,18.000,39.000,55.000,230,184,295,160,134,134,134,134,134,134,1,0,0,3,30,1,28.000,1,1,3,3,50,1,0,0,50,0,0,50,0,0,0,0,1,1,1,1,1,1,0,0,0,15036,0,0,0,0,0,0,0,0,0
0.940000,190.19,31.991,19.160,321,318,72.000,71,71,18.000,39.000,55.000,230,184,295,160,134,134,134,134,134,134,1,0,0,3,30,1,28.000,1,1,3,3,50,1,0,0,50,0,0,50,0,0,0,0,1,1,1,1,1,1,0,0,0,15040,0,0,0,0,0,0,0,0,0
0.940250,190.30,32.031,19.220,321,318,72.000,71,71,18.000,39.000,55.000,231,184,295,160,134,134,134,134,134,134,1,0,0,3,30,1,28.000,1,1,3,3,50,1,0,0,50,0,0,50,0,0,0,0,1,1,1,1,1,1,0,0,0,15044,0,0,0,0,0,0,0,0,0
0.940500,190.40,32.071,19.220,321,318,72.000,71,71,18.000,39.000,55.000,231,184,295,160,134,134,134,134,134,134,1,0,0,3,30,1,28.000,1,1,3,3,50,1,0,0,50,0,0,50,0,0,0,0,1,1,1,1,1,1,0,0,0,15048,0,0,0,0,0,0,0,0,0
0.940750,190.51,32.112,19.270,322,318,72.000,71,71,18.000,39.000,55.000,231,184,295,160,134,134,134,134,134,134,1,0,0,3,30,1,28.000,1,1,3,3,50,1,0,0,50,0,0,50,0,0,0,0,1,1,1,1,1,1,0,0,0,15052,0,0,0,0,0,0,0,0,0
0.941000,190.62,32.152,19.270,322,318,72.000,71,71,18.000,39.000,55.000,231,184,295,160,134,134,134,134,134,134,1,0,0,3,30,1,28.000,1,1,3,3,50,1,0,0,50,0,0,50,0,0,0,0,1,1,1,1,1,1,0,0,0,15056,0,0,0,0,0,0,0,0,0
0.941250,190.73,32.192,19.330,323,318,72.000,71,71,18.000,39.000,55.000,232,184,295,160,134,134,134,134,134,134,1,0,0,3,30,1,28.000,1,1,3,3,50,1,0,0,50,0,0,50,0,0,0,0,1,1,1,1,1,1,0,0,0,15060,0,0,0,0,0,0,0,0,0
0.941500,190.84,32.232,19.330,323,318,72.000,71,71,18.000,39.000,55.000,232,184,295,160,134,134,134,134,134,134,1,0,0,3,30,1,28.000,1,1,3,3,50,1,0,0,50,0,0,50,0,0,0,0,1,1,1,1,1,1,0,0,0,15064,0,0,0,0,0,0,0,0,0
0.941750,190.94,32.272,19.380,323,318,72.000,71,71,18.000,39.000,55.000,233,184,295,160,134,134,134,134,134,134,1,0,0,3,30,1,28.000,1,1,3,3,50,1,0,0,50,0,0,50,0,0,0,0,1,1,1,1,1,1,0,0,0,15068,0,0,0,0,0,0,0,0,0
0.942000,191.05,32.312,19.380,324,318,72.000,71,71,18.000,39.000,55.000,233,184,295,160,134,134,134,134,134,134,1,0,0,3,30,1,28.000,1,1,3,3,50,1,0,0,50,0,0,50,0,0,0,0,1,1,1,1,1,1,0,0,0,15072,0,0,0,0,0,0,0,0,0
0.942250,191.16,32.352,19.440,324,318,72.000,71,71,18.000,39.000,55.000,233,184,295,160,134,134,134,134,134,134,1,0,0,3,30,1,28.000,1,1,3,3,50,1,0,0,50,0,0,50,0,0,0,0,1,1,1,1,1,1,0,0,0,15076,0,0,0,0,0,0,0,0,0
0.942500,191.27,32.391,19.440,325,318,72.000,71,71,18.000,39.000,55.000,233,184,295,160,134,134,134,134,134,134,1,0,0,3,30,1,28.000,1,1,1,1,51,1,0,0,51,0,0,51,0,0,0,0,1,1,1,1,1,1,0,0,0,15080,0,0,0,0,0,0,0,0,0
0.942750,191.38,32.431,19.440,325,318,72.000,71,71,18.000,39.000,55.000,233,184,295,160,134,134,134,134,134,134,1,0,0,3,30,1,28.000,1,1,1,1,51,1,0,0,51,0,0,51,0,0,0,0,1,1,1,1,1,1,0,0,0,15084,0,0,0,0,0,0,0,0,0
0.943000,191.48,32.471,19.490,326,318,72.000,71,71,18.000,39.000,55.000,234,184,295,160,134,134,134,134,134,134,1,0,0,3,30,1,28.000,1,1,1,1,51,1,0,0,51,0,0,51,0,0,0,0,1,1,1,1,1,1,0,0,0,15088,0,0,0,0,0,0,0,0,0
0.943250,191.59,32.510,19.490,326,318,72.000,71,71,18.000,39.000,55.000,234,184,295,160,134,134,134,134,134,134,1,0,0,3,30,1,28.000,1,1,1,1,51,1,0,0,51,0,0,51,0,0,0,0,1,1,1,1,1,1,0,0,0,15092,0,0,0,0,0,0,0,0,0
0.943500,191.70,32.550,19.540,326,318,72.000,71,71,18.000,39.000,55.000,235,184,295,160,134,134,134,134,134,134,1,0,0,3,30,1,28.000,1,1,1,1,51,1,0,0,51,0,0,51,0,0,0,0,1,1,1,1,1,1,0,0,0,15096,0,0,0,0,0,0,0,0,0
0.943750,191.81,32.589,19.540,327,318,72.000,71,71,18.000,39.000,55.000,235,184,295,160,134,134,134,134,134,134,1,0,0,3,30,1,28.000,1,1,1,1,51,1,0,0,51,0,0,51,0,0,0,0,1,1,1,1,1,1,0,0,0,15100,0,0,0,0,0,0,0,0,0
0.944000,191.92,32.629,19.540,327,318,72.000,71,71,18.000,39.000,55.000,235,184,295,160,134,134,134,134,134,134,1,0,0,3,30,1,28.000,1,1,1,1,51,1,0,0,51,0,0,51,0,0,0,0,1,1,1,1,1,1,0,0,0,15104,0,0,0,0,0,0,0,0,0
0.944250,192.02,32.668,19.600,328,318,72.000,71,71,18.000,39.000,55.000,235,184,295,160,134,134,134,134,134,134,1,0,0,3,30,1,28.000,1,1,1,1,51,1,0,0,51,0,0,51,0,0,0,0,1,1,1,1,1,1,0,0,0,15108,0,0,0,0,0,0,0,0,0
0.944500,192.13,32.707,19.600,328,319,72.000,71,71,18.000,39.000,55.000,235,185,296,160,135,135,135,135,135,135,1,0,0,3,30,1,28.000,1,1,1,1,51,1,0,0,51,0,0,51,0,0,0,0,1,1,1,1,1,1,0,0,0,15112,0,0,0,0,0,0,0,0,0
0.944750,192.24,32.746,19.650,328,319,72.000,71,71,18.000,39.000,55.000,236,185,296,160,135,135,135,135,135,135,1,0,0,3,30,1,28.000,1,1,1,1,51,1,0,0,51,0,0,51,0,0,0,0,1,1,1,1,1,1,0,0,0,15116,0,0,0,0,0,0,0,0,0
0.945000,192.35,32.785,19.650,329,319,72.000,71,71,18.000,39.000,55.000,236,185,296,160,135,135,135,135,135,135,1,0,0,3,30,1,28.000,1,1,1,1,51,1,0,0,51,0,0,51,0,0,0,0,1,1,1,1,1,1,0,0,0,15120,0,0,0,0,0,0,0,0,0
0.945250,192.46,32.824,19.710,329,319,72.000,71,71,18.000,39.000,55.000,237,185,296,160,135,135,135,135,135,135,1,0,0,3,30,1,28.000,1,1,1,1,51,1,0,0,51,0,0,51,0,0,0,0,1,1,1,1,1,1,0,0,0,15124,0,0,0,0,0,0,0,0,0
0.945500,192.56,32.863,19.710,330,319,72.000,71,71,18.000,39.000,55.000,237,185,296,160,135,135,135,135,135,135,1,0,0,3,30,1,28.000,1,1,1,1,51,1,0,0,51,0,0,51,0,0,0,0,1,1,1,1,1,1,0,0,0,15128,0,0,0,0,0,0,0,0,0
0.945750,192.67,32.902,19.760,330,319,72.000,71,71,18.000,39.000,55.000,237,185,296,160,135,135,135,135,135,135,1,0,0,3,30,1,28.000,1,1,1,1,51,1,0,0,51,0,0,51,0,0,0,0,1,1,1,1,1,1,0,0,0,15132,0,0,0,0,0,0,0,0,0
0.946000,192.78,32.941,19.760,331,319,72.000,71,71,18.000,39.000,55.000,237,185,296,160,135,135,135,135,135,135,1,0,0,3,30,1,28.000,1,1,1,1,51,1,0,0,51,0,0,51,0,0,0,0,1,1,1,1,1,1,0,0,0,15136,0,0,0,0,0,0,0,0,0
0.946250,192.89,32.980,19.760,331,319,72.000,71,71,18.000,39.000,55.000,237,185,296,160,135,135,135,135,135,135,1,0,0,3,30,1,28.000,1,1,1,1,51,1,0,0,51,0,0,51,0,0,0,0,1,1,1,1,1,1,0,0,0,15140,0,0,0,0,0,0,0,0,0
0.946500,193.00,33.018,19.820,331,319,72.000,71,71,18.000,39.000,55.000,238,185,296,160,135,135,135,135,135,135,1,0,0,3,30,1,28.000,1,1,1,1,51,1,0,0,51,0,0,51,0,0,0,0,1,1,1,1,1,1,0,0,0,15144,0,0,0,0,0,0,0,0,0
0.946750,193.10,33.057,19.820,332,319,72.000,71,71,18.000,39.000,55.000,238,185,296,160,135,135,135,135,135,135,1,0,0,3,30,1,28.000,1,1,1,1,51,1,0,0,51,0,0,51,0,0,0,0,1,1,1,1,1,1,0,0,0,15148,0,0,0,0,0,0,0,0,0
0.947000,193.21,33.095,19.870,332,319,72.000,71,71,18.000,39.000,55.000,238,185,296,160,135,135,135,135,135,135,1,0,0,3,30,1,28.000,1,1,1,1,51,1,0,0,51,0,0,51,0,0,0,0,1,1,1,1,1,1,0,0,0,15152,0,0,0,0,0,0,0,0,0
0.947250,193.32,33.134,19.870,333,319,72.000,71,71,18.000,39.000,55.000,238,185,296,160,135,135,135,135,135,135,1,0,0,3,30,1,28.000,1,1,1,1,51,1,0,0,51,0,0,51,0,0,0,0,1,1,1,1,1,1,0,0,0,15156,0,0,0,0,0,0,0,0,0
0.947500,193.43,33.172,19.920,333,319,72.000,71,71,18.000,39.000,55.000,239,185,296,160,135,135,135,135,135,135,1,0,0,3,30,1,28.000,1,1,1,1,51,1,0,0,51,0,0,51,0,0,0,0,1,1,1,1,1,1,0,0,0,15160,0,0,0,0,0,0,0,0,0
0.947750,193.54,33.210,19.920,334,319,72.000,71,71,18.000,39.000,55.000,239,185,296,160,135,135,135,135,135,135,1,0,0,3,30,1,28.000,1,1,1,1,51,1,0,0,51,0,0,51,0,0,0,0,1,1,1,1,1,1,0,0,0,15164,0,0,0,0,0,0,0,0,0
0.948000,193.64,33.248,19.920,334,319,72.000,71,71,18.000,39.000,55.000,239,185,296,160,135,135,135,135,135,135,1,0,0,3,30,1,28.000,1,1,1,1,51,1,0,0,51,0,0,51,0,0,0,0,1,1,1,1,1,1,0,0,0,15168,0,0,0,0,0,0,0,0,0
0.948250,193.75,33.286,19.980,334,319,72.000,71,71,18.000,39.000,55.000,240,185,296,160,135,135,135,135,135,135,1,0,0,3,30,1,28.000,1,1,1,1,51,1,0,0,51,0,0,51,0,0,0,0,1,1,1,1,1,1,0,0,0,15172,0,0,0,0,0,0,0,0,0
0.948500,193.86,33.324,19.980,335,319,72.000,71,71,18.000,39.000,55.000,240,185,296,160,135,135,135,135,135,135,1,0,0,3,30,1,28.000,1,1,1,1,51,1,0,0,51,0,0,51,0,0,0,0,1,1,1,1,1,1,0,0,0,15176,0,0,0,0,0,0,0,0,0
0.948750,193.97,33.362,20.030,335,319,72.000,71,71,18.000,39.000,55.000,240,185,296,160,135,135,135,135,135,135,1,0,0,3,30,1,28.000,1,1,1,1,51,1,0,0,51,0,0,51,0,0,0,0,1,1,1,1,1,1,0,0,0,15180,0,0,0,0,0,0,0,0,0
0.949000,194.08,33.400,20.030,336,319,72.000,71,71,18.000,39.000,55.000,240,185,296,160,135,135,135,135,135,135,1,0,0,3,30,1,28.000,1,1,1,1,51,1,0,0,51,0,0,51,0,0,0,0,1,1,1,1,1,1,0,0,0,15184,0,0,0,0,0,0,0,0,0
0.949250,194.18,33.438,20.030,336,319,72.000,71,71,18.000,39.000,55.000,240,185,296,160,135,135,135,135,135,135,1,0,0,3,30,1,28.000,1,1,1,1,51,1,0,0,51,0,0,51,0,0,0,0,1,1,1,1,1,1,0,0,0,15188,0,0,0,0,0,0,0,0,0
0.949500,194.29,33.475,20.090,336,319,72.000,71,71,18.000,39.000,55.000,241,185,296,160,135,135,135,135,135,135,1,0,0,3,30,1,28.000,1,1,1,1,51,1,0,0,51,0,0,51,0,0,0,0,1,1,1,1,1,1,0,0,0,15192,0,0,0,0,0,0,0,0,0
0.949750,194.40,33.513,20.090,337,319,72.000,71,71,18.000,39.000,55.000,241,185,296,160,135,135,135,135,135,135,1,0,0,3,30,1,28.000,1,1,1,1,51,1,0,0,51,0,0,51,0,0,0,0,1,1,1,1,1,1,0,0,0,15196,0,0,0,0,0,0,0,0,0
0.950000,194.51,33.551,20.140,337,319,72.000,71,71,18.000,39.000,55.000,242,185,296,160,135,135,135,135,135,135,1,0,0,3,30,1,28.000,1,1,1,1,51,1,0,0,51,0,0,51,0,0,0,0,1,1,1,1,1,1,0,0,0,15200,0,0,0,0,0,0,0,0,0
0.950250,194.62,33.588,20.140,338,319,72.000,71,71,18.000,39.000,55.000,242,185,296,160,135,135,135,135,135,135,1,0,0,3,30,1,28.000,1,1,1,1,51,1,0,0,51,0,0,51,0,0,0,0,1,1,1,1,1,1,0,0,0,15204,0,0,0,0,0,0,0,0,0
0.950500,194.72,33.625,20.200,338,319,72.000,71,71,18.000,39.000,55.000,242,185,296,160,135,135,135,135,135,135,1,0,0,3,30,1,28.000,1,1,1,1,51,1,0,0,51,0,0,51,0,0,0,0,1,1,1,1,1,1,0,0,0,15208,0,0,0,0,0,0,0,0,0
0.950750,194.83,33.662,20.200,339,319,72.000,71,71,18.000,39.000,55.000,242,185,296,160,135,135,135,135,135,135,1,0,0,3,30,1,28.000,1,1,1,1,51,1,0,0,51,0,0,51,0,0,0,0,1,1,1,1,1,1,0,0,0,15212,0,0,0,0,0,0,0,0,0
0.951000,194.94,33.700,20.200,339,319,72.000,71,71,18.000,39.000,55.000,242,185,296,160,135,135,135,135,135,135,1,0,0,3,30,1,28.000,1,1,1,1,51,1,0,0,51,0,0,51,0,0,0,0,1,1,1,1,1,1,0,0,0,15216,0,0,0,0,0,0,0,0,0
0.951250,195.05,33.737,20.250,339,319,72.000,71,71,18.000,39.000,55.000,243,185,296,160,135,135,135,135,135,135,1,0,0,3,30,1,28.000,1,1,0,0,52,1,0,0,52,0,0,52,0,0,0,0,1,1,1,1,1,1,0,0,0,15220,0,0,0,0,0,0,0,0,0
0.951500,195.16,33.774,20.250,340,319,72.000,71,71,18.000,39.000,55.000,243,185,296,160,135,135,135,135,135,135,1,0,0,3,30,1,28.000,1,1,0,0,52,1,0,0,52,0,0,52,0,0,0,0,1,1,1,1,1,1,0,0,0,15224,0,0,0,0,0,0,0,0,0
0.951750,195.26,33.811,20.310,340,319,72.000,71,71,18.000,39.000,55.000,244,185,296,160,135,135,135,135,135,135,1,0,0,3,30,1,28.000,1,1,0,0,52,1,0,0,52,0,0,52,0,0,0,0,1,1,1,1,1,1,0,0,0,15228,0,0,0,0,0,0,0,0,0
0.952000,195.37,33.847,20.310,341,319,72.000,71,71,18.000,39.000,55.000,244,185,296,160,135,135,135,135,135,135,1,0,0,3,30,1,28.000,1,1,0,0,52,1,0,0,52,0,0,52,0,0,0,0,1,1,1,1,1,1,0,0,0,15232,0,0,0,0,0,0,0,0,0
0.952250,195.48,33.884,20.310,341,319,72.000,71,71,18.000,39.000,55.000,244,185,296,160,135,135,135,135,135,135,1,0,0,3,30,1,28.000,1,1,0,0,52,1,0,0,52,0,0,52,0,0,0,0,1,1,1,1,1,1,0,0,0,15236,0,0,0,0,0,0,0,0,0
0.952500,195.59,33.921,20.360,341,320,72.000,71,71,18.000,39.000,55.000,244,185,297,160,135,135,135,135,135,135,1,0,0,3,30,1,28.000,1,1,0,0,52,1,0,0,52,0,0,52,0,0,0,0,1,1,1,1,1,1,0,0,0,15240,0,0,0,0,0,0,0,0,0
0.952750,195.70,33.957,20.360,342,320,72.000,71,71,18.000,39.000,55.000,244,185,297,160,135,135,135,135,135,135,1,0,0,3,30,1,28.000,1,1,0,0,52,1,0,0,52,0,0,52,0,0,0,0,1,1,1,1,1,1,0,0,0,15244,0,0,0,0,0,0,0,0,0
0.953000,195.80,33.994,20.410,342,320,72.000,71,71,18.000,39.000,55.000,245,185,297,160,135,135,135,135,135,135,1,0,0,3,30,1,28.000,1,1,0,0,52,1,0,0,52,0,0,52,0,0,0,0,1,1,1,1,1,1,0,0,0,15248,0,0,0,0,0,0,0,0,0
0.953250,195.91,34.030,20.410,343,320,72.000,71,71,18.000,39.000,55.000,245,185,297,160,135,135,135,135,135,135,1,0,0,3,30,1,28.000,1,1,0,0,52,1,0,0,52,0,0,52,0,0,0,0,1,1,1,1,1,1,0,0,0,15252,0,0,0,0,0,0,0,0,0
0.953500,196.02,34.066,20.410,343,320,72.000,71,71,18.000,39.000,55.000,245,185,297,160,135,135,135,135,135,135,1,0,0,3,30,1,28.000,1,1,0,0,52,1,0,0,52,0,0,52,0,0,0,0,1,1,1,1,1,1,0,0,0,15256,0,0,0,0,0,0,0,0,0
0.953750,196.13,34.102,20.470,344,320,72.000,71,71,18.000,39.000,55.000,246,185,297,160,135,135,135,135,135,135,1,0,0,3,30,1,28.000,1,1,0,0,52,1,0,0,52,0,0,52,0,0,0,0,1,1,1,1,1,1,0,0,0,15260,0,0,0,0,0,0,0,0,0
0.954000,196.24,34.138,20.470,344,320,72.000,71,71,18.000,39.000,55.000,246,185,297,160,135,135,135,135,135,135,1,0,0,3,30,1,28.000,1,1,0,0,52,1,0,0,52,0,0,52,0,0,0,0,1,1,1,1,1,1,0,0,0,15264,0,0,0,0,0,0,0,0,0
0.954250,196.34,34.174,20.520,344,320,72.000,71,71,18.000,39.000,55.000,246,185,297,160,135,135,135,135,135,135,1,0,0,3,30,1,28.000,1,1,0,0,52,1,0,0,52,0,0,52,0,0,0,0,1,1,1,1,1,1,0,0,0,15268,0,0,0,0,0,0,0,0,0
0.954500,196.45,34.210,20.520,345,320,72.000,71,71,18.000,39.000,55.000,246,185,297,160,135,135,135,135,135,135,1,0,0,3,30,1,28.000,1,1,0,0,52,1,0,0,52,0,0,52,0,0,0,0,1,1,1,1,1,1,0,0,0,15272,0,0,0,0,0,0,0,0,0
0.954750,196.56,34.246,20.520,345,320,72.000,71,71,18.000,39.000,55.000,246,185,297,160,135,135,135,135,135,135,1,0,0,3,30,1,28.000,1,1,0,0,52,1,0,0,52,0,0,52,0,0,0,0,1,1,1,1,1,1,0,0,0,15276,0,0,0,0,0,0,0,0,0
0.955000,196.67,34.282,20.580,346,320,72.000,71,71,18.000,39.000,55.000,247,185,297,160,135,135,135,135,135,135,1,0,0,3,30,1,28.000,1,1,0,0,52,1,0,0,52,0,0,52,0,0,0,0,1,1,1,1,1,1,0,0,0,15280,0,0,0,0,0,0,0,0,0
0.955250,196.78,34.317,20.580,346,320,72.000,71,71,18.000,39.000,55.000,247,185,297,160,135,135,135,135,135,135,1,0,0,3,30,1,28.000,1,1,0,0,52,1,0,0,52,0,0,52,0,0,0,0,1,1,1,1,1,1,0,0,0,15284,0,0,0,0,0,0,0,0,0
0.955500,196.88,34.353,20.630,346,320,72.000,71,71,18.000,39.000,55.000,248,185,297,160,135,135,135,135,135,135,1,0,0,3,30,1,28.000,1,1,0,0,52,1,0,0,52,0,0,52,0,0,0,0,1,1,1,1,1,1,0,0,0,15288,0,0,0,0,0,0,0,0,0
0.955750,196.99,34.388,20.630,347,320,72.000,71,71,18.000,39.000,55.000,248,185,297,160,135,135,135,135,135,135,1,0,0,3,30,1,28.000,1,1,0,0,52,1,0,0,52,0,0,52,0,0,0,0,1,1,1,1,1,1,0,0,0,15292,0,0,0,0,0,0,0,0,0
0.956000,197.10,34.424,20.630,347,320,72.000,71,71,18.000,39.000,55.000,248,185,297,160,135,135,135,135,135,135,1,0,0,3,30,1,28.000,1,1,0,0,52,1,0,0,52,0,0,52,0,0,0,0,1,1,1,1,1,1,0,0,0,15296,0,0,0,0,0,0,0,0,0
0.956250,197.21,34.459,20.690,348,320,72.000,71,71,18.000,39.000,55.000,248,185,297,160,135,135,135,135,135,135,1,0,0,3,30,1,28.000,1,1,0,0,52,1,0,0,52,0,0,52,0,0,0,0,1,1,1,1,1,1,0,0,0,15300,0,0,0,0,0,0,0,0,0
0.956500,197.32,34.494,20.690,348,320,72.000,71,71,18.000,39.000,55.000,248,185,297,160,135,135,135,135,135,135,1,0,0,3,30,1,28.000,1,1,0,0,52,1,0,0,52,0,0,52,0,0,0,0,1,1,1,1,1,1,0,0,0,15304,0,0,0,0,0,0,0,0,0
0.956750,197.42,34.529,20.690,349,320,72.000,71,71,18.000,39.000,55.000,248,185,297,160,135,135,135,135,135,135,1,0,0,3,30,1,28.000,1,1,0,0,52,1,0,0,52,0,0,52,0,0,0,0,1,1,1,1,1,1,0,0,0,15308,0,0,0,0,0,0,0,0,0
0.957000,197.53,34.564,20.740,349,320,72.000,71,71,18.000,39.000,55.000,249,185,297,160,135,135,135,135,135,135,1,0,0,3,30,1,28.000,1,1,0,0,52,1,0,0,52,0,0,52,0,0,0,0,1,1,1,1,1,1,0,0,0,15312,0,0,0,0,0,0,0,0,0
0.957250,197.64,34.599,20.740,349,321,72.000,71,71,18.000,39.000,55.000,249,186,298,160,136,136,136,136,136,136,1,0,0,3,30,1,28.000,1,1,0,0,52,1,0,0,52,0,0,52,0,0,0,0,1,1,1,1,1,1,0,0,0,15316,0,0,0,0,0,0,0,0,0
0.957500,197.75,34.633,20.790,350,321,72.000,71,71,18.000,39.000,55.000,250,186,298,160,136,136,136,136,136,136,1,0,0,3,30,1,28.000,1,1,0,0,52,1,0,0,52,0,0,52,0,0,0,0,1,1,1,1,1,1,0,0,0,15320,0,0,0,0,0,0,0,0,0
0.957750,197.86,34.668,20.790,350,321,72.000,71,71,18.000,39.000,55.000,250,186,298,160,136,136,136,136,136,136,1,0,0,3,30,1,28.000,1,1,0,0,52,1,0,0,52,0,0,52,0,0,0,0,1,1,1,1,1,1,0,0,0,15324,0,0,0,0,0,0,0,0,0
0.958000,197.96,34.702,20.790,351,321,72.000,71,71,18.000,39.000,55.000,250,186,298,160,136,136,136,136,136,136,1,0,0,3,30,1,28.000,1,1,0,0,52,1,0,0,52,0,0,52,0,0,0,0,1,1,1,1,1,1,0,0,0,15328,0,0,0,0,0,0,0,0,0
0.958250,198.07,34.737,20.850,351,321,72.000,71,71,18.000,39.000,55.000,250,186,298,160,136,136,136,136,136,136,1,0,0,3,30,1,28.000,1,1,0,0,52,1,0,0,52,0,0,52,0,0,0,0,1,1,1,1,1,1,0,0,0,15332,0,0,0,0,0,0,0,0,0
0.958500,198.18,34.771,20.850,351,321,72.000,71,71,18.000,39.000,55.000,250,186,298,160,136,136,136,136,136,136,1,0,0,3,30,1,28.000,1,1,0,0,52,1,0,0,52,0,0,52,0,0,0,0,1,1,1,1,1,1,0,0,0,15336,0,0,0,0,0,0,0,0,0
0.958750,198.29,34.805,20.900,352,321,72.000,71,71,18.000,39.000,55.000,251,186,298,160,136,136,136,136,136,136,1,0,0,3,30,1,28.000,1,1,0,0,52,1,0,0,52,0,0,52,0,0,0,0,1,1,1,1,1,1,0,0,0,15340,0,0,0,0,0,0,0,0,0
0.959000,198.40,34.839,20.900,352,321,72.000,71,71,18.000,39.000,55.000,251,186,298,160,136,136,136,136,136,136,1,0,0,3,30,1,28.000,1,1,0,0,52,1,0,0,52,0,0,52,0,0,0,0,1,1,1,1,1,1,0,0,0,15344,0,0,0,0,0,0,0,0,0
0.959250,198.50,34.873,20.900,353,321,72.000,71,71,18.000,39.000,55.000,251,186,298,160,136,136,136,136,136,136,1,0,0,3,30,1,28.000,1,1,0,0,52,1,0,0,52,0,0,52,0,0,0,0,1,1,1,1,1,1,0,0,0,15348,0,0,0,0,0,0,0,0,0
0.959500,198.61,34.907,20.960,353,321,72.000,71,71,18.000,39.000,55.000,252,186,298,160,136,136,136,136,136,136,1,0,0,3,30,1,28.000,1,1,0,0,52,1,0,0,52,0,0,52,0,0,0,0,1,1,1,1,1,1,0,0,0,15352,0,0,0,0,0,0,0,0,0
0.959750,198.72,34.941,20.960,353,321,72.000,71,71,18.000,39.000,55.000,252,186,298,160,136,136,136,136,136,136,1,0,0,3,30,1,28.000,1,1,0,0,52,1,0,0,52,0,0,52,0,0,0,0,1,1,1,1,1,1,0,0,0,15356,0,0,0,0,0,0,0,0,0
0.960000,198.83,34.975,20.960,354,321,72.000,71,71,18.000,39.000,55.000,252,186,298,160,136,136,136,136,136,136,1,0,0,3,30,1,28.000,1,1,2,2,53,1,0,0,53,0,0,53,0,0,0,0,1,1,1,1,1,1,0,0,0,15360,0,0,0,0,0,0,0,0,0
0.960250,198.94,35.008,21.010,354,321,72.000,71,71,18.000,39.000,55.000,252,186,298,160,136,136,136,136,136,136,1,0,0,3,30,1,28.000,1,1,2,2,53,1,0,0,53,0,0,53,0,0,0,0,1,1,1,1,1,1,0,0,0,15364,0,0,0,0,0,0,0,0,0
0.960500,199.04,35.042,21.010,355,321,72.000,71,71,18.000,39.000,55.000,252,186,298,160,136,136,136,136,136,136,1,0,0,3,30,1,28.000,1,1,2,2,53,1,0,0,53,0,0,53,0,0,0,0,1,1,1,1,1,1,0,0,0,15368,0,0,0,0,0,0,0,0,0
0.960750,199.15,35.075,21.070,355,321,72.000,71,71,18.000,39.000,55.000,253,186,298,160,136,136,136,136,136,136,1,0,0,3,30,1,28.000,1,1,2,2,53,1,0,0,53,0,0,53,0,0,0,0,1,1,1,1,1,1,0,0,0,15372,0,0,0,0,0,0,0,0,0
0.961000,199.26,35.108,21.070,356,321,72.000,71,71,18.000,39.000,55.000,253,186,298,160,136,136,136,136,136,136,1,0,0,3,30,1,28.000,1,1,2,2,53,1,0,0,53,0,0,53,0,0,0,0,1,1,1,1,1,1,0,0,0,15376,0,0,0,0,0,0,0,0,0
0.961250,199.37,35.141,21.070,356,322,72.000,71,71,18.000,39.000,55.000,253,187,299,160,136,136,136,136,136,136,1,0,0,3,30,1,28.000,1,1,2,2,53,1,0,0,53,0,0,53,0,0,0,0,1,1,1,1,1,1,0,0,0,15380,0,0,0,0,0,0,0,0,0
0.961500,199.48,35.174,21.120,356,322,72.000,71,71,18.000,39.000,55.000,254,187,299,160,136,136,136,136,136,136,1,0,0,3,30,1,28.000,1,1,2,2,53,1,0,0,53,0,0,53,0,0,0,0,1,1,1,1,1,1,0,0,0,15384,0,0,0,0,0,0,0,0,0
0.961750,199.58,35.207,21.120,357,322,72.000,71,71,18.000,39.000,55.000,254,187,299,160,136,136,136,136,136,136,1,0,0,3,30,1,28.000,1,1,2,2,53,1,0,0,53,0,0,53,0,0,0,0,1,1,1,1,1,1,0,0,0,15388,0,0,0,0,0,0,0,0,0
0.962000,199.69,35.240,21.120,357,322,72.000,71,71,18.000,39.000,55.000,254,187,299,160,136,136,136,136,136,136,1,0,0,3,30,1,28.000,1,1,2,2,53,1,0,0,53,0,0,53,0,0,0,0,1,1,1,1,1,1,0,0,0,15392,0,0,0,0,0,0,0,0,0
0.962250,199.80,35.273,21.180,358,322,72.000,71,71,18.000,39.000,55.000,254,187,299,160,136,136,136,136,136,136,1,0,0,3,30,1,28.000,1,1,2,2,53,1,0,0,53,0,0,53,0,0,0,0,1,1,1,1,1,1,0,0,0,15396,0,0,0,0,0,0,0,0,0
0.962500,199.91,35.305,21.180,358,322,72.000,71,71,18.000,39.000,55.000,254,187,299,160,136,136,136,136,136,136,1,0,0,3,30,1,28.000,1,1,2,2,53,1,0,0,53,0,0,53,0,0,0,0,1,1,1,1,1,1,0,0,0,15400,0,0,0,0,0,0,0,0,0
0.962750,200.02,35.338,21.180,358,322,72.000,71,71,18.000,39.000,55.000,254,187,299,160,136,136,136,136,136,136,1,0,0,3,30,1,28.000,1,1,2,2,53,1,0,0,53,0,0,53,0,0,0,0,1,1,1,1,1,1,0,0,0,15404,0,0,0,0,0,0,0,0,0
0.963000,200.12,35.370,21.230,359,322,72.000,71,71,18.000,39.000,55.000,255,187,299,160,136,136,136,136,136,136,1,0,0,3,30,1,28.000,1,1,2,2,53,1,0,0,53,0,0,53,0,0,0,0,1,1,1,1,1,1,0,0,0,15408,0,0,0,0,0,0,0,0,0
0.963250,200.23,35.402,21.230,359,322,72.000,71,71,18.000,39.000,55.000,255,187,299,160,136,136,136,136,136,136,1,0,0,3,30,1,28.000,1,1,2,2,53,1,0,0,53,0,0,53,0,0,0,0,1,1,1,1,1,1,0,0,0,15412,0,0,0,0,0,0,0,0,0
0.963500,200.34,35.435,21.230,360,322,72.000,71,71,18.000,39.000,55.000,255,187,299,160,136,136,136,136,136,136,1,0,0,3,30,1,28.000,1,1,2,2,53,1,0,0,53,0,0,53,0,0,0,0,1,1,1,1,1,1,0,0,0,15416,0,0,0,0,0,0,0,0,0
0.963750,200.45,35.467,21.280,360,322,72.000,71,71,18.000,39.000,55.000,255,187,299,160,136,136,136,136,136,136,1,0,0,3,30,1,28.000,1,1,2,2,53,1,0,0,53,0,0,53,0,0,0,0,1,1,1,1,1,1,0,0,0,15420,0,0,0,0,0,0,0,0,0
0.964000,200.56,35.498,21.280,360,322,72.000,71,71,18.000,39.000,55.000,255,187,299,160,136,136,136,136,136,136,1,0,0,3,30,1,28.000,1,1,2,2,53,1,0,0,53,0,0,53,0,0,0,0,1,1,1,1,1,1,0,0,0,15424,0,0,0,0,0,0,0,0,0
0.964250,200.66,35.530,21.280,361,322,72.000,71,71,18.000,39.000,55.000,255,187,299,160,136,136,136,136,136,136,1,0,0,3,30,1,28.000,1,1,2,2,53,1,0,0,53,0,0,53,0,0,0,0,1,1,1,1,1,1,0,0,0,15428,0,0,0,0,0,0,0,0,0
0.964500,200.77,35.562,21.340,361,323,72.000,71,71,18.000,39.000,55.000,256,187,300,160,137,137,137,137,137,137,1,0,0,3,30,1,28.000,1,1,2,2,53,1,0,0,53,0,0,53,0,0,0,0,1,1,1,1,1,1,0,0,0,15432,0,0,0,0,0,0,0,0,0
0.964750,200.88,35.593,21.340,362,323,72.000,71,71,18.000,39.000,55.000,256,187,300,160,137,137,137,137,137,137,1,0,0,3,30,1,28.000,1,1,2,2,53,1,0,0,53,0,0,53,0,0,0,0,1,1,1,1,1,1,0,0,0,15436,0,0,0,0,0,0,0,0,0
0.965000,200.99,35.625,21.390,362,323,72.000,71,71,18.000,39.000,55.000,257,187,300,160,137,137,137,137,137,137,1,0,0,3,30,1,28.000,1,1,2,2,53,1,0,0,53,0,0,53,0,0,0,0,1,1,1,1,1,1,0,0,0,15440,0,0,0,0,0,0,0,0,0
0.965250,201.10,35.656,21.390,362,323,72.000,71,71,18.000,39.000,55.000,257,187,300,160,137,137,137,137,137,137,1,0,0,3,30,1,28.000,1,1,2,2,53,1,0,0,53,0,0,53,0,0,0,0,1,1,1,1,1,1,0,0,0,15444,0,0,0,0,0,0,0,0,0
0.965500,201.20,35.687,21.390,363,323,72.000,71,71,18.000,39.000,55.000,257,187,300,160,137,137,137,137,137,137,1,0,0,3,30,1,28.000,1,1,2,2,53,1,0,0,53,0,0,53,0,0,0,0,1,1,1,1,1,1,0,0,0,15448,0,0,0,0,0,0,0,0,0
0.965750,201.31,35.718,21.450,363,323,72.000,71,71,18.000,39.000,55.000,257,187,300,160,137,137,137,137,137,137,1,0,0,3,30,1,28.000,1,1,2,2,53,1,0,0,53,0,0,53,0,0,0,0,1,1,1,1,1,1,0,0,0,15452,0,0,0,0,0,0,0,0,0
0.966000,201.42,35.749,21.450,364,323,72.000,71,71,18.000,39.000,55.000,257,187,300,160,137,137,137,137,137,137,1,0,0,3,30,1,28.000,1,1,2,2,53,1,0,0,53,0,0,53,0,0,0,0,1,1,1,1,1,1,0,0,0,15456,0,0,0,0,0,0,0,0,0
0.966250,201.53,35.780,21.450,364,323,72.000,71,71,18.000,39.000,55.000,257,187,300,160,137,137,137,137,137,137,1,0,0,3,30,1,28.000,1,1,2,2,53,1,0,0,53,0,0,53,0,0,0,0,1,1,1,1,1,1,0,0,0,15460,0,0,0,0,0,0,0,0,0
0.966500,201.64,35.811,21.500,364,323,72.000,71,71,18.000,39.000,55.000,258,187,300,160,137,137,137,137,137,137,1,0,0,3,30,1,28.000,1,1,2,2,53,1,0,0,53,0,0,53,0,0,0,0,1,1,1,1,1,1,0,0,0,15464,0,0,0,0,0,0,0,0,0
0.966750,201.74,35.842,21.500,365,323,72.000,71,71,18.000,39.000,55.000,258,187,300,160,137,137,137,137,137,137,1,0,0,3,30,1,28.000,1,1,2,2,53,1,0,0,53,0,0,53,0,0,0,0,1,1,1,1,1,1,0,0,0,15468,0,0,0,0,0,0,0,0,0
0.967000,201.85,35.872,21.500,365,323,72.000,71,71,18.000,39.000,55.000,258,187,300,160,137,137,137,137,137,137,1,0,0,3,30,1,28.000,1,1,2,2,53,1,0,0,53,0,0,53,0,0,0,0,1,1,1,1,1,1,0,0,0,15472,0,0,0,0,0,0,0,0,0
0.967250,201.96,35.902,21.560,366,323,72.000,71,71,18.000,39.000,55.000,259,187,300,160,137,137,137,137,137,137,1,0,0,3,30,1,28.000,1,1,2,2,53,1,0,0,53,0,0,53,0,0,0,0,1,1,1,1,1,1,0,0,0,15476,0,0,0,0,0,0,0,0,0
0.967500,202.07,35.933,21.560,366,324,72.000,71,71,18.000,39.000,55.000,259,188,301,160,137,137,137,137,137,137,1,0,0,3,30,1,28.000,1,1,2,2,53,1,0,0,53,0,0,53,0,0,0,0,1,1,1,1,1,1,0,0,0,15480,0,0,0,0,0,0,0,0,0
0.967750,202.18,35.963,21.560,366,324,72.000,71,71,18.000,39.000,55.000,259,188,301,160,137,137,137,137,137,137,1,0,0,3,30,1,28.000,1,1,2,2,53,1,0,0,53,0,0,53,0,0,0,0,1,1,1,1,1,1,0,0,0,15484,0,0,0,0,0,0,0,0,0
0.968000,202.28,35.993,21.610,367,324,72.000,71,71,18.000,39.000,55.000,259,188,301,160,137,137,137,137,137,137,1,0,0,3,30,1,28.000,1,1,2,2,53,1,0,0,53,0,0,53,0,0,0,0,1,1,1,1,1,1,0,0,0,15488,0,0,0,0,0,0,0,0,0
0.968250,202.39,36.023,21.610,367,324,72.000,71,71,18.000,39.000,55.000,259,188,301,160,137,137,137,137,137,137,1,0,0,3,30,1,28.000,1,1,2,2,53,1,0,0,53,0,0,53,0,0,0,0,1,1,1,1,1,1,0,0,0,15492,0,0,0,0,0,0,0,0,0
0.968500,202.50,36.052,21.610,368,324,72.000,71,71,18.000,39.000,55.000,259,188,301,160,137,137,137,137,137,137,1,0,0,3,30,1,28.000,1,1,3,3,54,1,0,0,54,0,0,54,0,0,0,0,1,1,1,1,1,1,0,0,0,15496,0,0,0,0,0,0,0,0,0
0.968750,202.61,36.082,21.670,368,324,72.000,71,71,18.000,39.000,55.000,260,188,301,160,137,137,137,137,137,137,1,0,0,3,30,1,28.000,1,1,3,3,54,1,0,0,54,0,0,54,0,0,0,0,1,1,1,1,1,1,0,0,0,15500,0,0,0,0,0,0,0,0,0
0.969000,202.72,36.111,21.670,368,324,72.000,71,71,18.000,39.000,55.000,260,188,301,160,137,137,137,137,137,137,1,0,0,3,30,1,28.000,1,1,3,3,54,1,0,0,54,0,0,54,0,0,0,0,1,1,1,1,1,1,0,0,0,15504,0,0,0,0,0,0,0,0,0
0.969250,202.82,36.141,21.670,369,324,72.000,71,71,18.000,39.000,55.000,260,188,301,160,137,137,137,137,137,137,1,0,0,3,30,1,28.000,1,1,3,3,54,1,0,0,54,0,0,54,0,0,0,0,1,1,1,1,1,1,0,0,0,15508,0,0,0,0,0,0,0,0,0
0.969500,202.93,36.170,21.720,369,324,72.000,71,71,18.000,39.000,55.000,261,188,301,160,137,137,137,137,137,137,1,0,0,3,30,1,28.000,1,1,3,3,54,1,0,0,54,0,0,54,0,0,0,0,1,1,1,1,1,1,0,0,0,15512,0,0,0,0,0,0,0,0,0
0.969750,203.04,36.199,21.720,370,324,72.000,71,71,18.000,39.000,55.000,261,188,301,160,137,137,137,137,137,137,1,0,0,3,30,1,28.000,1,1,3,3,54,1,0,0,54,0,0,54,0,0,0,0,1,1,1,1,1,1,0,0,0,15516,0,0,0,0,0,0,0,0,0
0.970000,203.15,36.228,21.720,370,324,72.000,71,71,18.000,39.000,55.000,261,188,301,160,137,137,137,137,137,137,1,0,0,3,30,1,28.000,1,1,3,3,54,1,0,0,54,0,0,54,0,0,0,0,1,1,1,1,1,1,0,0,0,15520,0,0,0,0,0,0,0,0,0
0.970250,203.26,36.257,21.770,370,325,72.000,71,71,18.000,39.000,55.000,261,189,302,160,138,138,138,138,138,138,1,0,0,3,30,1,28.000,1,1,3,3,54,1,0,0,54,0,0,54,0,0,0,0,1,1,1,1,1,1,0,0,0,15524,0,0,0,0,0,0,0,0,0
0.970500,203.36,36.286,21.770,371,325,72.000,71,71,18.000,39.000,55.000,261,189,302,160,138,138,138,138,138,138,1,0,0,3,30,1,28.000,1,1,3,3,54,1,0,0,54,0,0,54,0,0,0,0,1,1,1,1,1,1,0,0,0,15528,0,0,0,0,0,0,0,0,0
0.970750,203.47,36.314,21.770,371,325,72.000,71,71,18.000,39.000,55.000,261,189,302,160,138,138,138,138,138,138,1,0,0,3,30,1,28.000,1,1,3,3,54,1,0,0,54,0,0,54,0,0,0,0,1,1,1,1,1,1,0,0,0,15532,0,0,0,0,0,0,0,0,0
0.971000,203.58,36.343,21.770,372,325,72.000,71,71,18.000,39.000,55.000,261,189,302,160,138,138,138,138,138,138,1,0,0,3,30,1,28.000,1,1,3,3,54,1,0,0,54,0,0,54,0,0,0,0,1,1,1,1,1,1,0,0,0,15536,0,0,0,0,0,0,0,0,0
0.971250,203.69,36.371,21.830,372,325,72.000,71,71,18.000,39.000,55.000,262,189,302,160,138,138,138,138,138,138,1,0,0,3,30,1,28.000,1,1,3,3,54,1,0,0,54,0,0,54,0,0,0,0,1,1,1,1,1,1,0,0,0,15540,0,0,0,0,0,0,0,0,0
0.971500,203.80,36.400,21.830,372,325,72.000,71,71,18.000,39.000,55.000,262,189,302,160,138,138,138,138,138,138,1,0,0,3,30,1,28.000,1,1,3,3,54,1,0,0,54,0,0,54,0,0,0,0,1,1,1,1,1,1,0,0,0,15544,0,0,0,0,0,0,0,0,0
0.971750,203.90,36.428,21.830,373,325,72.000,71,71,18.000,39.000,55.000,262,189,302,160,138,138,138,138,138,138,1,0,0,3,30,1,28.000,1,1,3,3,54,1,0,0,54,0,0,54,0,0,0,0,1,1,1,1,1,1,0,0,0,15548,0,0,0,0,0,0,0,0,0
0.972000,204.01,36.456,21.880,373,325,72.000,71,71,18.000,39.000,55.000,263,189,302,160,138,138,138,138,138,138,1,0,0,3,30,1,28.000,1,1,3,3,54,1,0,0,54,0,0,54,0,0,0,0,1,1,1,1,1,1,0,0,0,15552,0,0,0,0,0,0,0,0,0
0.972250,204.12,36.483,21.880,374,325,72.000,71,71,18.000,39.000,55.000,263,189,302,160,138,138,138,138,138,138,1,0,0,3,30,1,28.000,1,1,3,3,54,1,0,0,54,0,0,54,0,0,0,0,1,1,1,1,1,1,0,0,0,15556,0,0,0,0,0,0,0,0,0
0.972500,204.23,36.511,21.880,374,325,72.000,71,71,18.000,39.000,55.000,263,189,302,160,138,138,138,138,138,138,1,0,0,3,30,1,28.000,1,1,3,3,54,1,0,0,54,0,0,54,0,0,0,0,1,1,1,1,1,1,0,0,0,15560,0,0,0,0,0,0,0,0,0
0.972750,204.34,36.539,21.940,374,325,72.000,71,71,18.000,39.000,55.000,263,189,302,160,138,138,138,138,138,138,1,0,0,3,30,1,28.000,1,1,3,3,54,1,0,0,54,0,0,54,0,0,0,0,1,1,1,1,1,1,0,0,0,15564,0,0,0,0,0,0,0,0,0
0.973000,204.44,36.566,21.940,375,326,72.000,71,71,18.000,39.000,55.000,263,189,303,160,138,138,138,138,138,138,1,0,0,3,30,1,28.000,1,1,3,3,54,1,0,0,54,0,0,54,0,0,0,0,1,1,1,1,1,1,0,0,0,15568,0,0,0,0,0,0,0,0,0
0.973250,204.55,36.594,21.940,375,326,72.000,71,71,18.000,39.000,55.000,263,189,303,160,138,138,138,138,138,138,1,0,0,3,30,1,28.000,1,1,3,3,54,1,0,0,54,0,0,54,0,0,0,0,1,1,1,1,1,1,0,0,0,15572,0,0,0,0,0,0,0,0,0
0.973500,204.66,36.621,21.990,376,326,72.000,71,71,18.000,39.000,55.000,264,189,303,160,138,138,138,138,138,138,1,0,0,3,30,1,28.000,1,1,3,3,54,1,0,0,54,0,0,54,0,0,0,0,1,1,1,1,1,1,0,0,0,15576,0,0,0,0,0,0,0,0,0
0.973750,204.77,36.648,21.990,376,326,72.000,71,71,18.000,39.000,55.000,264,189,303,160,138,138,138,138,138,138,1,0,0,3,30,1,28.000,1,1,3,3,54,1,0,0,54,0,0,54,0,0,0,0,1,1,1,1,1,1,0,0,0,15580,0,0,0,0,0,0,0,0,0
0.974000,204.88,36.675,21.990,376,326,72.000,71,71,18.000,39.000,55.000,264,189,303,160,138,138,138,138,138,138,1,0,0,3,30,1,28.000,1,1,3,3,54,1,0,0,54,0,0,54,0,0,0,0,1,1,1,1,1,1,0,0,0,15584,0,0,0,0,0,0,0,0,0
0.974250,204.98,36.702,21.990,377,326,72.000,71,71,18.000,39.000,55.000,264,189,303,160,138,138,138,138,138,138,1,0,0,3,30,1,28.000,1,1,3,3,54,1,0,0,54,0,0,54,0,0,0,0,1,1,1,1,1,1,0,0,0,15588,0,0,0,0,0,0,0,0,0
0.974500,205.09,36.728,22.050,377,326,72.000,71,71,18.000,39.000,55.000,265,189,303,160,138,138,138,138,138,138,1,0,0,3,30,1,28.000,1,1,3,3,54,1,0,0,54,0,0,54,0,0,0,0,1,1,1,1,1,1,0,0,0,15592,0,0,0,0,0,0,0,0,0
0.974750,205.20,36.755,22.050,377,326,72.000,71,71,18.000,39.000,55.000,265,189,303,160,138,138,138,138,138,138,1,0,0,3,30,1,28.000,1,1,3,3,54,1,0,0,54,0,0,54,0,0,0,0,1,1,1,1,1,1,0,0,0,15596,0,0,0,0,0,0,0,0,0
0.975000,205.31,36.781,22.050,378,326,72.000,71,71,18.000,39.000,55.000,265,189,303,160,138,138,138,138,138,138,1,0,0,3,30,1,28.000,1,1,3,3,54,1,0,0,54,0,0,54,0,0,0,0,1,1,1,1,1,1,0,0,0,15600,0,0,0,0,0,0,0,0,0
0.975250,205.42,36.807,22.100,378,327,72.000,71,71,18.000,39.000,55.000,265,190,305,160,139,139,139,139,139,139,1,0,0,3,30,1,28.000,1,1,3,3,54,1,0,0,54,0,0,54,0,0,0,0,1,1,1,1,1,1,0,0,0,15604,0,0,0,0,0,0,0,0,0
0.975500,205.52,36.833,22.100,379,327,72.000,71,71,18.000,39.000,55.000,265,190,305,160,139,139,139,139,139,139,1,0,0,3,30,1,28.000,1,1,3,3,54,1,0,0,54,0,0,54,0,0,0,0,1,1,1,1,1,1,0,0,0,15608,0,0,0,0,0,0,0,0,0
0.975750,205.63,36.859,22.100,379,327,72.000,71,71,18.000,39.000,55.000,265,190,305,160,139,139,139,139,139,139,1,0,0,3,30,1,28.000,1,1,3,3,54,1,0,0,54,0,0,54,0,0,0,0,1,1,1,1,1,1,0,0,0,15612,0,0,0,0,0,0,0,0,0
0.976000,205.74,36.885,22.150,379,327,72.000,71,71,18.000,39.000,55.000,266,190,305,160,139,139,139,139,139,139,1,0,0,3,30,1,28.000,1,1,3,3,54,1,0,0,54,0,0,54,0,0,0,0,1,1,1,1,1,1,0,0,0,15616,0,0,0,0,0,0,0,0,0
0.976250,205.85,36.911,22.150,380,327,72.000,71,71,18.000,39.000,55.000,266,190,305,160,139,139,139,139,139,139,1,0,0,3,30,1,28.000,1,1,3,3,54,1,0,0,54,0,0,54,0,0,0,0,1,1,1,1,1,1,0,0,0,15620,0,0,0,0,0,0,0,0,0
0.976500,205.96,36.937,22.150,380,327,72.000,71,71,18.000,39.000,55.000,266,190,305,160,139,139,139,139,139,139,1,0,0,3,30,1,28.000,1,1,3,3,54,1,0,0,54,0,0,54,0,0,0,0,1,1,1,1,1,1,0,0,0,15624,0,0,0,0,0,0,0,0,0
0.976750,206.06,36.962,22.150,381,327,72.000,71,71,18.000,39.000,55.000,266,190,305,160,139,139,139,139,139,139,1,0,0,3,30,1,28.000,1,1,3,3,54,1,0,0,54,0,0,54,0,0,0,0,1,1,1,1,1,1,0,0,0,15628,0,0,0,0,0,0,0,0,0
0.977000,206.17,36.987,22.210,381,327,72.000,71,71,18.000,39.000,55.000,267,190,305,160,139,139,139,139,139,139,1,0,0,3,30,1,28.000,1,1,3,3,54,1,0,0,54,0,0,54,0,0,0,0,1,1,1,1,1,1,0,0,0,15632,0,0,0,0,0,0,0,0,0
0.977250,206.28,37.013,22.210,381,327,72.000,71,71,18.000,39.000,55.000,267,190,305,160,139,139,139,139,139,139,1,0,0,3,30,1,28.000,1,1,1,1,55,1,0,0,55,0,0,55,0,0,0,0,1,1,1,1,1,1,0,0,0,15636,0,0,0,0,0,0,0,0,0
0.977500,206.39,37.038,22.210,382,327,72.000,71,71,18.000,39.000,55.000,267,190,305,160,139,139,139,139,139,139,1,0,0,3,30,1,28.000,1,1,1,1,55,1,0,0,55,0,0,55,0,0,0,0,1,1,1,1,1,1,0,0,0,15640,0,0,0,0,0,0,0,0,0
0.977750,206.50,37.062,22.210,382,328,72.000,71,71,18.000,39.000,55.000,267,191,305,160,139,139,139,139,139,139,1,0,0,3,30,1,28.000,1,1,1,1,55,1,0,0,55,0,0,55,0,0,0,0,1,1,1,1,1,1,0,0,0,15644,0,0,0,0,0,0,0,0,0
0.978000,206.60,37.087,22.260,382,328,72.000,71,71,18.000,39.000,55.000,267,191,305,160,139,139,139,139,139,139,1,0,0,3,30,1,28.000,1,1,1,1,55,1,0,0,55,0,0,55,0,0,0,0,1,1,1,1,1,1,0,0,0,15648,0,0,0,0,0,0,0,0,0
0.978250,206.71,37.112,22.260,383,328,72.000,71,71,18.000,39.000,55.000,267,191,305,160,139,139,139,139,139,139,1,0,0,3,30,1,28.000,1,1,1,1,55,1,0,0,55,0,0,55,0,0,0,0,1,1,1,1,1,1,0,0,0,15652,0,0,0,0,0,0,0,0,0
0.978500,206.82,37.136,22.260,383,328,72.000,71,71,18.000,39.000,55.000,267,191,305,160,139,139,139,139,139,139,1,0,0,3,30,1,28.000,1,1,1,1,55,1,0,0,55,0,0,55,0,0,0,0,1,1,1,1,1,1,0,0,0,15656,0,0,0,0,0,0,0,0,0
0.978750,206.93,37.161,22.260,383,328,72.000,71,71,18.000,39.000,55.000,267,191,305,160,139,139,139,139,139,139,1,0,0,3,30,1,28.000,1,1,1,1,55,1,0,0,55,0,0,55,0,0,0,0,1,1,1,1,1,1,0,0,0,15660,0,0,0,0,0,0,0,0,0
0.979000,207.04,37.185,22.320,384,328,72.000,71,71,18.000,39.000,55.000,268,191,305,160,139,139,139,139,139,139,1,0,0,3,30,1,28.000,1,1,1,1,55,1,0,0,55,0,0,55,0,0,0,0,1,1,1,1,1,1,0,0,0,15664,0,0,0,0,0,0,0,0,0
0.979250,207.14,37.209,22.320,384,328,72.000,71,71,18.000,39.000,55.000,268,191,305,160,139,139,139,139,139,139,1,0,0,3,30,1,28.000,1,1,1,1,55,1,0,0,55,0,0,55,0,0,0,0,1,1,1,1,1,1,0,0,0,15668,0,0,0,0,0,0,0,0,0
0.979500,207.25,37.233,22.320,385,328,72.000,71,71,18.000,39.000,55.000,268,191,305,160,139,139,139,139,139,139,1,0,0,3,30,1,28.000,1,1,1,1,55,1,0,0,55,0,0,55,0,0,0,0,1,1,1,1,1,1,0,0,0,15672,0,0,0,0,0,0,0,0,0
0.979750,207.36,37.256,22.370,385,329,72.000,71,71,18.000,39.000,55.000,269,191,306,160,140,140,140,140,140,140,1,0,0,3,30,1,28.000,1,1,1,1,55,1,0,0,55,0,0,55,0,0,0,0,1,1,1,1,1,1,0,0,0,15676,0,0,0,0,0,0,0,0,0
0.980000,207.47,37.280,22.370,385,329,72.000,71,71,18.000,39.000,55.000,269,191,306,160,140,140,140,140,140,140,1,0,0,3,30,1,28.000,1,1,1,1,55,1,0,0,55,0,0,55,0,0,0,0,1,1,1,1,1,1,0,0,0,15680,0,0,0,0,0,0,0,0,0
0.980250,207.58,37.304,22.370,386,329,72.000,71,71,18.000,39.000,55.000,269,191,306,160,140,140,140,140,140,140,1,0,0,3,30,1,28.000,1,1,1,1,55,1,0,0,55,0,0,55,0,0,0,0,1,1,1,1,1,1,0,0,0,15684,0,0,0,0,0,0,0,0,0
0.980500,207.68,37.327,22.370,386,329,72.000,71,71,18.000,39.000,55.000,269,191,306,160,140,140,140,140,140,140,1,0,0,3,30,1,28.000,1,1,1,1,55,1,0,0,55,0,0,55,0,0,0,0,1,1,1,1,1,1,0,0,0,15688,0,0,0,0,0,0,0,0,0
0.980750,207.79,37.350,22.430,386,329,72.000,71,71,18.000,39.000,55.000,269,191,306,160,140,140,140,140,140,140,1,0,0,3,30,1,28.000,1,1,1,1,55,1,0,0,55,0,0,55,0,0,0,0,1,1,1,1,1,1,0,0,0,15692,0,0,0,0,0,0,0,0,0
0.981000,207.90,37.373,22.430,387,329,72.000,71,71,18.000,39.000,55.000,269,191,306,160,140,140,140,140,140,140,1,0,0,3,30,1,28.000,1,1,1,1,55,1,0,0,55,0,0,55,0,0,0,0,1,1,1,1,1,1,0,0,0,15696,0,0,0,0,0,0,0,0,0
0.981250,208.01,37.396,22.430,387,329,72.000,71,71,18.000,39.000,55.000,269,191,306,160,140,140,140,140,140,140,1,0,0,3,30,1,28.000,1,1,1,1,55,1,0,0,55,0,0,55,0,0,0,0,1,1,1,1,1,1,0,0,0,15700,0,0,0,0,0,0,0,0,0
0.981500,208.12,37.419,22.430,388,329,72.000,71,71,18.000,39.000,55.000,269,191,306,160,140,140,140,140,140,140,1,0,0,3,30,1,28.000,1,1,1,1,55,1,0,0,55,0,0,55,0,0,0,0,1,1,1,1,1,1,0,0,0,15704,0,0,0,0,0,0,0,0,0
0.981750,208.22,37.441,22.480,388,329,72.000,71,71,18.000,39.000,55.000,270,191,306,160,140,140,140,140,140,140,1,0,0,3,30,1,28.000,1,1,1,1,55,1,0,0,55,0,0,55,0,0,0,0,1,1,1,1,1,1,0,0,0,15708,0,0,0,0,0,0,0,0,0
0.982000,208.33,37.464,22.480,388,330,72.000,71,71,18.000,39.000,55.000,270,192,308,160,140,140,140,140,140,140,1,0,0,3,30,1,28.000,1,1,1,1,55,1,0,0,55,0,0,55,0,0,0,0,1,1,1,1,1,1,0,0,0,15712,0,0,0,0,0,0,0,0,0
0.982250,208.44,37.486,22.480,389,330,72.000,71,71,18.000,39.000,55.000,270,192,308,160,140,140,140,140,140,140,1,0,0,3,30,1,28.000,1,1,1,1,55,1,0,0,55,0,0,55,0,0,0,0,1,1,1,1,1,1,0,0,0,15716,0,0,0,0,0,0,0,0,0
0.982500,208.55,37.508,22.480,389,330,72.000,71,71,18.000,39.000,55.000,270,192,308,160,140,140,140,140,140,140,1,0,0,3,30,1,28.000,1,1,1,1,55,1,0,0,55,0,0,55,0,0,0,0,1,1,1,1,1,1,0,0,0,15720,0,0,0,0,0,0,0,0,0
0.982750,208.66,37.530,22.540,389,330,72.000,71,71,18.000,39.000,55.000,271,192,308,160,140,140,140,140,140,140,1,0,0,3,30,1,28.000,1,1,1,1,55,1,0,0,55,0,0,55,0,0,0,0,1,1,1,1,1,1,0,0,0,15724,0,0,0,0,0,0,0,0,0
0.983000,208.76,37.552,22.540,390,330,72.000,71,71,18.000,39.000,55.000,271,192,308,160,140,140,140,140,140,140,1,0,0,3,30,1,28.000,1,1,1,1,55,1,0,0,55,0,0,55,0,0,0,0,1,1,1,1,1,1,0,0,0,15728,0,0,0,0,0,0,0,0,0
0.983250,208.87,37.574,22.540,390,330,72.000,71,71,18.000,39.000,55.000,271,192,308,160,140,140,140,140,140,140,1,0,0,3,30,1,28.000,1,1,1,1,55,1,0,0,55,0,0,55,0,0,0,0,1,1,1,1,1,1,0,0,0,15732,0,0,0,0,0,0,0,0,0
0.983500,208.98,37.595,22.540,390,330,72.000,71,71,18.000,39.000,55.000,271,192,308,160,140,140,140,140,140,140,1,0,0,3,30,1,28.000,1,1,1,1,55,1,0,0,55,0,0,55,0,0,0,0,1,1,1,1,1,1,0,0,0,15736,0,0,0,0,0,0,0,0,0
0.983750,209.09,37.617,22.540,391,330,72.000,71,71,18.000,39.000,55.000,271,192,308,160,140,140,140,140,140,140,1,0,0,3,30,1,28.000,1,1,1,1,55,1,0,0,55,0,0,55,0,0,0,0,1,1,1,1,1,1,0,0,0,15740,0,0,0,0,0,0,0,0,0
0.984000,209.20,37.638,22.590,391,331,72.000,71,71,18.000,39.000,55.000,271,193,309,160,140,140,140,140,140,140,1,0,0,3,30,1,28.000,1,1,1,1,55,1,0,0,55,0,0,55,0,0,0,0,1,1,1,1,1,1,0,0,0,15744,0,0,0,0,0,0,0,0,0
0.984250,209.30,37.659,22.590,391,331,72.000,71,71,18.000,39.000,55.000,271,193,309,160,140,140,140,140,140,140,1,0,0,3,30,1,28.000,1,1,1,1,55,1,0,0,55,0,0,55,0,0,0,0,1,1,1,1,1,1,0,0,0,15748,0,0,0,0,0,0,0,0,0
0.984500,209.41,37.680,22.590,392,331,72.000,71,71,18.000,39.000,55.000,271,193,309,160,140,140,140,140,140,140,1,0,0,3,30,1,28.000,1,1,1,1,55,1,0,0,55,0,0,55,0,0,0,0,1,1,1,1,1,1,0,0,0,15752,0,0,0,0,0,0,0,0,0
0.984750,209.52,37.701,22.590,392,331,72.000,71,71,18.000,39.000,55.000,271,193,309,160,140,140,140,140,140,140,1,0,0,3,30,1,28.000,1,1,1,1,55,1,0,0,55,0,0,55,0,0,0,0,1,1,1,1,1,1,0,0,0,15756,0,0,0,0,0,0,0,0,0
0.985000,209.63,37.722,22.640,393,331,72.000,71,71,18.000,39.000,55.000,272,193,309,160,140,140,140,140,140,140,1,0,0,3,30,1,28.000,1,1,1,1,55,1,0,0,55,0,0,55,0,0,0,0,1,1,1,1,1,1,0,0,0,15760,0,0,0,0,0,0,0,0,0
0.985250,209.74,37.742,22.640,393,331,72.000,71,71,18.000,39.000,55.000,272,193,309,160,140,140,140,140,140,140,1,0,0,3,30,1,28.000,1,1,1,1,55,1,0,0,55,0,0,55,0,0,0,0,1,1,1,1,1,1,0,0,0,15764,0,0,0,0,0,0,0,0,0
0.985500,209.84,37.763,22.640,393,331,72.000,71,71,18.000,39.000,55.000,272,193,309,160,140,140,140,140,140,140,1,0,0,3,30,1,28.000,1,1,1,1,55,1,0,0,55,0,0,55,0,0,0,0,1,1,1,1,1,1,0,0,0,15768,0,0,0,0,0,0,0,0,0
0.985750,209.95,37.783,22.640,394,331,72.000,71,71,18.000,39.000,55.000,272,193,309,160,140,140,140,140,140,140,1,0,0,3,30,1,28.000,1,1,1,1,55,1,0,0,55,0,0,55,0,0,0,0,1,1,1,1,1,1,0,0,0,15772,0,0,0,0,0,0,0,0,0
0.986000,210.06,37.803,22.700,394,332,72.000,71,71,18.000,39.000,55.000,273,193,310,160,141,141,141,141,141,141,1,0,0,3,30,1,28.000,1,1,0,0,56,1,0,0,56,0,0,56,0,0,0,0,1,1,1,1,1,1,0,0,0,15776,0,0,0,0,0,0,0,0,0
0.986250,210.17,37.823,22.700,394,332,72.000,71,71,18.000,39.000,55.000,273,193,310,160,141,141,141,141,141,141,1,0,0,3,30,1,28.000,1,1,0,0,56,1,0,0,56,0,0,56,0,0,0,0,1,1,1,1,1,1,0,0,0,15780,0,0,0,0,0,0,0,0,0
0.986500,210.28,37.843,22.700,395,332,72.000,71,71,18.000,39.000,55.000,273,193,310,160,141,141,141,141,141,141,1,0,0,3,30,1,28.000,1,1,0,0,56,1,0,0,56,0,0,56,0,0,0,0,1,1,1,1,1,1,0,0,0,15784,0,0,0,0,0,0,0,0,0
0.986750,210.38,37.862,22.700,395,332,72.000,71,71,18.000,39.000,55.000,273,193,310,160,141,141,141,141,141,141,1,0,0,3,30,1,28.000,1,1,0,0,56,1,0,0,56,0,0,56,0,0,0,0,1,1,1,1,1,1,0,0,0,15788,0,0,0,0,0,0,0,0,0
0.987000,210.49,37.882,22.700,395,332,72.000,71,71,18.000,39.000,55.000,273,193,310,160,141,141,141,141,141,141,1,0,0,3,30,1,28.000,1,1,0,0,56,1,0,0,56,0,0,56,0,0,0,0,1,1,1,1,1,1,0,0,0,15792,0,0,0,0,0,0,0,0,0
0.987250,210.60,37.901,22.750,396,332,72.000,71,71,18.000,39.000,55.000,273,193,310,160,141,141,141,141,141,141,1,0,0,3,30,1,28.000,1,1,0,0,56,1,0,0,56,0,0,56,0,0,0,0,1,1,1,1,1,1,0,0,0,15796,0,0,0,0,0,0,0,0,0
0.987500,210.71,37.920,22.750,396,332,72.000,71,71,18.000,39.000,55.000,273,193,310,160,141,141,141,141,141,141,1,0,0,3,30,1,28.000,1,1,0,0,56,1,0,0,56,0,0,56,0,0,0,0,1,1,1,1,1,1,0,0,0,15800,0,0,0,0,0,0,0,0,0
0.987750,210.82,37.939,22.750,396,332,72.000,71,71,18.000,39.000,55.000,273,193,310,160,141,141,141,141,141,141,1,0,0,3,30,1,28.000,1,1,0,0,56,1,0,0,56,0,0,56,0,0,0,0,1,1,1,1,1,1,0,0,0,15804,0,0,0,0,0,0,0,0,0
0.988000,210.92,37.958,22.750,397,333,72.000,71,71,18.000,39.000,55.000,273,194,311,160,141,141,141,141,141,141,1,0,0,3,30,1,28.000,1,1,0,0,56,1,0,0,56,0,0,56,0,0,0,0,1,1,1,1,1,1,0,0,0,15808,0,0,0,0,0,0,0,0,0
0.988250,211.03,37.977,22.750,397,333,72.000,71,71,18.000,39.000,55.000,273,194,311,160,141,141,141,141,141,141,1,0,0,3,30,1,28.000,1,1,0,0,56,1,0,0,56,0,0,56,0,0,0,0,1,1,1,1,1,1,0,0,0,15812,0,0,0,0,0,0,0,0,0
0.988500,211.14,37.996,22.810,397,333,72.000,71,71,18.000,39.000,55.000,274,194,311,160,141,141,141,141,141,141,1,0,0,3,30,1,28.000,1,1,0,0,56,1,0,0,56,0,0,56,0,0,0,0,1,1,1,1,1,1,0,0,0,15816,0,0,0,0,0,0,0,0,0
0.988750,211.25,38.014,22.810,398,333,72.000,71,71,18.000,39.000,55.000,274,194,311,160,141,141,141,141,141,141,1,0,0,3,30,1,28.000,1,1,0,0,56,1,0,0,56,0,0,56,0,0,0,0,1,1,1,1,1,1,0,0,0,15820,0,0,0,0,0,0,0,0,0
0.989000,211.36,38.032,22.810,398,333,72.000,71,71,18.000,39.000,55.000,274,194,311,160,141,141,141,141,141,141,1,0,0,3,30,1,28.000,1,1,0,0,56,1,0,0,56,0,0,56,0,0,0,0,1,1,1,1,1,1,0,0,0,15824,0,0,0,0,0,0,0,0,0
0.989250,211.46,38.050,22.810,398,333,72.000,71,71,18.000,39.000,55.000,274,194,311,160,141,141,141,141,141,141,1,0,0,3,30,1,28.000,1,1,0,0,56,1,0,0,56,0,0,56,0,0,0,0,1,1,1,1,1,1,0,0,0,15828,0,0,0,0,0,0,0,0,0
0.989500,211.57,38.068,22.810,399,333,72.000,71,71,18.000,39.000,55.000,274,194,311,160,141,141,141,141,141,141,1,0,0,3,30,1,28.000,1,1,0,0,56,1,0,0,56,0,0,56,0,0,0,0,1,1,1,1,1,1,0,0,0,15832,0,0,0,0,0,0,0,0,0
0.989750,211.68,38.086,22.860,399,334,72.000,71,71,18.000,39.000,55.000,274,195,312,160,142,142,142,142,142,142,1,0,0,3,30,1,28.000,1,1,0,0,56,1,0,0,56,0,0,56,0,0,0,0,1,1,1,1,1,1,0,0,0,15836,0,0,0,0,0,0,0,0,0
0.990000,211.79,38.104,22.860,399,334,72.000,71,71,18.000,39.000,55.000,274,195,312,160,142,142,142,142,142,142,1,0,0,3,30,1,28.000,1,1,0,0,56,1,0,0,56,0,0,56,0,0,0,0,1,1,1,1,1,1,0,0,0,15840,0,0,0,0,0,0,0,0,0
0.990250,211.90,38.121,22.860,400,334,72.000,71,71,18.000,39.000,55.000,274,195,312,160,142,142,142,142,142,142,1,0,0,3,30,1,28.000,1,1,0,0,56,1,0,0,56,0,0,56,0,0,0,0,1,1,1,1,1,1,0,0,0,15844,0,0,0,0,0,0,0,0,0
0.990500,212.00,38.138,22.860,400,334,72.000,71,71,18.000,39.000,55.000,274,195,312,160,142,142,142,142,142,142,1,0,0,3,30,1,28.000,1,1,0,0,56,1,0,0,56,0,0,56,0,0,0,0,1,1,1,1,1,1,0,0,0,15848,0,0,0,0,0,0,0,0,0
0.990750,212.11,38.156,22.920,400,334,72.000,71,71,18.000,39.000,55.000,275,195,312,160,142,142,142,142,142,142,1,0,0,3,30,1,28.000,1,1,0,0,56,1,0,0,56,0,0,56,0,0,0,0,1,1,1,1,1,1,0,0,0,15852,0,0,0,0,0,0,0,0,0
0.991000,212.22,38.173,22.920,401,334,72.000,71,71,18.000,39.000,55.000,275,195,312,160,142,142,142,142,142,142,1,0,0,3,30,1,28.000,1,1,0,0,56,1,0,0,56,0,0,56,0,0,0,0,1,1,1,1,1,1,0,0,0,15856,0,0,0,0,0,0,0,0,0
0.991250,212.33,38.189,22.920,401,334,72.000,71,71,18.000,39.000,55.000,275,195,312,160,142,142,142,142,142,142,1,0,0,3,30,1,28.000,1,1,0,0,56,1,0,0,56,0,0,56,0,0,0,0,1,1,1,1,1,1,0,0,0,15860,0,0,0,0,0,0,0,0,0
0.991500,212.44,38.206,22.920,401,335,72.000,71,71,18.000,39.000,55.000,275,195,313,160,142,142,142,142,142,142,1,0,0,3,30,1,28.000,1,1,0,0,56,1,0,0,56,0,0,56,0,0,0,0,1,1,1,1,1,1,0,0,0,15864,0,0,0,0,0,0,0,0,0
0.991750,212.54,38.223,22.920,402,335,72.000,71,71,18.000,39.000,55.000,275,195,313,160,142,142,142,142,142,142,1,0,0,3,30,1,28.000,1,1,0,0,56,1,0,0,56,0,0,56,0,0,0,0,1,1,1,1,1,1,0,0,0,15868,0,0,0,0,0,0,0,0,0
0.992000,212.65,38.239,22.920,402,335,72.000,71,71,18.000,39.000,55.000,275,195,313,160,142,142,142,142,142,142,1,0,0,3,30,1,28.000,1,1,0,0,56,1,0,0,56,0,0,56,0,0,0,0,1,1,1,1,1,1,0,0,0,15872,0,0,0,0,0,0,0,0,0
0.992250,212.76,38.255,22.970,402,335,72.000,71,71,18.000,39.000,55.000,276,195,313,160,142,142,142,142,142,142,1,0,0,3,30,1,28.000,1,1,0,0,56,1,0,0,56,0,0,56,0,0,0,0,1,1,1,1,1,1,0,0,0,15876,0,0,0,0,0,0,0,0,0
0.992500,212.87,38.271,22.970,403,335,72.000,71,71,18.000,39.000,55.000,276,195,313,160,142,142,142,142,142,142,1,0,0,3,30,1,28.000,1,1,0,0,56,1,0,0,56,0,0,56,0,0,0,0,1,1,1,1,1,1,0,0,0,15880,0,0,0,0,0,0,0,0,0
0.992750,212.98,38.287,22.970,403,335,72.000,71,71,18.000,39.000,55.000,276,195,313,160,142,142,142,142,142,142,1,0,0,3,30,1,28.000,1,1,0,0,56,1,0,0,56,0,0,56,0,0,0,0,1,1,1,1,1,1,0,0,0,15884,0,0,0,0,0,0,0,0,0
0.993000,213.08,38.303,22.970,403,335,72.000,71,71,18.000,39.000,55.000,276,195,313,160,142,142,142,142,142,142,1,0,0,3,30,1,28.000,1,1,0,0,56,1,0,0,56,0,0,56,0,0,0,0,1,1,1,1,1,1,0,0,0,15888,0,0,0,0,0,0,0,0,0
0.993250,213.19,38.318,22.970,404,335,72.000,71,71,18.000,39.000,55.000,276,195,313,160,142,142,142,142,142,142,1,0,0,3,30,1,28.000,1,1,0,0,56,1,0,0,56,0,0,56,0,0,0,0,1,1,1,1,1,1,0,0,0,15892,0,0,0,0,0,0,0,0,0
0.993500,213.30,38.334,22.970,404,336,72.000,71,71,18.000,39.000,55.000,276,196,314,160,143,143,143,143,143,143,1,0,0,3,30,1,28.000,1,1,0,0,56,1,0,0,56,0,0,56,0,0,0,0,1,1,1,1,1,1,0,0,0,15896,0,0,0,0,0,0,0,0,0
0.993750,213.41,38.349,23.030,404,336,72.000,71,71,18.000,39.000,55.000,276,196,314,160,143,143,143,143,143,143,1,0,0,3,30,1,28.000,1,1,0,0,56,1,0,0,56,0,0,56,0,0,0,0,1,1,1,1,1,1,0,0,0,15900,0,0,0,0,0,0,0,0,0
0.994000,213.52,38.364,23.030,405,336,72.000,71,71,18.000,39.000,55.000,276,196,314,160,143,143,143,143,143,143,1,0,0,3,30,1,28.000,1,1,0,0,56,1,0,0,56,0,0,56,0,0,0,0,1,1,1,1,1,1,0,0,0,15904,0,0,0,0,0,0,0,0,0
0.994250,213.62,38.379,23.030,405,336,72.000,71,71,18.000,39.000,55.000,276,196,314,160,143,143,143,143,143,143,1,0,0,3,30,1,28.000,1,1,0,0,56,1,0,0,56,0,0,56,0,0,0,0,1,1,1,1,1,1,0,0,0,15908,0,0,0,0,0,0,0,0,0
0.994500,213.73,38.394,23.030,405,336,72.000,71,71,18.000,39.000,55.000,276,196,314,160,143,143,143,143,143,143,1,0,0,3,30,1,28.000,1,1,0,0,56,1,0,0,56,0,0,56,0,0,0,0,1,1,1,1,1,1,0,0,0,15912,0,0,0,0,0,0,0,0,0
0.994750,213.84,38.409,23.030,405,336,72.000,71,71,18.000,39.000,55.000,276,196,314,160,143,143,143,143,143,143,1,0,0,3,30,1,28.000,1,1,2,2,57,1,0,0,57,0,0,57,0,0,0,0,1,1,1,1,1,1,0,0,0,15916,0,0,0,0,0,0,0,0,0
0.995000,213.95,38.423,23.030,406,336,72.000,71,71,18.000,39.000,55.000,276,196,314,160,143,143,143,143,143,143,1,0,0,3,30,1,28.000,1,1,2,2,57,1,0,0,57,0,0,57,0,0,0,0,1,1,1,1,1,1,0,0,0,15920,0,0,0,0,0,0,0,0,0
0.995250,214.06,38.437,23.080,406,337,72.000,71,71,18.000,39.000,55.000,277,197,315,160,143,143,143,143,143,143,1,0,0,3,30,1,28.000,1,1,2,2,57,1,0,0,57,0,0,57,0,0,0,0,1,1,1,1,1,1,0,0,0,15924,0,0,0,0,0,0,0,0,0
0.995500,214.16,38.451,23.080,406,337,72.000,71,71,18.000,39.000,55.000,277,197,315,160,143,143,143,143,143,143,1,0,0,3,30,1,28.000,1,1,2,2,57,1,0,0,57,0,0,57,0,0,0,0,1,1,1,1,1,1,0,0,0,15928,0,0,0,0,0,0,0,0,0
0.995750,214.27,38.465,23.080,407,337,72.000,71,71,18.000,39.000,55.000,277,197,315,160,143,143,143,143,143,143,1,0,0,3,30,1,28.000,1,1,2,2,57,1,0,0,57,0,0,57,0,0,0,0,1,1,1,1,1,1,0,0,0,15932,0,0,0,0,0,0,0,0,0
0.996000,214.38,38.479,23.080,407,337,72.000,71,71,18.000,39.000,55.000,277,197,315,160,143,143,143,143,143,143,1,0,0,3,30,1,28.000,1,1,2,2,57,1,0,0,57,0,0,57,0,0,0,0,1,1,1,1,1,1,0,0,0,15936,0,0,0,0,0,0,0,0,0
0.996250,214.49,38.493,23.080,407,337,72.000,71,71,18.000,39.000,55.000,277,197,315,160,143,143,143,143,143,143,1,0,0,3,30,1,28.000,1,1,2,2,57,1,0,0,57,0,0,57,0,0,0,0,1,1,1,1,1,1,0,0,0,15940,0,0,0,0,0,0,0,0,0
0.996500,214.60,38.506,23.080,408,337,72.000,71,71,18.000,39.000,55.000,277,197,315,160,143,143,143,143,143,143,1,0,0,3,30,1,28.000,1,1,2,2,57,1,0,0,57,0,0,57,0,0,0,0,1,1,1,1,1,1,0,0,0,15944,0,0,0,0,0,0,0,0,0
0.996750,214.70,38.520,23.130,408,337,72.000,71,71,18.000,39.000,55.000,278,197,315,160,143,143,143,143,143,143,1,0,0,3,30,1,28.000,1,1,2,2,57,1,0,0,57,0,0,57,0,0,0,0,1,1,1,1,1,1,0,0,0,15948,0,0,0,0,0,0,0,0,0
0.997000,214.81,38.533,23.130,408,338,72.000,71,71,18.000,39.000,55.000,278,197,316,160,144,144,144,144,144,144,1,0,0,3,30,1,28.000,1,1,2,2,57,1,0,0,57,0,0,57,0,0,0,0,1,1,1,1,1,1,0,0,0,15952,0,0,0,0,0,0,0,0,0
0.997250,214.92,38.546,23.130,409,338,72.000,71,71,18.000,39.000,55.000,278,197,316,160,144,144,144,144,144,144,1,0,0,3,30,1,28.000,1,1,2,2,57,1,0,0,57,0,0,57,0,0,0,0,1,1,1,1,1,1,0,0,0,15956,0,0,0,0,0,0,0,0,0
0.997500,215.03,38.559,23.130,409,338,72.000,71,71,18.000,39.000,55.000,278,197,316,160,144,144,144,144,144,144,1,0,0,3,30,1,28.000,1,1,2,2,57,1,0,0,57,0,0,57,0,0,0,0,1,1,1,1,1,1,0,0,0,15960,0,0,0,0,0,0,0,0,0
0.997750,215.14,38.571,23.130,409,338,72.000,71,71,18.000,39.000,55.000,278,197,316,160,144,144,144,144,144,144,1,0,0,3,30,1,28.000,1,1,2,2,57,1,0,0,57,0,0,57,0,0,0,0,1,1,1,1,1,1,0,0,0,15964,0,0,0,0,0,0,0,0,0
0.998000,215.24,38.584,23.130,409,338,72.000,71,71,18.000,39.000,55.000,278,197,316,160,144,144,144,144,144,144,1,0,0,3,30,1,28.000,1,1,2,2,57,1,0,0,57,0,0,57,0,0,0,0,1,1,1,1,1,1,0,0,0,15968,0,0,0,0,0,0,0,0,0
0.998250,215.35,38.596,23.130,410,338,72.000,71,71,18.000,39.000,55.000,278,197,316,160,144,144,144,144,144,144,1,0,0,3,30,1,28.000,1,1,2,2,57,1,0,0,57,0,0,57,0,0,0,0,1,1,1,1,1,1,0,0,0,15972,0,0,0,0,0,0,0,0,0
0.998500,215.46,38.608,23.130,410,339,72.000,71,71,18.000,39.000,55.000,278,198,317,160,144,144,144,144,144,144,1,0,0,3,30,1,28.000,1,1,2,2,57,1,0,0,57,0,0,57,0,0,0,0,1,1,1,1,1,1,0,0,0,15976,0,0,0,0,0,0,0,0,0
0.998750,215.57,38.620,23.190,410,339,72.000,71,71,18.000,39.000,55.000,278,198,317,160,144,144,144,144,144,144,1,0,0,3,30,1,28.000,1,1,2,2,57,1,0,0,57,0,0,57,0,0,0,0,1,1,1,1,1,1,0,0,0,15980,0,0,0,0,0,0,0,0,0
0.999000,215.68,38.632,23.190,411,339,72.000,71,71,18.000,39.000,55.000,278,198,317,160,144,144,144,144,144,144,1,0,0,3,30,1,28.000,1,1,2,2,57,1,0,0,57,0,0,57,0,0,0,0,1,1,1,1,1,1,0,0,0,15984,0,0,0,0,0,0,0,0,0
0.999250,215.78,38.644,23.190,411,339,72.000,71,71,18.000,39.000,55.000,278,198,317,160,144,144,144,144,144,144,1,0,0,3,30,1,28.000,1,1,2,2,57,1,0,0,57,0,0,57,0,0,0,0,1,1,1,1,1,1,0,0,0,15988,0,0,0,0,0,0,0,0,0
0.999500,215.89,38.655,23.190,411,339,72.000,71,71,18.000,39.000,55.000,278,198,317,160,144,144,144,144,144,144,1,0,0,3,30,1,28.000,1,1,2,2,57,1,0,0,57,0,0,57,0,0,0,0,1,1,1,1,1,1,0,0,0,15992,0,0,0,0,0,0,0,0,0
0.999750,216.00,38.667,23.190,412,339,72.000,71,71,18.000,39.000,55.000,278,198,317,160,144,144,144,144,144,144,1,0,0,3,30,1,28.000,1,1,2,2,57,1,0,0,57,0,0,57,0,0,0,0,1,1,1,1,1,1,0,0,0,15996,0,0,0,0,0,0,0,0,0
1.000000,216.11,38.678,23.190,412,339,72.000,71,71,18.000,39.000,55.000,278,198,317,160,144,144,144,144,144,144,1,0,0,3,30,1,28.000,1,1,2,2,57,1,0,0,57,0,0,57,0,0,0,0,1,1,1,1,1,1,0,0,0,16000,0,0,0,0,0,0,0,0,0
1.000250,216.22,38.689,23.190,412,340,72.000,71,71,18.000,39.000,55.000,278,199,318,160,145,145,145,145,145,145,1,0,0,3,30,1,28.000,1,1,2,2,57,1,0,0,57,0,0,57,0,0,0,0,1,1,1,1,1,1,0,0,0,16004,0,0,0,0,0,0,0,0,0
1.000500,216.32,38.700,23.190,412,340,72.000,71,71,18.000,39.000,55.000,278,199,318,160,145,145,145,145,145,145,1,0,0,3,30,1,28.000,1,1,2,2,57,1,0,0,57,0,0,57,0,0,0,0,1,1,1,1,1,1,0,0,0,16008,0,0,0,0,0,0,0,0,0
1.000750,216.43,38.710,23.240,413,340,72.000,71,71,18.000,39.000,55.000,279,199,318,160,145,145,145,145,145,145,1,0,0,3,30,1,28.000,1,1,2,2,57,1,0,0,57,0,0,57,0,0,0,0,1,1,1,1,1,1,0,0,0,16012,0,0,0,0,0,0,0,0,0
1.001000,216.54,38.721,23.240,413,340,72.000,71,71,18.000,39.000,55.000,279,199,318,160,145,145,145,145,145,145,1,0,0,3,30,1,28.000,1,1,2,2,57,1,0,0,57,0,0,57,0,0,0,0,1,1,1,1,1,1,0,0,0,16016,0,0,0,0,0,0,0,0,0
1.001250,216.65,38.731,23.240,413,340,72.000,71,71,18.000,39.000,55.000,279,199,318,160,145,145,145,145,145,145,1,0,0,3,30,1,28.000,1,1,2,2,57,1,0,0,57,0,0,57,0,0,0,0,1,1,1,1,1,1,0,0,0,16020,0,0,0,0,0,0,0,0,0
1.001500,216.76,38.741,23.240,414,340,72.000,71,71,18.000,39.000,55.000,279,199,318,160,145,145,145,145,145,145,1,0,0,3,30,1,28.000,1,1,2,2,57,1,0,0,57,0,0,57,0,0,0,0,1,1,1,1,1,1,0,0,0,16024,0,0,0,0,0,0,0,0,0
1.001750,216.86,38.751,23.240,414,340,72.000,71,71,18.000,39.000,55.000,279,199,318,160,145,145,145,145,145,145,1,0,0,3,30,1,28.000,1,1,2,2,57,1,0,0,57,0,0,57,0,0,0,0,1,1,1,1,1,1,0,0,0,16028,0,0,0,0,0,0,0,0,0
1.002000,216.97,38.761,23.240,414,341,72.000,71,71,18.000,39.000,55.000,279,199,319,160,145,145,145,145,145,145,1,0,0,3,30,1,28.000,1,1,2,2,57,1,0,0,57,0,0,57,0,0,0,0,1,1,1,1,1,1,0,0,0,16032,0,0,0,0,0,0,0,0,0
1.002250,217.08,38.771,23.240,414,341,72.000,71,71,18.000,39.000,55.000,279,199,319,160,145,145,145,145,145,145,1,0,0,3,30,1,28.000,1,1,2,2,57,1,0,0,57,0,0,57,0,0,0,0,1,1,1,1,1,1,0,0,0,16036,0,0,0,0,0,0,0,0,0
1.002500,217.19,38.780,23.240,415,341,72.000,71,71,18.000,39.000,55.000,279,199,319,160,145,145,145,145,145,145,1,0,0,3,30,1,28.000,1,1,2,2,57,1,0,0,57,0,0,57,0,0,0,0,1,1,1,1,1,1,0,0,0,16040,0,0,0,0,0,0,0,0,0
1.002750,217.30,38.790,23.300,415,341,72.000,71,71,18.000,39.000,55.000,280,199,319,160,145,145,145,145,145,145,1,0,0,3,30,1,28.000,1,1,2,2,57,1,0,0,57,0,0,57,0,0,0,0,1,1,1,1,1,1,0,0,0,16044,0,0,0,0,0,0,0,0,0
1.003000,217.40,38.799,23.300,415,341,72.000,71,71,18.000,39.000,55.000,280,199,319,160,145,145,145,145,145,145,1,0,0,3,30,1,28.000,1,1,2,2,57,1,0,0,57,0,0,57,0,0,0,0,1,1,1,1,1,1,0,0,0,16048,0,0,0,0,0,0,0,0,0
1.003250,217.51,38.808,23.300,415,341,72.000,71,71,18.000,39.000,55.000,280,199,319,160,145,145,145,145,145,145,1,0,0,3,30,1,28.000,1,1,3,3,58,1,0,0,58,0,0,58,0,0,0,0,1,1,1,1,1,1,0,0,0,16052,0,0,0,0,0,0,0,0,0
1.003500,217.62,38.817,23.300,416,342,72.000,71,71,18.000,39.000,55.000,280,200,320,160,146,146,146,146,146,146,1,0,0,3,30,1,28.000,1,1,3,3,58,1,0,0,58,0,0,58,0,0,0,0,1,1,1,1,1,1,0,0,0,16056,0,0,0,0,0,0,0,0,0
1.003750,217.73,38.826,23.300,416,342,72.000,71,71,18.000,39.000,55.000,280,200,320,160,146,146,146,146,146,146,1,0,0,3,30,1,28.000,1,1,3,3,58,1,0,0,58,0,0,58,0,0,0,0,1,1,1,1,1,1,0,0,0,16060,0,0,0,0,0,0,0,0,0
1.004000,217.84,38.834,23.300,416,342,72.000,71,71,18.000,39.000,55.000,280,200,320,160,146,146,146,146,146,146,1,0,0,3,30,1,28.000,1,1,3,3,58,1,0,0,58,0,0,58,0,0,0,0,1,1,1,1,1,1,0,0,0,16064,0,0,0,0,0,0,0,0,0
1.004250,217.94,38.842,23.300,417,342,72.000,71,71,18.000,39.000,55.000,280,200,320,160,146,146,146,146,146,146,1,0,0,3,30,1,28.000,1,1,3,3,58,1,0,0,58,0,0,58,0,0,0,0,1,1,1,1,1,1,0,0,0,16068,0,0,0,0,0,0,0,0,0
1.004500,218.05,38.851,23.300,417,342,72.000,71,71,18.000,39.000,55.000,280,200,320,160,146,146,146,146,146,146,1,0,0,3,30,1,28.000,1,1,3,3,58,1,0,0,58,0,0,58,0,0,0,0,1,1,1,1,1,1,0,0,0,16072,0,0,0,0,0,0,0,0,0
1.004750,218.16,38.859,23.300,417,342,72.000,71,71,18.000,39.000,55.000,280,200,320,160,146,146,146,146,146,146,1,0,0,3,30,1,28.000,1,1,3,3,58,1,0,0,58,0,0,58,0,0,0,0,1,1,1,1,1,1,0,0,0,16076,0,0,0,0,0,0,0,0,0
1.005000,218.27,38.866,23.300,417,342,72.000,71,71,18.000,39.000,55.000,280,200,320,160,146,146,146,146,146,146,1,0,0,3,30,1,28.000,1,1,3,3,58,1,0,0,58,0,0,58,0,0,0,0,1,1,1,1,1,1,0,0,0,16080,0,0,0,0,0,0,0,0,0
1.005250,218.38,38.874,23.300,418,343,72.000,71,71,18.000,39.000,55.000,280,201,321,160,146,146,146,146,146,146,1,0,0,3,30,1,28.000,1,1,3,3,58,1,0,0,58,0,0,58,0,0,0,0,1,1,1,1,1,1,0,0,0,16084,0,0,0,0,0,0,0,0,0
1.005500,218.48,38.882,23.300,418,343,72.000,71,71,18.000,39.000,55.000,280,201,321,160,146,146,146,146,146,146,1,0,0,3,30,1,28.000,1,1,3,3,58,1,0,0,58,0,0,58,0,0,0,0,1,1,1,1,1,1,0,0,0,16088,0,0,0,0,0,0,0,0,0
1.005750,218.59,38.889,23.350,418,343,72.000,71,71,18.000,39.000,55.000,280,201,321,160,146,146,146,146,146,146,1,0,0,3,30,1,28.000,1,1,3,3,58,1,0,0,58,0,0,58,0,0,0,0,1,1,1,1,1,1,0,0,0,16092,0,0,0,0,0,0,0,0,0
1.006000,218.70,38.896,23.350,418,343,72.000,71,71,18.000,39.000,55.000,280,201,321,160,146,146,146,146,146,146,1,0,0,3,30,1,28.000,1,1,3,3,58,1,0,0,58,0,0,58,0,0,0,0,1,1,1,1,1,1,0,0,0,16096,0,0,0,0,0,0,0,0,0
1.006250,218.81,38.903,23.350,419,343,72.000,71,71,18.000,39.000,55.000,280,201,321,160,146,146,146,146,146,146,1,0,0,3,30,1,28.000,1,1,3,3,58,1,0,0,58,0,0,58,0,0,0,0,1,1,1,1,1,1,0,0,0,16100,0,0,0,0,0,0,0,0,0
1.006500,218.92,38.910,23.350,419,343,72.000,71,71,18.000,39.000,55.000,280,201,321,160,146,146,146,146,146,146,1,0,0,3,30,1,28.000,1,1,3,3,58,1,0,0,58,0,0,58,0,0,0,0,1,1,1,1,1,1,0,0,0,16104,0,0,0,0,0,0,0,0,0
1.006750,219.02,38.916,23.350,419,344,72.000,71,71,18.000,39.000,55.000,280,201,322,160,147,147,147,147,147,147,1,0,0,3,30,1,28.000,1,1,3,3,58,1,0,0,58,0,0,58,0,0,0,0,1,1,1,1,1,1,0,0,0,16108,0,0,0,0,0,0,0,0,0
1.007000,219.13,38.923,23.350,419,344,72.000,71,71,18.000,39.000,55.000,280,201,322,160,147,147,147,147,147,147,1,0,0,3,30,1,28.000,1,1,3,3,58,1,0,0,58,0,0,58,0,0,0,0,1,1,1,1,1,1,0,0,0,16112,0,0,0,0,0,0,0,0,0
1.007250,219.24,38.929,23.350,420,344,72.000,71,71,18.000,39.000,55.000,280,201,322,160,147,147,147,147,147,147,1,0,0,3,30,1,28.000,1,1,3,3,58,1,0,0,58,0,0,58,0,0,0,0,1,1,1,1,1,1,0,0,0,16116,0,0,0,0,0,0,0,0,0
1.007500,219.35,38.935,23.350,420,344,72.000,71,71,18.000,39.000,55.000,280,201,322,160,147,147,147,147,147,147,1,0,0,3,30,1,28.000,1,1,3,3,58,1,0,0,58,0,0,58,0,0,0,0,1,1,1,1,1,1,0,0,0,16120,0,0,0,0,0,0,0,0,0
1.007750,219.46,38.941,23.350,420,344,72.000,71,71,18.000,39.000,55.000,280,201,322,160,147,147,147,147,147,147,1,0,0,3,30,1,28.000,1,1,3,3,58,1,0,0,58,0,0,58,0,0,0,0,1,1,1,1,1,1,0,0,0,16124,0,0,0,0,0,0,0,0,0
1.008000,219.56,38.947,23.350,420,344,72.000,71,71,18.000,39.000,55.000,280,201,322,160,147,147,147,147,147,147,1,0,0,3,30,1,28.000,1,1,3,3,58,1,0,0,58,0,0,58,0,0,0,0,1,1,1,1,1,1,0,0,0,16128,0,0,0,0,0,0,0,0,0
1.008250,219.67,38.953,23.350,421,344,72.000,71,71,18.000,39.000,55.000,280,201,322,160,147,147,147,147,147,147,1,0,0,3,30,1,28.000,1,1,3,3,58,1,0,0,58,0,0,58,0,0,0,0,1,1,1,1,1,1,0,0,0,16132,0,0,0,0,0,0,0,0,0
1.008500,219.78,38.958,23.350,421,345,72.000,71,71,18.000,39.000,55.000,280,202,323,160,147,147,147,147,147,147,1,0,0,3,30,1,28.000,1,1,3,3,58,1,0,0,58,0,0,58,0,0,0,0,1,1,1,1,1,1,0,0,0,16136,0,0,0,0,0,0,0,0,0
1.008750,219.89,38.963,23.350,421,345,72.000,71,71,18.000,39.000,55.000,280,202,323,160,147,147,147,147,147,147,1,0,0,3,30,1,28.000,1,1,3,3,58,1,0,0,58,0,0,58,0,0,0,0,1,1,1,1,1,1,0,0,0,16140,0,0,0,0,0,0,0,0,0
1.009000,220.00,38.969,23.350,421,345,72.000,71,71,18.000,39.000,55.000,280,202,323,160,147,147,147,147,147,147,1,0,0,3,30,1,28.000,1,1,3,3,58,1,0,0,58,0,0,58,0,0,0,0,1,1,1,1,1,1,0,0,0,16144,0,0,0,0,0,0,0,0,0
1.009250,220.10,38.973,23.410,422,345,72.000,71,71,18.000,39.000,55.000,281,202,323,160,147,147,147,147,147,147,1,0,0,3,30,1,28.000,1,1,3,3,58,1,0,0,58,0,0,58,0,0,0,0,1,1,1,1,1,1,0,0,0,16148,0,0,0,0,0,0,0,0,0
1.009500,220.21,38.978,23.410,422,345,72.000,71,71,18.000,39.000,55.000,281,202,323,160,147,147,147,147,147,147,1,0,0,3,30,1,28.000,1,1,3,3,58,1,0,0,58,0,0,58,0,0,0,0,1,1,1,1,1,1,0,0,0,16152,0,0,0,0,0,0,0,0,0
1.009750,220.32,38.983,23.410,422,345,72.000,71,71,18.000,39.000,55.000,281,202,323,160,147,147,147,147,147,147,1,0,0,3,30,1,28.000,1,1,3,3,58,1,0,0,58,0,0,58,0,0,0,0,1,1,1,1,1,1,0,0,0,16156,0,0,0,0,0,0,0,0,0
1.010000,220.43,38.987,23.410,422,346,72.000,71,71,18.000,39.000,55.000,281,203,324,160,148,148,148,148,148,148,1,0,0,3,30,1,28.000,1,1,3,3,58,1,0,0,58,0,0,58,0,0,0,0,1,1,1,1,1,1,0,0,0,16160,0,0,0,0,0,0,0,0,0
1.010250,220.54,38.992,23.410,423,346,72.000,71,71,18.000,39.000,55.000,281,203,324,160,148,148,148,148,148,148,1,0,0,3,30,1,28.000,1,1,3,3,58,1,0,0,58,0,0,58,0,0,0,0,1,1,1,1,1,1,0,0,0,16164,0,0,0,0,0,0,0,0,0
1.010500,220.64,38.996,23.410,423,346,72.000,71,71,18.000,39.000,55.000,281,203,324,160,148,148,148,148,148,148,1,0,0,3,30,1,28.000,1,1,3,3,58,1,0,0,58,0,0,58,0,0,0,0,1,1,1,1,1,1,0,0,0,16168,0,0,0,0,0,0,0,0,0
1.010750,220.75,38.999,23.410,423,346,72.000,71,71,18.000,39.000,55.000,281,203,324,160,148,148,148,148,148,148,1,0,0,3,30,1,28.000,1,1,3,3,58,1,0,0,58,0,0,58,0,0,0,0,1,1,1,1,1,1,0,0,0,16172,0,0,0,0,0,0,0,0,0
1.011000,220.86,39.003,23.410,423,346,72.000,71,71,18.000,39.000,55.000,281,203,324,160,148,148,148,148,148,148,1,0,0,3,30,1,28.000,1,1,3,3,58,1,0,0,58,0,0,58,0,0,0,0,1,1,1,1,1,1,0,0,0,16176,0,0,0,0,0,0,0,0,0
1.011250,220.97,39.007,23.410,424,346,72.000,71,71,18.000,39.000,55.000,281,203,324,160,148,148,148,148,148,148,1,0,0,3,30,1,28.000,1,1,3,3,58,1,0,0,58,0,0,58,0,0,0,0,1,1,1,1,1,1,0,0,0,16180,0,0,0,0,0,0,0,0,0
1.011500,221.08,39.010,23.410,424,347,72.000,71,71,18.000,39.000,55.000,281,203,325,160,148,148,148,148,148,148,1,0,0,3,30,1,28.000,1,1,3,3,58,1,0,0,58,0,0,58,0,0,0,0,1,1,1,1,1,1,0,0,0,16184,0,0,0,0,0,0,0,0,0
1.011750,221.18,39.013,23.410,424,347,72.000,71,71,18.000,39.000,55.000,281,203,325,160,148,148,148,148,148,148,1,0,0,3,30,1,28.000,1,1,3,3,58,1,0,0,58,0,0,58,0,0,0,0,1,1,1,1,1,1,0,0,0,16188,0,0,0,0,0,0,0,0,0
1.012000,221.29,39.016,23.410,424,347,72.000,71,71,18.000,39.000,55.000,281,203,325,160,148,148,148,148,148,148,1,0,0,3,30,1,28.000,1,1,1,1,59,1,0,0,59,0,0,59,0,0,0,0,1,1,1,1,1,1,0,0,0,16192,0,0,0,0,0,0,0,0,0
1.012250,221.40,39.019,23.410,424,347,72.000,71,71,18.000,39.000,55.000,281,203,325,160,148,148,148,148,148,148,1,0,0,3,30,1,28.000,1,1,1,1,59,1,0,0,59,0,0,59,0,0,0,0,1,1,1,1,1,1,0,0,0,16196,0,0,0,0,0,0,0,0,0
1.012500,221.51,39.022,23.410,425,347,72.000,71,71,18.000,39.000,55.000,281,203,325,160,148,148,148,148,148,148,1,0,0,3,30,1,28.000,1,1,1,1,59,1,0,0,59,0,0,59,0,0,0,0,1,1,1,1,1,1,0,0,0,16200,0,0,0,0,0,0,0,0,0
1.012750,221.62,39.025,23.410,425,347,72.000,71,71,18.000,39.000,55.000,281,203,325,160,148,148,148,148,148,148,1,0,0,3,30,1,28.000,1,1,1,1,59,1,0,0,59,0,0,59,0,0,0,0,1,1,1,1,1,1,0,0,0,16204,0,0,0,0,0,0,0,0,0
1.013000,221.72,39.027,23.410,425,347,72.000,71,71,18.000,39.000,55.000,281,203,325,160,148,148,148,148,148,148,1,0,0,3,30,1,28.000,1,1,1,1,59,1,0,0,59,0,0,59,0,0,0,0,1,1,1,1,1,1,0,0,0,16208,0,0,0,0,0,0,0,0,0
1.013250,221.83,39.029,23.410,425,348,72.000,71,71,18.000,39.000,55.000,281,204,326,160,149,149,149,149,149,149,1,0,0,3,30,1,28.000,1,1,1,1,59,1,0,0,59,0,0,59,0,0,0,0,1,1,1,1,1,1,0,0,0,16212,0,0,0,0,0,0,0,0,0
1.013500,221.94,39.031,23.410,426,348,72.000,71,71,18.000,39.000,55.000,281,204,326,160,149,149,149,149,149,149,1,0,0,3,30,1,28.000,1,1,1,1,59,1,0,0,59,0,0,59,0,0,0,0,1,1,1,1,1,1,0,0,0,16216,0,0,0,0,0,0,0,0,0
1.013750,222.05,39.033,23.410,426,348,72.000,71,71,18.000,39.000,55.000,281,204,326,160,149,149,149,149,149,149,1,0,0,3,30,1,28.000,1,1,1,1,59,1,0,0,59,0,0,59,0,0,0,0,1,1,1,1,1,1,0,0,0,16220,0,0,0,0,0,0,0,0,0
1.014000,222.16,39.035,23.410,426,348,72.000,71,71,18.000,39.000,55.000,281,204,326,160,149,149,149,149,149,149,1,0,0,3,30,1,28.000,1,1,1,1,59,1,0,0,59,0,0,59,0,0,0,0,1,1,1,1,1,1,0,0,0,16224,0,0,0,0,0,0,0,0,0
1.014250,222.26,39.036,23.410,426,348,72.000,71,71,18.000,39.000,55.000,281,204,326,160,149,149,149,149,149,149,1,0,0,3,30,1,28.000,1,1,1,1,59,1,0,0,59,0,0,59,0,0,0,0,1,1,1,1,1,1,0,0,0,16228,0,0,0,0,0,0,0,0,0
1.014500,222.37,39.037,23.410,426,348,72.000,71,71,18.000,39.000,55.000,281,204,326,160,149,149,149,149,149,149,1,0,0,3,30,1,28.000,1,1,1,1,59,1,0,0,59,0,0,59,0,0,0,0,1,1,1,1,1,1,0,0,0,16232,0,0,0,0,0,0,0,0,0
1.014750,222.48,39.039,23.410,427,349,72.000,71,71,18.000,39.000,55.000,281,204,327,160,149,149,149,149,149,149,1,0,0,3,30,1,28.000,1,1,1,1,59,1,0,0,59,0,0,59,0,0,0,0,1,1,1,1,1,1,0,0,0,16236,0,0,0,0,0,0,0,0,0
1.015000,222.59,39.040,23.410,427,349,72.000,71,71,18.000,39.000,55.000,281,204,327,160,149,149,149,149,149,149,1,0,0,3,30,1,28.000,1,1,1,1,59,1,0,0,59,0,0,59,0,0,0,0,1,1,1,1,1,1,0,0,0,16240,0,0,0,0,0,0,0,0,0
1.015250,222.70,39.040,23.410,427,349,72.000,71,71,18.000,39.000,55.000,281,204,327,160,149,149,149,149,149,149,1,0,0,3,30,1,28.000,1,1,1,1,59,1,0,0,59,0,0,59,0,0,0,0,1,1,1,1,1,1,0,0,0,16244,0,0,0,0,0,0,0,0,0
1.015500,222.80,39.041,23.410,427,349,72.000,71,71,18.000,39.000,55.000,281,204,327,160,149,149,149,149,149,149,1,0,0,3,30,1,28.000,1,1,1,1,59,1,0,0,59,0,0,59,0,0,0,0,1,1,1,1,1,1,0,0,0,16248,0,0,0,0,0,0,0,0,0
1.015750,222.91,39.041,23.410,427,349,72.000,71,71,18.000,39.000,55.000,281,204,327,160,149,149,149,149,149,149,1,0,0,3,30,1,28.000,1,1,1,1,59,1,0,0,59,0,0,59,0,0,0,0,1,1,1,1,1,1,0,0,0,16252,0,0,0,0,0,0,0,0,0
1.016000,223.02,39.042,23.410,428,349,72.000,71,71,18.000,39.000,55.000,281,204,327,160,149,149,149,149,149,149,1,0,0,3,30,1,28.000,1,1,1,1,59,1,0,0,59,0,0,59,0,0,0,0,1,1,1,1,1,1,0,0,0,16256,0,0,0,0,0,0,0,0,0
1.016250,223.13,39.042,23.410,428,350,72.000,71,71,18.000,39.000,55.000,281,205,329,160,150,150,150,150,150,150,1,0,0,3,30,1,28.000,1,1,1,1,59,1,0,0,59,0,0,59,0,0,0,0,1,1,1,1,1,1,0,0,0,16260,0,0,0,0,0,0,0,0,0
1.016500,223.24,39.042,23.410,428,350,72.000,71,71,18.000,39.000,55.000,281,205,329,160,150,150,150,150,150,150,1,0,0,3,30,1,28.000,1,1,1,1,59,1,0,0,59,0,0,59,0,0,0,0,1,1,1,1,1,1,0,0,0,16264,0,0,0,0,0,0,0,0,0
1.016750,223.34,39.041,23.410,428,350,72.000,71,71,18.000,39.000,55.000,281,205,329,160,150,150,150,150,150,150,1,0,0,3,30,1,28.000,1,1,1,1,59,1,0,0,59,0,0,59,0,0,0,0,1,1,1,1,1,1,0,0,0,16268,0,0,0,0,0,0,0,0,0
1.017000,223.45,39.041,23.410,428,350,72.000,71,71,18.000,39.000,55.000,281,205,329,160,150,150,150,150,150,150,1,0,0,3,30,1,28.000,1,1,1,1,59,1,0,0,59,0,0,59,0,0,0,0,1,1,1,1,1,1,0,0,0,16272,0,0,0,0,0,0,0,0,0
1.017250,223.56,39.040,23.410,429,350,72.000,71,71,18.000,39.000,55.000,281,205,329,160,150,150,150,150,150,150,1,0,0,3,30,1,28.000,1,1,1,1,59,1,0,0,59,0,0,59,0,0,0,0,1,1,1,1,1,1,0,0,0,16276,0,0,0,0,0,0,0,0,0
1.017500,223.67,39.040,23.410,429,350,72.000,71,71,18.000,39.000,55.000,281,205,329,160,150,150,150,150,150,150,1,0,0,3,30,1,28.000,1,1,1,1,59,1,0,0,59,0,0,59,0,0,0,0,1,1,1,1,1,1,0,0,0,16280,0,0,0,0,0,0,0,0,0
1.017750,223.78,39.039,23.410,429,351,72.000,71,71,18.000,39.000,55.000,281,206,330,160,150,150,150,150,150,150,1,0,0,3,30,1,28.000,1,1,1,1,59,1,0,0,59,0,0,59,0,0,0,0,1,1,1,1,1,1,0,0,0,16284,0,0,0,0,0,0,0,0,0
1.018000,223.88,39.038,23.410,429,351,72.000,71,71,18.000,39.000,55.000,281,206,330,160,150,150,150,150,150,150,1,0,0,3,30,1,28.000,1,1,1,1,59,1,0,0,59,0,0,59,0,0,0,0,1,1,1,1,1,1,0,0,0,16288,0,0,0,0,0,0,0,0,0
1.018250,223.99,39.036,23.410,429,351,72.000,71,71,18.000,39.000,55.000,281,206,330,160,150,150,150,150,150,150,1,0,0,3,30,1,28.000,1,1,1,1,59,1,0,0,59,0,0,59,0,0,0,0,1,1,1,1,1,1,0,0,0,16292,0,0,0,0,0,0,0,0,0
1.018500,224.10,39.035,23.410,430,351,72.000,71,71,18.000,39.000,55.000,281,206,330,160,150,150,150,150,150,150,1,0,0,3,30,1,28.000,1,1,1,1,59,1,0,0,59,0,0,59,0,0,0,0,1,1,1,1,1,1,0,0,0,16296,0,0,0,0,0,0,0,0,0
1.018750,224.21,39.033,23.410,430,351,72.000,71,71,18.000,39.000,55.000,281,206,330,160,150,150,150,150,150,150,1,0,0,3,30,1,28.000,1,1,1,1,59,1,0,0,59,0,0,59,0,0,0,0,1,1,1,1,1,1,0,0,0,16300,0,0,0,0,0,0,0,0,0
1.019000,224.32,39.032,23.410,430,351,72.000,71,71,18.000,39.000,55.000,281,206,330,160,150,150,150,150,150,150,1,0,0,3,30,1,28.000,1,1,1,1,59,1,0,0,59,0,0,59,0,0,0,0,1,1,1,1,1,1,0,0,0,16304,0,0,0,0,0,0,0,0,0
1.019250,224.42,39.030,23.410,430,352,72.000,71,71,18.000,39.000,55.000,281,206,331,160,151,151,151,151,151,151,1,0,0,3,30,1,28.000,1,1,1,1,59,1,0,0,59,0,0,59,0,0,0,0,1,1,1,1,1,1,0,0,0,16308,0,0,0,0,0,0,0,0,0
1.019500,224.53,39.027,23.410,430,352,72.000,71,71,18.000,39.000,55.000,281,206,331,160,151,151,151,151,151,151,1,0,0,3,30,1,28.000,1,1,1,1,59,1,0,0,59,0,0,59,0,0,0,0,1,1,1,1,1,1,0,0,0,16312,0,0,0,0,0,0,0,0,0
1.019750,224.64,39.025,23.410,430,352,72.000,71,71,18.000,39.000,55.000,281,206,331,160,151,151,151,151,151,151,1,0,0,3,30,1,28.000,1,1,1,1,59,1,0,0,59,0,0,59,0,0,0,0,1,1,1,1,1,1,0,0,0,16316,0,0,0,0,0,0,0,0,0
1.020000,224.75,39.023,23.410,431,352,72.000,71,71,18.000,39.000,55.000,281,206,331,160,151,151,151,151,151,151,1,0,0,3,30,1,28.000,1,1,1,1,59,1,0,0,59,0,0,59,0,0,0,0,1,1,1,1,1,1,0,0,0,16320,0,0,0,0,0,0,0,0,0
1.020250,224.86,39.020,23.410,431,352,72.000,71,71,18.000,39.000,55.000,281,206,331,160,151,151,151,151,151,151,1,0,0,3,30,1,28.000,1,1,1,1,59,1,0,0,59,0,0,59,0,0,0,0,1,1,1,1,1,1,0,0,0,16324,0,0,0,0,0,0,0,0,0
1.020500,224.96,39.017,23.410,431,352,72.000,71,71,18.000,39.000,55.000,281,206,331,160,151,151,151,151,151,151,1,0,0,3,30,1,28.000,1,1,1,1,59,1,0,0,59,0,0,59,0,0,0,0,1,1,1,1,1,1,0,0,0,16328,0,0,0,0,0,0,0,0,0
1.020750,225.07,39.014,23.410,431,352,72.000,71,71,18.000,39.000,55.000,281,206,331,160,151,151,151,151,151,151,1,0,0,3,30,1,28.000,1,1,0,0,60,1,0,0,60,0,0,60,0,0,0,0,1,1,1,1,1,1,0,0,0,16332,0,0,0,0,0,0,0,0,0
1.021000,225.18,39.011,23.410,431,353,72.000,71,71,18.000,39.000,55.000,281,207,332,160,151,151,151,151,151,151,1,0,0,3,30,1,28.000,1,1,0,0,60,1,0,0,60,0,0,60,0,0,0,0,1,1,1,1,1,1,0,0,0,16336,0,0,0,0,0,0,0,0,0
1.021250,225.29,39.008,23.410,432,353,72.000,71,71,18.000,39.000,55.000,281,207,332,160,151,151,151,151,151,151,1,0,0,3,30,1,28.000,1,1,0,0,60,1,0,0,60,0,0,60,0,0,0,0,1,1,1,1,1,1,0,0,0,16340,0,0,0,0,0,0,0,0,0
1.021500,225.40,39.004,23.410,432,353,72.000,71,71,18.000,39.000,55.000,281,207,332,160,151,151,151,151,151,151,1,0,0,3,30,1,28.000,1,1,0,0,60,1,0,0,60,0,0,60,0,0,0,0,1,1,1,1,1,1,0,0,0,16344,0,0,0,0,0,0,0,0,0
1.021750,225.50,39.000,23.410,432,353,72.000,71,71,18.000,39.000,55.000,281,207,332,160,151,151,151,151,151,151,1,0,0,3,30,1,28.000,1,1,0,0,60,1,0,0,60,0,0,60,0,0,0,0,1,1,1,1,1,1,0,0,0,16348,0,0,0,0,0,0,0,0,0
1.022000,225.61,38.996,23.410,432,353,72.000,71,71,18.000,39.000,55.000,281,207,332,160,151,151,151,151,151,151,1,0,0,3,30,1,28.000,1,1,0,0,60,1,0,0,60,0,0,60,0,0,0,0,1,1,1,1,1,1,0,0,0,16352,0,0,0,0,0,0,0,0,0
1.022250,225.72,38.992,23.410,432,353,72.000,71,71,18.000,39.000,55.000,281,207,332,160,151,151,151,151,151,151,1,0,0,3,30,1,28.000,1,1,0,0,60,1,0,0,60,0,0,60,0,0,0,0,1,1,1,1,1,1,0,0,0,16356,0,0,0,0,0,0,0,0,0
1.022500,225.83,38.988,23.410,432,354,72.000,71,71,18.000,39.000,55.000,281,208,333,160,151,151,151,151,151,151,1,0,0,3,30,1,28.000,1,1,0,0,60,1,0,0,60,0,0,60,0,0,0,0,1,1,1,1,1,1,0,0,0,16360,0,0,0,0,0,0,0,0,0
1.022750,225.94,38.984,23.410,433,354,72.000,71,71,18.000,39.000,55.000,281,208,333,160,151,151,151,151,151,151,1,0,0,3,30,1,28.000,1,1,0,0,60,1,0,0,60,0,0,60,0,0,0,0,1,1,1,1,1,1,0,0,0,16364,0,0,0,0,0,0,0,0,0
1.023000,226.04,38.979,23.410,433,354,72.000,71,71,18.000,39.000,55.000,281,208,333,160,151,151,151,151,151,151,1,0,0,3,30,1,28.000,1,1,0,0,60,1,0,0,60,0,0,60,0,0,0,0,1,1,1,1,1,1,0,0,0,16368,0,0,0,0,0,0,0,0,0
1.023250,226.15,38.974,23.410,433,354,72.000,71,71,18.000,39.000,55.000,281,208,333,160,151,151,151,151,151,151,1,0,0,3,30,1,28.000,1,1,0,0,60,1,0,0,60,0,0,60,0,0,0,0,1,1,1,1,1,1,0,0,0,16372,0,0,0,0,0,0,0,0,0
1.023500,226.26,38.969,23.410,433,354,72.000,71,71,18.000,39.000,55.000,281,208,333,160,151,151,151,151,151,151,1,0,0,3,30,1,28.000,1,1,0,0,60,1,0,0,60,0,0,60,0,0,0,0,1,1,1,1,1,1,0,0,0,16376,0,0,0,0,0,0,0,0,0
1.023750,226.37,38.964,23.350,433,354,72.000,71,71,18.000,39.000,55.000,280,208,333,160,151,151,151,151,151,151,1,0,0,3,30,1,28.000,1,1,0,0,60,1,0,0,60,0,0,60,0,0,0,0,1,1,1,1,1,1,0,0,0,16380,0,0,0,0,0,0,0,0,0
1.024000,226.48,38.959,23.350,433,355,72.000,71,71,18.000,39.000,55.000,280,208,334,160,152,152,152,152,152,152,1,0,0,3,30,1,28.000,1,1,0,0,60,1,0,0,60,0,0,60,0,0,0,0,1,1,1,1,1,1,0,0,0,16384,0,0,0,0,0,0,0,0,0
1.024250,226.58,38.954,23.350,434,355,72.000,71,71,18.000,39.000,55.000,280,208,334,160,152,152,152,152,152,152,1,0,0,3,30,1,28.000,1,1,0,0,60,1,0,0,60,0,0,60,0,0,0,0,1,1,1,1,1,1,0,0,0,16388,0,0,0,0,0,0,0,0,0
1.024500,226.69,38.948,23.350,434,355,72.000,71,71,18.000,39.000,55.000,280,208,334,160,152,152,152,152,152,152,1,0,0,3,30,1,28.000,1,1,0,0,60,1,0,0,60,0,0,60,0,0,0,0,1,1,1,1,1,1,0,0,0,16392,0,0,0,0,0,0,0,0,0
1.024750,226.80,38.942,23.350,434,355,72.000,71,71,18.000,39.000,55.000,280,208,334,160,152,152,152,152,152,152,1,0,0,3,30,1,28.000,1,1,0,0,60,1,0,0,60,0,0,60,0,0,0,0,1,1,1,1,1,1,0,0,0,16396,0,0,0,0,0,0,0,0,0
1.025000,226.91,38.936,23.350,434,355,72.000,71,71,18.000,39.000,55.000,280,208,334,160,152,152,152,152,152,152,1,0,0,3,30,1,28.000,1,1,0,0,60,1,0,0,60,0,0,60,0,0,0,0,1,1,1,1,1,1,0,0,0,16400,0,0,0,0,0,0,0,0,0
1.025250,227.02,38.930,23.350,434,355,72.000,71,71,18.000,39.000,55.000,280,208,334,160,152,152,152,152,152,152,1,0,0,3,30,1,28.000,1,1,0,0,60,1,0,0,60,0,0,60,0,0,0,0,1,1,1,1,1,1,0,0,0,16404,0,0,0,0,0,0,0,0,0
1.025500,227.12,38.924,23.350,434,356,72.000,71,71,18.000,39.000,55.000,280,209,335,160,152,152,152,152,152,152,1,0,0,3,30,1,28.000,1,1,0,0,60,1,0,0,60,0,0,60,0,0,0,0,1,1,1,1,1,1,0,0,0,16408,0,0,0,0,0,0,0,0,0
1.025750,227.23,38.917,23.350,434,356,72.000,71,71,18.000,39.000,55.000,280,209,335,160,152,152,152,152,152,152,1,0,0,3,30,1,28.000,1,1,0,0,60,1,0,0,60,0,0,60,0,0,0,0,1,1,1,1,1,1,0,0,0,16412,0,0,0,0,0,0,0,0,0
1.026000,227.34,38.911,23.350,435,356,72.000,71,71,18.000,39.000,55.000,280,209,335,160,152,152,152,152,152,152,1,0,0,3,30,1,28.000,1,1,0,0,60,1,0,0,60,0,0,60,0,0,0,0,1,1,1,1,1,1,0,0,0,16416,0,0,0,0,0,0,0,0,0
1.026250,227.45,38.904,23.350,435,356,72.000,71,71,18.000,39.000,55.000,280,209,335,160,152,152,152,152,152,152,1,0,0,3,30,1,28.000,1,1,0,0,60,1,0,0,60,0,0,60,0,0,0,0,1,1,1,1,1,1,0,0,0,16420,0,0,0,0,0,0,0,0,0
1.026500,227.56,38.897,23.350,435,356,72.000,71,71,18.000,39.000,55.000,280,209,335,160,152,152,152,152,152,152,1,0,0,3,30,1,28.000,1,1,0,0,60,1,0,0,60,0,0,60,0,0,0,0,1,1,1,1,1,1,0,0,0,16424,0,0,0,0,0,0,0,0,0
1.026750,227.66,38.890,23.350,435,356,72.000,71,71,18.000,39.000,55.000,280,209,335,160,152,152,152,152,152,152,1,0,0,3,30,1,28.000,1,1,0,0,60,1,0,0,60,0,0,60,0,0,0,0,1,1,1,1,1,1,0,0,0,16428,0,0,0,0,0,0,0,0,0
1.027000,227.77,38.882,23.300,435,357,72.000,71,71,18.000,39.000,55.000,280,210,336,160,153,153,153,153,153,153,1,0,0,3,30,1,28.000,1,1,0,0,60,1,0,0,60,0,0,60,0,0,0,0,1,1,1,1,1,1,0,0,0,16432,0,0,0,0,0,0,0,0,0
1.027250,227.88,38.875,23.300,435,357,72.000,71,71,18.000,39.000,55.000,280,210,336,160,153,153,153,153,153,153,1,0,0,3,30,1,28.000,1,1,0,0,60,1,0,0,60,0,0,60,0,0,0,0,1,1,1,1,1,1,0,0,0,16436,0,0,0,0,0,0,0,0,0
1.027500,227.99,38.867,23.300,435,357,72.000,71,71,18.000,39.000,55.000,280,210,336,160,153,153,153,153,153,153,1,0,0,3,30,1,28.000,1,1,0,0,60,1,0,0,60,0,0,60,0,0,0,0,1,1,1,1,1,1,0,0,0,16440,0,0,0,0,0,0,0,0,0
1.027750,228.10,38.859,23.300,436,357,72.000,71,71,18.000,39.000,55.000,280,210,336,160,153,153,153,153,153,153,1,0,0,3,30,1,28.000,1,1,0,0,60,1,0,0,60,0,0,60,0,0,0,0,1,1,1,1,1,1,0,0,0,16444,0,0,0,0,0,0,0,0,0
1.028000,228.20,38.851,23.300,436,357,72.000,71,71,18.000,39.000,55.000,280,210,336,160,153,153,153,153,153,153,1,0,0,3,30,1,28.000,1,1,0,0,60,1,0,0,60,0,0,60,0,0,0,0,1,1,1,1,1,1,0,0,0,16448,0,0,0,0,0,0,0,0,0
1.028250,228.31,38.843,23.300,436,357,72.000,71,71,18.000,39.000,55.000,280,210,336,160,153,153,153,153,153,153,1,0,0,3,30,1,28.000,1,1,0,0,60,1,0,0,60,0,0,60,0,0,0,0,1,1,1,1,1,1,0,0,0,16452,0,0,0,0,0,0,0,0,0
1.028500,228.42,38.835,23.300,436,358,72.000,71,71,18.000,39.000,55.000,280,210,337,160,153,153,153,153,153,153,1,0,0,3,30,1,28.000,1,1,0,0,60,1,0,0,60,0,0,60,0,0,0,0,1,1,1,1,1,1,0,0,0,16456,0,0,0,0,0,0,0,0,0
1.028750,228.53,38.826,23.300,436,358,72.000,71,71,18.000,39.000,55.000,280,210,337,160,153,153,153,153,153,153,1,0,0,3,30,1,28.000,1,1,0,0,60,1,0,0,60,0,0,60,0,0,0,0,1,1,1,1,1,1,0,0,0,16460,0,0,0,0,0,0,0,0,0
1.029000,228.64,38.817,23.300,436,358,72.000,71,71,18.000,39.000,55.000,280,210,337,160,153,153,153,153,153,153,1,0,0,3,30,1,28.000,1,1,0,0,60,1,0,0,60,0,0,60,0,0,0,0,1,1,1,1,1,1,0,0,0,16464,0,0,0,0,0,0,0,0,0
1.029250,228.74,38.809,23.300,436,358,72.000,71,71,18.000,39.000,55.000,280,210,337,160,153,153,153,153,153,153,1,0,0,3,30,1,28.000,1,1,0,0,60,1,0,0,60,0,0,60,0,0,0,0,1,1,1,1,1,1,0,0,0,16468,0,0,0,0,0,0,0,0,0
1.029500,228.85,38.800,23.300,436,358,72.000,71,71,18.000,39.000,55.000,280,210,337,160,153,153,153,153,153,153,1,0,0,3,30,1,28.000,1,1,2,2,61,1,0,0,61,0,0,61,0,0,0,0,1,1,1,1,1,1,0,0,0,16472,0,0,0,0,0,0,0,0,0
1.029750,228.96,38.790,23.300,437,358,72.000,71,71,18.000,39.000,55.000,280,210,337,160,153,153,153,153,153,153,1,0,0,3,30,1,28.000,1,1,2,2,61,1,0,0,61,0,0,61,0,0,0,0,1,1,1,1,1,1,0,0,0,16476,0,0,0,0,0,0,0,0,0
1.030000,229.07,38.781,23.240,437,358,72.000,71,71,18.000,39.000,55.000,279,210,337,160,153,153,153,153,153,153,1,0,0,3,30,1,28.000,1,1,2,2,61,1,0,0,61,0,0,61,0,0,0,0,1,1,1,1,1,1,0,0,0,16480,0,0,0,0,0,0,0,0,0
1.030250,229.18,38.771,23.240,437,359,72.000,71,71,18.000,39.000,55.000,279,211,338,160,154,154,154,154,154,154,1,0,0,3,30,1,28.000,1,1,2,2,61,1,0,0,61,0,0,61,0,0,0,0,1,1,1,1,1,1,0,0,0,16484,0,0,0,0,0,0,0,0,0
1.030500,229.28,38.762,23.240,437,359,72.000,71,71,18.000,39.000,55.000,279,211,338,160,154,154,154,154,154,154,1,0,0,3,30,1,28.000,1,1,2,2,61,1,0,0,61,0,0,61,0,0,0,0,1,1,1,1,1,1,0,0,0,16488,0,0,0,0,0,0,0,0,0
1.030750,229.39,38.752,23.240,437,359,72.000,71,71,18.000,39.000,55.000,279,211,338,160,154,154,154,154,154,154,1,0,0,3,30,1,28.000,1,1,2,2,61,1,0,0,61,0,0,61,0,0,0,0,1,1,1,1,1,1,0,0,0,16492,0,0,0,0,0,0,0,0,0
1.031000,229.50,38.742,23.240,437,359,72.000,71,71,18.000,39.000,55.000,279,211,338,160,154,154,154,154,154,154,1,0,0,3,30,1,28.000,1,1,2,2,61,1,0,0,61,0,0,61,0,0,0,0,1,1,1,1,1,1,0,0,0,16496,0,0,0,0,0,0,0,0,0
1.031250,229.61,38.731,23.240,437,359,72.000,71,71,18.000,39.000,55.000,279,211,338,160,154,154,154,154,154,154,1,0,0,3,30,1,28.000,1,1,2,2,61,1,0,0,61,0,0,61,0,0,0,0,1,1,1,1,1,1,0,0,0,16500,0,0,0,0,0,0,0,0,0
1.031500,229.72,38.721,23.240,437,359,72.000,71,71,18.000,39.000,55.000,279,211,338,160,154,154,154,154,154,154,1,0,0,3,30,1,28.000,1,1,2,2,61,1,0,0,61,0,0,61,0,0,0,0,1,1,1,1,1,1,0,0,0,16504,0,0,0,0,0,0,0,0,0
1.031750,229.82,38.710,23.240,437,360,72.000,71,71,18.000,39.000,55.000,279,212,339,160,154,154,154,154,154,154,1,0,0,3,30,1,28.000,1,1,2,2,61,1,0,0,61,0,0,61,0,0,0,0,1,1,1,1,1,1,0,0,0,16508,0,0,0,0,0,0,0,0,0
1.032000,229.93,38.700,23.190,438,360,72.000,71,71,18.000,39.000,55.000,278,212,339,160,154,154,154,154,154,154,1,0,0,3,30,1,28.000,1,1,2,2,61,1,0,0,61,0,0,61,0,0,0,0,1,1,1,1,1,1,0,0,0,16512,0,0,0,0,0,0,0,0,0
1.032250,230.04,38.689,23.190,438,360,72.000,71,71,18.000,39.000,55.000,278,212,339,160,154,154,154,154,154,154,1,0,0,3,30,1,28.000,1,1,2,2,61,1,0,0,61,0,0,61,0,0,0,0,1,1,1,1,1,1,0,0,0,16516,0,0,0,0,0,0,0,0,0
1.032500,230.15,38.677,23.190,438,360,72.000,71,71,18.000,39.000,55.000,278,212,339,160,154,154,154,154,154,154,1,0,0,3,30,1,28.000,1,1,2,2,61,1,0,0,61,0,0,61,0,0,0,0,1,1,1,1,1,1,0,0,0,16520,0,0,0,0,0,0,0,0,0
1.032750,230.26,38.666,23.190,438,360,72.000,71,71,18.000,39.000,55.000,278,212,339,160,154,154,154,154,154,154,1,0,0,3,30,1,28.000,1,1,2,2,61,1,0,0,61,0,0,61,0,0,0,0,1,1,1,1,1,1,0,0,0,16524,0,0,0,0,0,0,0,0,0
1.033000,230.36,38.655,23.190,438,360,72.000,71,71,18.000,39.000,55.000,278,212,339,160,154,154,154,154,154,154,1,0,0,3,30,1,28.000,1,1,2,2,61,1,0,0,61,0,0,61,0,0,0,0,1,1,1,1,1,1,0,0,0,16528,0,0,0,0,0,0,0,0,0
1.033250,230.47,38.643,23.190,438,361,72.000,71,71,18.000,39.000,55.000,278,212,340,160,155,155,155,155,155,155,1,0,0,3,30,1,28.000,1,1,2,2,61,1,0,0,61,0,0,61,0,0,0,0,1,1,1,1,1,1,0,0,0,16532,0,0,0,0,0,0,0,0,0
1.033500,230.58,38.631,23.190,438,361,72.000,71,71,18.000,39.000,55.000,278,212,340,160,155,155,155,155,155,155,1,0,0,3,30,1,28.000,1,1,2,2,61,1,0,0,61,0,0,61,0,0,0,0,1,1,1,1,1,1,0,0,0,16536,0,0,0,0,0,0,0,0,0
1.033750,230.69,38.619,23.190,438,361,72.000,71,71,18.000,39.000,55.000,278,212,340,160,155,155,155,155,155,155,1,0,0,3,30,1,28.000,1,1,2,2,61,1,0,0,61,0,0,61,0,0,0,0,1,1,1,1,1,1,0,0,0,16540,0,0,0,0,0,0,0,0,0
1.034000,230.80,38.607,23.130,438,361,72.000,71,71,18.000,39.000,55.000,278,212,340,160,155,155,155,155,155,155,1,0,0,3,30,1,28.000,1,1,2,2,61,1,0,0,61,0,0,61,0,0,0,0,1,1,1,1,1,1,0,0,0,16544,0,0,0,0,0,0,0,0,0
1.034250,230.90,38.595,23.130,438,361,72.000,71,71,18.000,39.000,55.000,278,212,340,160,155,155,155,155,155,155,1,0,0,3,30,1,28.000,1,1,2,2,61,1,0,0,61,0,0,61,0,0,0,0,1,1,1,1,1,1,0,0,0,16548,0,0,0,0,0,0,0,0,0
1.034500,231.01,38.582,23.130,439,361,72.000,71,71,18.000,39.000,55.000,278,212,340,160,155,155,155,155,155,155,1,0,0,3,30,1,28.000,1,1,2,2,61,1,0,0,61,0,0,61,0,0,0,0,1,1,1,1,1,1,0,0,0,16552,0,0,0,0,0,0,0,0,0
1.034750,231.12,38.570,23.130,439,362,72.000,71,71,18.000,39.000,55.000,278,213,341,160,155,155,155,155,155,155,1,0,0,3,30,1,28.000,1,1,2,2,61,1,0,0,61,0,0,61,0,0,0,0,1,1,1,1,1,1,0,0,0,16556,0,0,0,0,0,0,0,0,0
1.035000,231.23,38.557,23.130,439,362,72.000,71,71,18.000,39.000,55.000,278,213,341,160,155,155,155,155,155,155,1,0,0,3,30,1,28.000,1,1,2,2,61,1,0,0,61,0,0,61,0,0,0,0,1,1,1,1,1,1,0,0,0,16560,0,0,0,0,0,0,0,0,0
1.035250,231.34,38.544,23.130,439,362,72.000,71,71,18.000,39.000,55.000,278,213,341,160,155,155,155,155,155,155,1,0,0,3,30,1,28.000,1,1,2,2,61,1,0,0,61,0,0,61,0,0,0,0,1,1,1,1,1,1,0,0,0,16564,0,0,0,0,0,0,0,0,0
1.035500,231.44,38.531,23.130,439,362,72.000,71,71,18.000,39.000,55.000,278,213,341,160,155,155,155,155,155,155,1,0,0,3,30,1,28.000,1,1,2,2,61,1,0,0,61,0,0,61,0,0,0,0,1,1,1,1,1,1,0,0,0,16568,0,0,0,0,0,0,0,0,0
1.035750,231.55,38.518,23.080,439,362,72.000,71,71,18.000,39.000,55.000,277,213,341,160,155,155,155,155,155,155,1,0,0,3,30,1,28.000,1,1,2,2,61,1,0,0,61,0,0,61,0,0,0,0,1,1,1,1,1,1,0,0,0,16572,0,0,0,0,0,0,0,0,0
1.036000,231.66,38.504,23.080,439,362,72.000,71,71,18.000,39.000,55.000,277,213,341,160,155,155,155,155,155,155,1,0,0,3,30,1,28.000,1,1,2,2,61,1,0,0,61,0,0,61,0,0,0,0,1,1,1,1,1,1,0,0,0,16576,0,0,0,0,0,0,0,0,0
1.036250,231.77,38.490,23.080,439,362,72.000,71,71,18.000,39.000,55.000,277,213,341,160,155,155,155,155,155,155,1,0,0,3,30,1,28.000,1,1,2,2,61,1,0,0,61,0,0,61,0,0,0,0,1,1,1,1,1,1,0,0,0,16580,0,0,0,0,0,0,0,0,0
1.036500,231.88,38.477,23.080,439,363,72.000,71,71,18.000,39.000,55.000,277,214,342,160,156,156,156,156,156,156,1,0,0,3,30,1,28.000,1,1,2,2,61,1,0,0,61,0,0,61,0,0,0,0,1,1,1,1,1,1,0,0,0,16584,0,0,0,0,0,0,0,0,0
1.036750,231.98,38.463,23.080,439,363,72.000,71,71,18.000,39.000,55.000,277,214,342,160,156,156,156,156,156,156,1,0,0,3,30,1,28.000,1,1,2,2,61,1,0,0,61,0,0,61,0,0,0,0,1,1,1,1,1,1,0,0,0,16588,0,0,0,0,0,0,0,0,0
1.037000,232.09,38.449,23.080,439,363,72.000,71,71,18.000,39.000,55.000,277,214,342,160,156,156,156,156,156,156,1,0,0,3,30,1,28.000,1,1,2,2,61,1,0,0,61,0,0,61,0,0,0,0,1,1,1,1,1,1,0,0,0,16592,0,0,0,0,0,0,0,0,0
1.037250,232.20,38.434,23.030,439,363,72.000,71,71,18.000,39.000,55.000,276,214,342,160,156,156,156,156,156,156,1,0,0,3,30,1,28.000,1,1,2,2,61,1,0,0,61,0,0,61,0,0,0,0,1,1,1,1,1,1,0,0,0,16596,0,0,0,0,0,0,0,0,0
1.037500,232.31,38.420,23.030,439,363,72.000,71,71,18.000,39.000,55.000,276,214,342,160,156,156,156,156,156,156,1,0,0,3,30,1,28.000,1,1,2,2,61,1,0,0,61,0,0,61,0,0,0,0,1,1,1,1,1,1,0,0,0,16600,0,0,0,0,0,0,0,0,0
1.037750,232.42,38.405,23.030,440,363,72.000,71,71,18.000,39.000,55.000,276,214,342,160,156,156,156,156,156,156,1,0,0,3,30,1,28.000,1,1,2,2,61,1,0,0,61,0,0,61,0,0,0,0,1,1,1,1,1,1,0,0,0,16604,0,0,0,0,0,0,0,0,0
1.038000,232.52,38.390,23.030,440,364,72.000,71,71,18.000,39.000,55.000,276,214,343,160,156,156,156,156,156,156,1,0,0,3,30,1,28.000,1,1,3,3,62,1,0,0,62,0,0,62,0,0,0,0,1,1,1,1,1,1,0,0,0,16608,0,0,0,0,0,0,0,0,0
1.038250,232.63,38.375,23.030,440,364,72.000,71,71,18.000,39.000,55.000,276,214,343,160,156,156,156,156,156,156,1,0,0,3,30,1,28.000,1,1,3,3,62,1,0,0,62,0,0,62,0,0,0,0,1,1,1,1,1,1,0,0,0,16612,0,0,0,0,0,0,0,0,0
1.038500,232.74,38.360,23.030,440,364,72.000,71,71,18.000,39.000,55.000,276,214,343,160,156,156,156,156,156,156,1,0,0,3,30,1,28.000,1,1,3,3,62,1,0,0,62,0,0,62,0,0,0,0,1,1,1,1,1,1,0,0,0,16616,0,0,0,0,0,0,0,0,0
1.038750,232.85,38.345,23.030,440,364,72.000,71,71,18.000,39.000,55.000,276,214,343,160,156,156,156,156,156,156,1,0,0,3,30,1,28.000,1,1,3,3,62,1,0,0,62,0,0,62,0,0,0,0,1,1,1,1,1,1,0,0,0,16620,0,0,0,0,0,0,0,0,0
1.039000,232.96,38.329,22.970,440,364,72.000,71,71,18.000,39.000,55.000,276,214,343,160,156,156,156,156,156,156,1,0,0,3,30,1,28.000,1,1,3,3,62,1,0,0,62,0,0,62,0,0,0,0,1,1,1,1,1,1,0,0,0,16624,0,0,0,0,0,0,0,0,0
1.039250,233.06,38.314,22.970,440,364,72.000,71,71,18.000,39.000,55.000,276,214,343,160,156,156,156,156,156,156,1,0,0,3,30,1,28.000,1,1,3,3,62,1,0,0,62,0,0,62,0,0,0,0,1,1,1,1,1,1,0,0,0,16628,0,0,0,0,0,0,0,0,0
1.039500,233.17,38.298,22.970,440,365,72.000,71,71,18.000,39.000,55.000,276,215,344,160,157,157,157,157,157,157,1,0,0,3,30,1,28.000,1,1,3,3,62,1,0,0,62,0,0,62,0,0,0,0,1,1,1,1,1,1,0,0,0,16632,0,0,0,0,0,0,0,0,0
1.039750,233.28,38.282,22.970,440,365,72.000,71,71,18.000,39.000,55.000,276,215,344,160,157,157,157,157,157,157,1,0,0,3,30,1,28.000,1,1,3,3,62,1,0,0,62,0,0,62,0,0,0,0,1,1,1,1,1,1,0,0,0,16636,0,0,0,0,0,0,0,0,0
1.040000,233.39,38.266,22.970,440,365,72.000,71,71,18.000,39.000,55.000,276,215,344,160,157,157,157,157,157,157,1,0,0,3,30,1,28.000,1,1,3,3,62,1,0,0,62,0,0,62,0,0,0,0,1,1,1,1,1,1,0,0,0,16640,0,0,0,0,0,0,0,0,0
1.040250,233.50,38.249,22.920,440,365,72.000,71,71,18.000,39.000,55.000,275,215,344,160,157,157,157,157,157,157,1,0,0,3,30,1,28.000,1,1,3,3,62,1,0,0,62,0,0,62,0,0,0,0,1,1,1,1,1,1,0,0,0,16644,0,0,0,0,0,0,0,0,0
1.040500,233.60,38.233,22.920,440,365,72.000,71,71,18.000,39.000,55.000,275,215,344,160,157,157,157,157,157,157,1,0,0,3,30,1,28.000,1,1,3,3,62,1,0,0,62,0,0,62,0,0,0,0,1,1,1,1,1,1,0,0,0,16648,0,0,0,0,0,0,0,0,0
1.040750,233.71,38.216,22.920,440,365,72.000,71,71,18.000,39.000,55.000,275,215,344,160,157,157,157,157,157,157,1,0,0,3,30,1,28.000,1,1,3,3,62,1,0,0,62,0,0,62,0,0,0,0,1,1,1,1,1,1,0,0,0,16652,0,0,0,0,0,0,0,0,0
1.041000,233.82,38.199,22.920,440,365,72.000,71,71,18.000,39.000,55.000,275,215,344,160,157,157,157,157,157,157,1,0,0,3,30,1,28.000,1,1,3,3,62,1,0,0,62,0,0,62,0,0,0,0,1,1,1,1,1,1,0,0,0,16656,0,0,0,0,0,0,0,0,0
1.041250,233.93,38.183,22.920,440,366,72.000,71,71,18.000,39.000,55.000,275,216,345,160,157,157,157,157,157,157,1,0,0,3,30,1,28.000,1,1,3,3,62,1,0,0,62,0,0,62,0,0,0,0,1,1,1,1,1,1,0,0,0,16660,0,0,0,0,0,0,0,0,0
1.041500,234.04,38.165,22.920,440,366,72.000,71,71,18.000,39.000,55.000,275,216,345,160,157,157,157,157,157,157,1,0,0,3,30,1,28.000,1,1,3,3,62,1,0,0,62,0,0,62,0,0,0,0,1,1,1,1,1,1,0,0,0,16664,0,0,0,0,0,0,0,0,0
1.041750,234.14,38.148,22.860,440,366,72.000,71,71,18.000,39.000,55.000,274,216,345,160,157,157,157,157,157,157,1,0,0,3,30,1,28.000,1,1,3,3,62,1,0,0,62,0,0,62,0,0,0,0,1,1,1,1,1,1,0,0,0,16668,0,0,0,0,0,0,0,0,0
1.042000,234.25,38.131,22.860,440,366,72.000,71,71,18.000,39.000,55.000,274,216,345,160,157,157,157,157,157,157,1,0,0,3,30,1,28.000,1,1,3,3,62,1,0,0,62,0,0,62,0,0,0,0,1,1,1,1,1,1,0,0,0,16672,0,0,0,0,0,0,0,0,0
1.042250,234.36,38.113,22.860,440,366,72.000,71,71,18.000,39.000,55.000,274,216,345,160,157,157,157,157,157,157,1,0,0,3,30,1,28.000,1,1,3,3,62,1,0,0,62,0,0,62,0,0,0,0,1,1,1,1,1,1,0,0,0,16676,0,0,0,0,0,0,0,0,0
1.042500,234.47,38.095,22.860,440,366,72.000,71,71,18.000,39.000,55.000,274,216,345,160,157,157,157,157,157,157,1,0,0,3,30,1,28.000,1,1,3,3,62,1,0,0,62,0,0,62,0,0,0,0,1,1,1,1,1,1,0,0,0,16680,0,0,0,0,0,0,0,0,0
1.042750,234.58,38.077,22.860,441,367,72.000,71,71,18.000,39.000,55.000,274,216,346,160,158,158,158,158,158,158,1,0,0,3,30,1,28.000,1,1,3,3,62,1,0,0,62,0,0,62,0,0,0,0,1,1,1,1,1,1,0,0,0,16684,0,0,0,0,0,0,0,0,0
1.043000,234.68,38.059,22.810,441,367,72.000,71,71,18.000,39.000,55.000,274,216,346,160,158,158,158,158,158,158,1,0,0,3,30,1,28.000,1,1,3,3,62,1,0,0,62,0,0,62,0,0,0,0,1,1,1,1,1,1,0,0,0,16688,0,0,0,0,0,0,0,0,0
1.043250,234.79,38.041,22.810,441,367,72.000,71,71,18.000,39.000,55.000,274,216,346,160,158,158,158,158,158,158,1,0,0,3,30,1,28.000,1,1,3,3,62,1,0,0,62,0,0,62,0,0,0,0,1,1,1,1,1,1,0,0,0,16692,0,0,0,0,0,0,0,0,0
1.043500,234.90,38.022,22.810,441,367,72.000,71,71,18.000,39.000,55.000,274,216,346,160,158,158,158,158,158,158,1,0,0,3,30,1,28.000,1,1,3,3,62,1,0,0,62,0,0,62,0,0,0,0,1,1,1,1,1,1,0,0,0,16696,0,0,0,0,0,0,0,0,0
1.043750,235.01,38.004,22.810,441,367,72.000,71,71,18.000,39.000,55.000,274,216,346,160,158,158,158,158,158,158,1,0,0,3,30,1,28.000,1,1,3,3,62,1,0,0,62,0,0,62,0,0,0,0,1,1,1,1,1,1,0,0,0,16700,0,0,0,0,0,0,0,0,0
1.044000,235.12,37.985,22.750,441,367,72.000,71,71,18.000,39.000,55.000,273,216,346,160,158,158,158,158,158,158,1,0,0,3,30,1,28.000,1,1,3,3,62,1,0,0,62,0,0,62,0,0,0,0,1,1,1,1,1,1,0,0,0,16704,0,0,0,0,0,0,0,0,0
1.044250,235.22,37.966,22.750,441,367,72.000,71,71,18.000,39.000,55.000,273,216,346,160,158,158,158,158,158,158,1,0,0,3,30,1,28.000,1,1,3,3,62,1,0,0,62,0,0,62,0,0,0,0,1,1,1,1,1,1,0,0,0,16708,0,0,0,0,0,0,0,0,0
1.044500,235.33,37.947,22.750,441,368,72.000,71,71,18.000,39.000,55.000,273,217,347,160,158,158,158,158,158,158,1,0,0,3,30,1,28.000,1,1,3,3,62,1,0,0,62,0,0,62,0,0,0,0,1,1,1,1,1,1,0,0,0,16712,0,0,0,0,0,0,0,0,0
1.044750,235.44,37.928,22.750,441,368,72.000,71,71,18.000,39.000,55.000,273,217,347,160,158,158,158,158,158,158,1,0,0,3,30,1,28.000,1,1,3,3,62,1,0,0,62,0,0,62,0,0,0,0,1,1,1,1,1,1,0,0,0,16716,0,0,0,0,0,0,0,0,0
1.045000,235.55,37.908,22.750,441,368,72.000,71,71,18.000,39.000,55.000,273,217,347,160,158,158,158,158,158,158,1,0,0,3,30,1,28.000,1,1,3,3,62,1,0,0,62,0,0,62,0,0,0,0,1,1,1,1,1,1,0,0,0,16720,0,0,0,0,0,0,0,0,0
1.045250,235.66,37.889,22.750,441,368,72.000,71,71,18.000,39.000,55.000,273,217,347,160,158,158,158,158,158,158,1,0,0,3,30,1,28.000,1,1,3,3,62,1,0,0,62,0,0,62,0,0,0,0,1,1,1,1,1,1,0,0,0,16724,0,0,0,0,0,0,0,0,0
1.045500,235.76,37.869,22.700,441,368,72.000,71,71,18.000,39.000,55.000,273,217,347,160,158,158,158,158,158,158,1,0,0,3,30,1,28.000,1,1,3,3,62,1,0,0,62,0,0,62,0,0,0,0,1,1,1,1,1,1,0,0,0,16728,0,0,0,0,0,0,0,0,0
1.045750,235.87,37.849,22.700,441,368,72.000,71,71,18.000,39.000,55.000,273,217,347,160,158,158,158,158,158,158,1,0,0,3,30,1,28.000,1,1,3,3,62,1,0,0,62,0,0,62,0,0,0,0,1,1,1,1,1,1,0,0,0,16732,0,0,0,0,0,0,0,0,0
1.046000,235.98,37.829,22.700,441,368,72.000,71,71,18.000,39.000,55.000,273,217,347,160,158,158,158,158,158,158,1,0,0,3,30,1,28.000,1,1,3,3,62,1,0,0,62,0,0,62,0,0,0,0,1,1,1,1,1,1,0,0,0,16736,0,0,0,0,0,0,0,0,0
1.046250,236.09,37.809,22.700,441,369,72.000,71,71,18.000,39.000,55.000,273,218,348,160,159,159,159,159,159,159,1,0,0,3,30,1,28.000,1,1,3,3,62,1,0,0,62,0,0,62,0,0,0,0,1,1,1,1,1,1,0,0,0,16740,0,0,0,0,0,0,0,0,0
1.046500,236.20,37.789,22.640,441,369,72.000,71,71,18.000,39.000,55.000,272,218,348,160,159,159,159,159,159,159,1,0,0,3,30,1,28.000,1,1,3,3,62,1,0,0,62,0,0,62,0,0,0,0,1,1,1,1,1,1,0,0,0,16744,0,0,0,0,0,0,0,0,0
1.046750,236.30,37.768,22.640,441,369,72.000,71,71,18.000,39.000,55.000,272,218,348,160,159,159,159,159,159,159,1,0,0,3,30,1,28.000,1,1,1,1,63,1,0,0,63,0,0,63,0,0,0,0,1,1,1,1,1,1,0,0,0,16748,0,0,0,0,0,0,0,0,0
1.047000,236.41,37.747,22.640,441,369,72.000,71,71,18.000,39.000,55.000,272,218,348,160,159,159,159,159,159,159,1,0,0,3,30,1,28.000,1,1,1,1,63,1,0,0,63,0,0,63,0,0,0,0,1,1,1,1,1,1,0,0,0,16752,0,0,0,0,0,0,0,0,0
1.047250,236.52,37.727,22.640,441,369,72.000,71,71,18.000,39.000,55.000,272,218,348,160,159,159,159,159,159,159,1,0,0,3,30,1,28.000,1,1,1,1,63,1,0,0,63,0,0,63,0,0,0,0,1,1,1,1,1,1,0,0,0,16756,0,0,0,0,0,0,0,0,0
1.047500,236.63,37.706,22.640,441,369,72.000,71,71,18.000,39.000,55.000,272,218,348,160,159,159,159,159,159,159,1,0,0,3,30,1,28.000,1,1,1,1,63,1,0,0,63,0,0,63,0,0,0,0,1,1,1,1,1,1,0,0,0,16760,0,0,0,0,0,0,0,0,0
1.047750,236.74,37.684,22.590,441,370,72.000,71,71,18.000,39.000,55.000,271,218,349,160,159,159,159,159,159,159,1,0,0,3,30,1,28.000,1,1,1,1,63,1,0,0,63,0,0,63,0,0,0,0,1,1,1,1,1,1,0,0,0,16764,0,0,0,0,0,0,0,0,0
1.048000,236.84,37.663,22.590,441,370,72.000,71,71,18.000,39.000,55.000,271,218,349,160,159,159,159,159,159,159,1,0,0,3,30,1,28.000,1,1,1,1,63,1,0,0,63,0,0,63,0,0,0,0,1,1,1,1,1,1,0,0,0,16768,0,0,0,0,0,0,0,0,0
1.048250,236.95,37.642,22.590,441,370,72.000,71,71,18.000,39.000,55.000,271,218,349,160,159,159,159,159,159,159,1,0,0,3,30,1,28.000,1,1,1,1,63,1,0,0,63,0,0,63,0,0,0,0,1,1,1,1,1,1,0,0,0,16772,0,0,0,0,0,0,0,0,0
1.048500,237.06,37.620,22.590,441,370,72.000,71,71,18.000,39.000,55.000,271,218,349,160,159,159,159,159,159,159,1,0,0,3,30,1,28.000,1,1,1,1,63,1,0,0,63,0,0,63,0,0,0,0,1,1,1,1,1,1,0,0,0,16776,0,0,0,0,0,0,0,0,0
1.048750,237.17,37.598,22.540,441,370,72.000,71,71,18.000,39.000,55.000,271,218,349,160,159,159,159,159,159,159,1,0,0,3,30,1,28.000,1,1,1,1,63,1,0,0,63,0,0,63,0,0,0,0,1,1,1,1,1,1,0,0,0,16780,0,0,0,0,0,0,0,0,0
1.049000,237.28,37.576,22.540,441,370,72.000,71,71,18.000,39.000,55.000,271,218,349,160,159,159,159,159,159,159,1,0,0,3,30,1,28.000,1,1,1,1,63,1,0,0,63,0,0,63,0,0,0,0,1,1,1,1,1,1,0,0,0,16784,0,0,0,0,0,0,0,0,0
1.049250,237.38,37.554,22.540,441,370,72.000,71,71,18.000,39.000,55.000,271,218,349,160,159,159,159,159,159,159,1,0,0,3,30,1,28.000,1,1,1,1,63,1,0,0,63,0,0,63,0,0,0,0,1,1,1,1,1,1,0,0,0,16788,0,0,0,0,0,0,0,0,0
1.049500,237.49,37.532,22.540,441,371,72.000,71,71,18.000,39.000,55.000,271,219,351,160,160,160,160,160,160,160,1,0,0,3,30,1,28.000,1,1,1,1,63,1,0,0,63,0,0,63,0,0,0,0,1,1,1,1,1,1,0,0,0,16792,0,0,0,0,0,0,0,0,0
1.049750,237.60,37.510,22.480,441,371,72.000,71,71,18.000,39.000,55.000,270,219,351,160,160,160,160,160,160,160,1,0,0,3,30,1,28.000,1,1,1,1,63,1,0,0,63,0,0,63,0,0,0,0,1,1,1,1,1,1,0,0,0,16796,0,0,0,0,0,0,0,0,0
1.050000,237.71,37.487,22.480,441,371,72.000,71,71,18.000,39.000,55.000,270,219,351,160,160,160,160,160,160,160,1,0,0,3,30,1,28.000,1,1,1,1,63,1,0,0,63,0,0,63,0,0,0,0,1,1,1,1,1,1,0,0,0,16800,0,0,0,0,0,0,0,0,0
1.050250,237.82,37.464,22.480,441,371,72.000,71,71,18.000,39.000,55.000,270,219,351,160,160,160,160,160,160,160,1,0,0,3,30,1,28.000,1,1,1,1,63,1,0,0,63,0,0,63,0,0,0,0,1,1,1,1,1,1,0,0,0,16804,0,0,0,0,0,0,0,0,0
1.050500,237.92,37.441,22.480,441,371,72.000,71,71,18.000,39.000,55.000,270,219,351,160,160,160,160,160,160,160,1,0,0,3,30,1,28.000,1,1,1,1,63,1,0,0,63,0,0,63,0,0,0,0,1,1,1,1,1,1,0,0,0,16808,0,0,0,0,0,0,0,0,0
1.050750,238.03,37.418,22.430,441,371,72.000,71,71,18.000,39.000,55.000,269,219,351,160,160,160,160,160,160,160,1,0,0,3,30,1,28.000,1,1,1,1,63,1,0,0,63,0,0,63,0,0,0,0,1,1,1,1,1,1,0,0,0,16812,0,0,0,0,0,0,0,0,0
1.051000,238.14,37.395,22.430,441,371,72.000,71,71,18.000,39.000,55.000,269,219,351,160,160,160,160,160,160,160,1,0,0,3,30,1,28.000,1,1,1,1,63,1,0,0,63,0,0,63,0,0,0,0,1,1,1,1,1,1,0,0,0,16816,0,0,0,0,0,0,0,0,0
1.051250,238.25,37.372,22.430,441,372,72.000,71,71,18.000,39.000,55.000,269,219,351,160,160,160,160,160,160,160,1,0,0,3,30,1,28.000,1,1,1,1,63,1,0,0,63,0,0,63,0,0,0,0,1,1,1,1,1,1,0,0,0,16820,0,0,0,0,0,0,0,0,0
1.051500,238.36,37.348,22.430,441,372,72.000,71,71,18.000,39.000,55.000,269,219,351,160,160,160,160,160,160,160,1,0,0,3,30,1,28.000,1,1,1,1,63,1,0,0,63,0,0,63,0,0,0,0,1,1,1,1,1,1,0,0,0,16824,0,0,0,0,0,0,0,0,0
1.051750,238.46,37.325,22.370,441,372,72.000,71,71,18.000,39.000,55.000,269,219,351,160,160,160,160,160,160,160,1,0,0,3,30,1,28.000,1,1,1,1,63,1,0,0,63,0,0,63,0,0,0,0,1,1,1,1,1,1,0,0,0,16828,0,0,0,0,0,0,0,0,0
1.052000,238.57,37.301,22.370,441,372,72.000,71,71,18.000,39.000,55.000,269,219,351,160,160,160,160,160,160,160,1,0,0,3,30,1,28.000,1,1,1,1,63,1,0,0,63,0,0,63,0,0,0,0,1,1,1,1,1,1,0,0,0,16832,0,0,0,0,0,0,0,0,0
1.052250,238.68,37.277,22.370,441,372,72.000,71,71,18.000,39.000,55.000,269,219,351,160,160,160,160,160,160,160,1,0,0,3,30,1,28.000,1,1,1,1,63,1,0,0,63,0,0,63,0,0,0,0,1,1,1,1,1,1,0,0,0,16836,0,0,0,0,0,0,0,0,0
1.052500,238.79,37.253,22.370,441,372,72.000,71,71,18.000,39.000,55.000,269,219,351,160,160,160,160,160,160,160,1,0,0,3,30,1,28.000,1,1,1,1,63,1,0,0,63,0,0,63,0,0,0,0,1,1,1,1,1,1,0,0,0,16840,0,0,0,0,0,0,0,0,0
1.052750,238.90,37.229,22.320,441,372,72.000,71,71,18.000,39.000,55.000,268,219,351,160,160,160,160,160,160,160,1,0,0,3,30,1,28.000,1,1,1,1,63,1,0,0,63,0,0,63,0,0,0,0,1,1,1,1,1,1,0,0,0,16844,0,0,0,0,0,0,0,0,0
1.053000,239.00,37.204,22.320,441,373,72.000,71,71,18.000,39.000,55.000,268,220,353,160,161,161,161,161,161,161,1,0,0,3,30,1,28.000,1,1,1,1,63,1,0,0,63,0,0,63,0,0,0,0,1,1,1,1,1,1,0,0,0,16848,0,0,0,0,0,0,0,0,0
1.053250,239.11,37.180,22.320,441,373,72.000,71,71,18.000,39.000,55.000,268,220,353,160,161,161,161,161,161,161,1,0,0,3,30,1,28.000,1,1,1,1,63,1,0,0,63,0,0,63,0,0,0,0,1,1,1,1,1,1,0,0,0,16852,0,0,0,0,0,0,0,0,0
1.053500,239.22,37.155,22.260,441,373,72.000,71,71,18.000,39.000,55.000,267,220,353,160,161,161,161,161,161,161,1,0,0,3,30,1,28.000,1,1,1,1,63,1,0,0,63,0,0,63,0,0,0,0,1,1,1,1,1,1,0,0,0,16856,0,0,0,0,0,0,0,0,0
1.053750,239.33,37.130,22.260,440,373,72.000,71,71,18.000,39.000,55.000,267,220,353,160,161,161,161,161,161,161,1,0,0,3,30,1,28.000,1,1,1,1,63,1,0,0,63,0,0,63,0,0,0,0,1,1,1,1,1,1,0,0,0,16860,0,0,0,0,0,0,0,0,0
1.054000,239.44,37.105,22.260,440,373,72.000,71,71,18.000,39.000,55.000,267,220,353,160,161,161,161,161,161,161,1,0,0,3,30,1,28.000,1,1,1,1,63,1,0,0,63,0,0,63,0,0,0,0,1,1,1,1,1,1,0,0,0,16864,0,0,0,0,0,0,0,0,0
1.054250,239.54,37.080,22.260,440,373,72.000,71,71,18.000,39.000,55.000,267,220,353,160,161,161,161,161,161,161,1,0,0,3,30,1,28.000,1,1,1,1,63,1,0,0,63,0,0,63,0,0,0,0,1,1,1,1,1,1,0,0,0,16868,0,0,0,0,0,0,0,0,0
1.054500,239.65,37.055,22.210,440,373,72.000,71,71,18.000,39.000,55.000,267,220,353,160,161,161,161,161,161,161,1,0,0,3,30,1,28.000,1,1,1,1,63,1,0,0,63,0,0,63,0,0,0,0,1,1,1,1,1,1,0,0,0,16872,0,0,0,0,0,0,0,0,0
1.054750,239.76,37.029,22.210,440,374,72.000,71,71,18.000,39.000,55.000,267,221,354,160,161,161,161,161,161,161,1,0,0,3,30,1,28.000,1,1,1,1,63,1,0,0,63,0,0,63,0,0,0,0,1,1,1,1,1,1,0,0,0,16876,0,0,0,0,0,0,0,0,0
1.055000,239.87,37.004,22.210,440,374,72.000,71,71,18.000,39.000,55.000,267,221,354,160,161,161,161,161,161,161,1,0,0,3,30,1,28.000,1,1,1,1,63,1,0,0,63,0,0,63,0,0,0,0,1,1,1,1,1,1,0,0,0,16880,0,0,0,0,0,0,0,0,0
1.055250,239.98,36.978,22.150,440,374,72.000,71,71,18.000,39.000,55.000,266,221,354,160,161,161,161,161,161,161,1,0,0,3,30,1,28.000,1,1,1,1,63,1,0,0,63,0,0,63,0,0,0,0,1,1,1,1,1,1,0,0,0,16884,0,0,0,0,0,0,0,0,0
1.055500,240.08,36.952,22.150,440,374,72.000,71,71,18.000,39.000,55.000,266,221,354,160,161,161,161,161,161,161,1,0,0,3,30,1,28.000,1,1,0,0,64,1,0,0,64,0,0,64,0,0,0,0,1,1,1,1,1,1,0,0,0,16888,0,0,0,0,0,0,0,0,0
1.055750,240.19,36.926,22.150,440,374,72.000,71,71,18.000,39.000,55.000,266,221,354,160,161,161,161,161,161,161,1,0,0,3,30,1,28.000,1,1,0,0,64,1,0,0,64,0,0,64,0,0,0,0,1,1,1,1,1,1,0,0,0,16892,0,0,0,0,0,0,0,0,0
1.056000,240.30,36.900,22.150,440,374,72.000,71,71,18.000,39.000,55.000,266,221,354,160,161,161,161,161,161,161,1,0,0,3,30,1,28.000,1,1,0,0,64,1,0,0,64,0,0,64,0,0,0,0,1,1,1,1,1,1,0,0,0,16896,0,0,0,0,0,0,0,0,0
1.056250,240.41,36.873,22.100,440,374,72.000,71,71,18.000,39.000,55.000,265,221,354,160,161,161,161,161,161,161,1,0,0,3,30,1,28.000,1,1,0,0,64,1,0,0,64,0,0,64,0,0,0,0,1,1,1,1,1,1,0,0,0,16900,0,0,0,0,0,0,0,0,0
1.056500,240.52,36.847,22.100,440,374,72.000,71,71,18.000,39.000,55.000,265,221,354,160,161,161,161,161,161,161,1,0,0,3,30,1,28.000,1,1,0,0,64,1,0,0,64,0,0,64,0,0,0,0,1,1,1,1,1,1,0,0,0,16904,0,0,0,0,0,0,0,0,0
1.056750,240.62,36.820,22.100,440,375,72.000,71,71,18.000,39.000,55.000,265,222,355,160,162,162,162,162,162,162,1,0,0,3,30,1,28.000,1,1,0,0,64,1,0,0,64,0,0,64,0,0,0,0,1,1,1,1,1,1,0,0,0,16908,0,0,0,0,0,0,0,0,0
1.057000,240.73,36.793,22.050,440,375,72.000,71,71,18.000,39.000,55.000,265,222,355,160,162,162,162,162,162,162,1,0,0,3,30,1,28.000,1,1,0,0,64,1,0,0,64,0,0,64,0,0,0,0,1,1,1,1,1,1,0,0,0,16912,0,0,0,0,0,0,0,0,0
1.057250,240.84,36.766,22.050,440,375,72.000,71,71,18.000,39.000,55.000,265,222,355,160,162,162,162,162,162,162,1,0,0,3,30,1,28.000,1,1,0,0,64,1,0,0,64,0,0,64,0,0,0,0,1,1,1,1,1,1,0,0,0,16916,0,0,0,0,0,0,0,0,0
1.057500,240.95,36.739,22.050,440,375,72.000,71,71,18.000,39.000,55.000,265,222,355,160,162,162,162,162,162,162,1,0,0,3,30,1,28.000,1,1,0,0,64,1,0,0,64,0,0,64,0,0,0,0,1,1,1,1,1,1,0,0,0,16920,0,0,0,0,0,0,0,0,0
1.057750,241.06,36.712,22.050,440,375,72.000,71,71,18.000,39.000,55.000,265,222,355,160,162,162,162,162,162,162,1,0,0,3,30,1,28.000,1,1,0,0,64,1,0,0,64,0,0,64,0,0,0,0,1,1,1,1,1,1,0,0,0,16924,0,0,0,0,0,0,0,0,0
1.058000,241.16,36.685,21.990,440,375,72.000,71,71,18.000,39.000,55.000,264,222,355,160,162,162,162,162,162,162,1,0,0,3,30,1,28.000,1,1,0,0,64,1,0,0,64,0,0,64,0,0,0,0,1,1,1,1,1,1,0,0,0,16928,0,0,0,0,0,0,0,0,0
1.058250,241.27,36.657,21.990,440,375,72.000,71,71,18.000,39.000,55.000,264,222,355,160,162,162,162,162,162,162,1,0,0,3,30,1,28.000,1,1,0,0,64,1,0,0,64,0,0,64,0,0,0,0,1,1,1,1,1,1,0,0,0,16932,0,0,0,0,0,0,0,0,0
1.058500,241.38,36.630,21.990,439,376,72.000,71,71,18.000,39.000,55.000,264,222,356,160,162,162,162,162,162,162,1,0,0,3,30,1,28.000,1,1,0,0,64,1,0,0,64,0,0,64,0,0,0,0,1,1,1,1,1,1,0,0,0,16936,0,0,0,0,0,0,0,0,0
1.058750,241.49,36.602,21.940,439,376,72.000,71,71,18.000,39.000,55.000,263,222,356,160,162,162,162,162,162,162,1,0,0,3,30,1,28.000,1,1,0,0,64,1,0,0,64,0,0,64,0,0,0,0,1,1,1,1,1,1,0,0,0,16940,0,0,0,0,0,0,0,0,0
1.059000,241.60,36.574,21.940,439,376,72.000,71,71,18.000,39.000,55.000,263,222,356,160,162,162,162,162,162,162,1,0,0,3,30,1,28.000,1,1,0,0,64,1,0,0,64,0,0,64,0,0,0,0,1,1,1,1,1,1,0,0,0,16944,0,0,0,0,0,0,0,0,0
1.059250,241.70,36.546,21.940,439,376,72.000,71,71,18.000,39.000,55.000,263,222,356,160,162,162,162,162,162,162,1,0,0,3,30,1,28.000,1,1,0,0,64,1,0,0,64,0,0,64,0,0,0,0,1,1,1,1,1,1,0,0,0,16948,0,0,0,0,0,0,0,0,0
1.059500,241.81,36.518,21.880,439,376,72.000,71,71,18.000,39.000,55.000,263,222,356,160,162,162,162,162,162,162,1,0,0,3,30,1,28.000,1,1,0,0,64,1,0,0,64,0,0,64,0,0,0,0,1,1,1,1,1,1,0,0,0,16952,0,0,0,0,0,0,0,0,0
1.059750,241.92,36.489,21.880,439,376,72.000,71,71,18.000,39.000,55.000,263,222,356,160,162,162,162,162,162,162,1,0,0,3,30,1,28.000,1,1,0,0,64,1,0,0,64,0,0,64,0,0,0,0,1,1,1,1,1,1,0,0,0,16956,0,0,0,0,0,0,0,0,0
1.060000,242.03,36.461,21.880,439,376,72.000,71,71,18.000,39.000,55.000,263,222,356,160,162,162,162,162,162,162,1,0,0,3,30,1,28.000,1,1,0,0,64,1,0,0,64,0,0,64,0,0,0,0,1,1,1,1,1,1,0,0,0,16960,0,0,0,0,0,0,0,0,0
1.060250,242.14,36.432,21.830,439,376,72.000,71,71,18.000,39.000,55.000,262,222,356,160,162,162,162,162,162,162,1,0,0,3,30,1,28.000,1,1,0,0,64,1,0,0,64,0,0,64,0,0,0,0,1,1,1,1,1,1,0,0,0,16964,0,0,0,0,0,0,0,0,0
1.060500,242.24,36.403,21.830,439,377,72.000,71,71,18.000,39.000,55.000,262,223,357,160,162,162,162,162,162,162,1,0,0,3,30,1,28.000,1,1,0,0,64,1,0,0,64,0,0,64,0,0,0,0,1,1,1,1,1,1,0,0,0,16968,0,0,0,0,0,0,0,0,0
1.060750,242.35,36.374,21.830,439,377,72.000,71,71,18.000,39.000,55.000,262,223,357,160,162,162,162,162,162,162,1,0,0,3,30,1,28.000,1,1,0,0,64,1,0,0,64,0,0,64,0,0,0,0,1,1,1,1,1,1,0,0,0,16972,0,0,0,0,0,0,0,0,0
1.061000,242.46,36.345,21.770,439,377,72.000,71,71,18.000,39.000,55.000,261,223,357,160,162,162,162,162,162,162,1,0,0,3,30,1,28.000,1,1,0,0,64,1,0,0,64,0,0,64,0,0,0,0,1,1,1,1,1,1,0,0,0,16976,0,0,0,0,0,0,0,0,0
1.061250,242.57,36.316,21.770,439,377,72.000,71,71,18.000,39.000,55.000,261,223,357,160,162,162,162,162,162,162,1,0,0,3,30,1,28.000,1,1,0,0,64,1,0,0,64,0,0,64,0,0,0,0,1,1,1,1,1,1,0,0,0,16980,0,0,0,0,0,0,0,0,0
1.061500,242.68,36.287,21.770,439,377,72.000,71,71,18.000,39.000,55.000,261,223,357,160,162,162,162,162,162,162,1,0,0,3,30,1,28.000,1,1,0,0,64,1,0,0,64,0,0,64,0,0,0,0,1,1,1,1,1,1,0,0,0,16984,0,0,0,0,0,0,0,0,0
1.061750,242.78,36.257,21.770,438,377,72.000,71,71,18.000,39.000,55.000,261,223,357,160,162,162,162,162,162,162,1,0,0,3,30,1,28.000,1,1,0,0,64,1,0,0,64,0,0,64,0,0,0,0,1,1,1,1,1,1,0,0,0,16988,0,0,0,0,0,0,0,0,0
1.062000,242.89,36.228,21.720,438,377,72.000,71,71,18.000,39.000,55.000,261,223,357,160,162,162,162,162,162,162,1,0,0,3,30,1,28.000,1,1,0,0,64,1,0,0,64,0,0,64,0,0,0,0,1,1,1,1,1,1,0,0,0,16992,0,0,0,0,0,0,0,0,0
1.062250,243.00,36.198,21.720,438,377,72.000,71,71,18.000,39.000,55.000,261,223,357,160,162,162,162,162,162,162,1,0,0,3,30,1,28.000,1,1,0,0,64,1,0,0,64,0,0,64,0,0,0,0,1,1,1,1,1,1,0,0,0,16996,0,0,0,0,0,0,0,0,0
1.062500,243.11,36.168,21.670,438,378,72.000,71,71,18.000,39.000,55.000,260,223,358,160,163,163,163,163,163,163,1,0,0,3,30,1,28.000,1,1,0,0,64,1,0,0,64,0,0,64,0,0,0,0,1,1,1,1,1,1,0,0,0,17000,0,0,0,0,0,0,0,0,0
1.062750,243.22,36.138,21.670,438,378,72.000,71,71,18.000,39.000,55.000,260,223,358,160,163,163,163,163,163,163,1,0,0,3,30,1,28.000,1,1,0,0,64,1,0,0,64,0,0,64,0,0,0,0,1,1,1,1,1,1,0,0,0,17004,0,0,0,0,0,0,0,0,0
1.063000,243.32,36.108,21.670,438,378,72.000,71,71,18.000,39.000,55.000,260,223,358,160,163,163,163,163,163,163,1,0,0,3,30,1,28.000,1,1,0,0,64,1,0,0,64,0,0,64,0,0,0,0,1,1,1,1,1,1,0,0,0,17008,0,0,0,0,0,0,0,0,0
1.063250,243.43,36.077,21.670,438,378,72.000,71,71,18.000,39.000,55.000,260,223,358,160,163,163,163,163,163,163,1,0,0,3,30,1,28.000,1,1,0,0,64,1,0,0,64,0,0,64,0,0,0,0,1,1,1,1,1,1,0,0,0,17012,0,0,0,0,0,0,0,0,0
1.063500,243.54,36.047,21.610,438,378,72.000,71,71,18.000,39.000,55.000,259,223,358,160,163,163,163,163,163,163,1,0,0,3,30,1,28.000,1,1,0,0,64,1,0,0,64,0,0,64,0,0,0,0,1,1,1,1,1,1,0,0,0,17016,0,0,0,0,0,0,0,0,0
1.063750,243.65,36.016,21.610,438,378,72.000,71,71,18.000,39.000,55.000,259,223,358,160,163,163,163,163,163,163,1,0,0,3,30,1,28.000,1,1,0,0,64,1,0,0,64,0,0,64,0,0,0,0,1,1,1,1,1,1,0,0,0,17020,0,0,0,0,0,0,0,0,0
1.064000,243.76,35.986,21.610,438,378,72.000,72,71,18.000,39.000,55.000,259,223,358,160,163,163,163,163,163,163,1,0,0,3,30,1,28.000,1,1,2,2,65,1,0,0,65,0,0,65,0,0,0,0,1,1,1,1,1,1,0,0,0,17024,0,0,0,0,0,0,0,0,0
1.064250,243.86,35.955,21.560,437,378,72.000,72,71,18.000,39.000,55.000,259,223,358,160,163,163,163,163,163,163,1,0,0,3,30,1,28.000,1,1,2,2,65,1,0,0,65,0,0,65,0,0,0,0,1,1,1,1,1,1,0,0,0,17028,0,0,0,0,0,0,0,0,0
1.064500,243.97,35.924,21.560,437,379,72.000,72,71,18.000,39.000,55.000,259,224,359,160,163,163,163,163,163,163,1,0,0,3,30,1,28.000,1,1,2,2,65,1,0,0,65,0,0,65,0,0,0,0,1,1,1,1,1,1,0,0,0,17032,0,0,0,0,0,0,0,0,0
1.064750,244.08,35.893,21.560,437,379,72.000,72,71,18.000,39.000,55.000,259,224,359,160,163,163,163,163,163,163,1,0,0,3,30,1,28.000,1,1,2,2,65,1,0,0,65,0,0,65,0,0,0,0,1,1,1,1,1,1,0,0,0,17036,0,0,0,0,0,0,0,0,0
1.065000,244.19,35.861,21.500,437,379,72.000,72,71,18.000,39.000,55.000,258,224,359,160,163,163,163,163,163,163,1,0,0,3,30,1,28.000,1,1,2,2,65,1,0,0,65,0,0,65,0,0,0,0,1,1,1,1,1,1,0,0,0,17040,0,0,0,0,0,0,0,0,0
1.065250,244.30,35.830,21.500,437,379,72.000,72,71,18.000,39.000,55.000,258,224,359,160,163,163,163,163,163,163,1,0,0,3,30,1,28.000,1,1,2,2,65,1,0,0,65,0,0,65,0,0,0,0,1,1,1,1,1,1,0,0,0,17044,0,0,0,0,0,0,0,0,0
1.065500,244.40,35.798,21.450,437,379,72.000,72,71,18.000,39.000,55.000,257,224,359,160,163,163,163,163,163,163,1,0,0,3,30,1,28.000,1,1,2,2,65,1,0,0,65,0,0,65,0,0,0,0,1,1,1,1,1,1,0,0,0,17048,0,0,0,0,0,0,0,0,0
1.065750,244.51,35.767,21.450,437,379,72.000,72,71,18.000,39.000,55.000,257,224,359,160,163,163,163,163,163,163,1,0,0,3,30,1,28.000,1,1,2,2,65,1,0,0,65,0,0,65,0,0,0,0,1,1,1,1,1,1,0,0,0,17052,0,0,0,0,0,0,0,0,0
1.066000,244.62,35.735,21.450,437,379,72.000,72,71,18.000,39.000,55.000,257,224,359,160,163,163,163,163,163,163,1,0,0,3,30,1,28.000,1,1,2,2,65,1,0,0,65,0,0,65,0,0,0,0,1,1,1,1,1,1,0,0,0,17056,0,0,0,0,0,0,0,0,0
1.066250,244.73,35.703,21.390,436,379,72.000,72,71,18.000,39.000,55.000,257,224,359,160,163,163,163,163,163,163,1,0,0,3,30,1,28.000,1,1,2,2,65,1,0,0,65,0,0,65,0,0,0,0,1,1,1,1,1,1,0,0,0,17060,0,0,0,0,0,0,0,0,0
1.066500,244.84,35.671,21.390,436,380,72.000,72,71,18.000,39.000,55.000,257,225,360,160,164,164,164,164,164,164,1,0,0,3,30,1,28.000,1,1,2,2,65,1,0,0,65,0,0,65,0,0,0,0,1,1,1,1,1,1,0,0,0,17064,0,0,0,0,0,0,0,0,0
1.066750,244.94,35.639,21.390,436,380,72.000,72,71,18.000,39.000,55.000,257,225,360,160,164,164,164,164,164,164,1,0,0,3,30,1,28.000,1,1,2,2,65,1,0,0,65,0,0,65,0,0,0,0,1,1,1,1,1,1,0,0,0,17068,0,0,0,0,0,0,0,0,0
1.067000,245.05,35.606,21.340,436,380,72.000,72,71,18.000,39.000,55.000,256,225,360,160,164,164,164,164,164,164,1,0,0,3,30,1,28.000,1,1,2,2,65,1,0,0,65,0,0,65,0,0,0,0,1,1,1,1,1,1,0,0,0,17072,0,0,0,0,0,0,0,0,0
1.067250,245.16,35.574,21.340,436,380,72.000,72,71,18.000,39.000,55.000,256,225,360,160,164,164,164,164,164,164,1,0,0,3,30,1,28.000,1,1,2,2,65,1,0,0,65,0,0,65,0,0,0,0,1,1,1,1,1,1,0,0,0,17076,0,0,0,0,0,0,0,0,0
1.067500,245.27,35.541,21.340,436,380,72.000,72,71,18.000,39.000,55.000,256,225,360,160,164,164,164,164,164,164,1,0,0,3,30,1,28.000,1,1,2,2,65,1,0,0,65,0,0,65,0,0,0,0,1,1,1,1,1,1,0,0,0,17080,0,0,0,0,0,0,0,0,0
1.067750,245.38,35.509,21.280,436,380,72.000,72,71,18.000,39.000,55.000,255,225,360,160,164,164,164,164,164,164,1,0,0,3,30,1,28.000,1,1,2,2,65,1,0,0,65,0,0,65,0,0,0,0,1,1,1,1,1,1,0,0,0,17084,0,0,0,0,0,0,0,0,0
1.068000,245.48,35.476,21.280,436,380,72.000,72,71,18.000,39.000,55.000,255,225,360,160,164,164,164,164,164,164,1,0,0,3,30,1,28.000,1,1,2,2,65,1,0,0,65,0,0,65,0,0,0,0,1,1,1,1,1,1,0,0,0,17088,0,0,0,0,0,0,0,0,0
1.068250,245.59,35.443,21.280,435,380,72.000,72,71,18.000,39.000,55.000,255,225,360,160,164,164,164,164,164,164,1,0,0,3,30,1,28.000,1,1,2,2,65,1,0,0,65,0,0,65,0,0,0,0,1,1,1,1,1,1,0,0,0,17092,0,0,0,0,0,0,0,0,0
1.068500,245.70,35.410,21.230,435,380,72.000,72,71,18.000,39.000,55.000,255,225,360,160,164,164,164,164,164,164,1,0,0,3,30,1,28.000,1,1,2,2,65,1,0,0,65,0,0,65,0,0,0,0,1,1,1,1,1,1,0,0,0,17096,0,0,0,0,0,0,0,0,0
1.068750,245.81,35.377,21.230,435,381,72.000,72,71,18.000,39.000,55.000,255,225,361,160,164,164,164,164,164,164,1,0,0,3,30,1,28.000,1,1,2,2,65,1,0,0,65,0,0,65,0,0,0,0,1,1,1,1,1,1,0,0,0,17100,0,0,0,0,0,0,0,0,0
1.069000,245.92,35.343,21.180,435,381,72.000,72,71,18.000,39.000,55.000,254,225,361,160,164,164,164,164,164,164,1,0,0,3,30,1,28.000,1,1,2,2,65,1,0,0,65,0,0,65,0,0,0,0,1,1,1,1,1,1,0,0,0,17104,0,0,0,0,0,0,0,0,0
1.069250,246.02,35.310,21.180,435,381,72.000,72,71,18.000,39.000,55.000,254,225,361,160,164,164,164,164,164,164,1,0,0,3,30,1,28.000,1,1,2,2,65,1,0,0,65,0,0,65,0,0,0,0,1,1,1,1,1,1,0,0,0,17108,0,0,0,0,0,0,0,0,0
1.069500,246.13,35.276,21.180,435,381,72.000,72,71,18.000,39.000,55.000,254,225,361,160,164,164,164,164,164,164,1,0,0,3,30,1,28.000,1,1,2,2,65,1,0,0,65,0,0,65,0,0,0,0,1,1,1,1,1,1,0,0,0,17112,0,0,0,0,0,0,0,0,0
1.069750,246.24,35.243,21.120,435,381,72.000,72,71,18.000,39.000,55.000,254,225,361,160,164,164,164,164,164,164,1,0,0,3,30,1,28.000,1,1,2,2,65,1,0,0,65,0,0,65,0,0,0,0,1,1,1,1,1,1,0,0,0,17116,0,0,0,0,0,0,0,0,0
1.070000,246.35,35.209,21.120,434,381,72.000,72,71,18.000,39.000,55.000,254,225,361,160,164,164,164,164,164,164,1,0,0,3,30,1,28.000,1,1,2,2,65,1,0,0,65,0,0,65,0,0,0,0,1,1,1,1,1,1,0,0,0,17120,0,0,0,0,0,0,0,0,0
1.070250,246.46,35.175,21.120,434,381,72.000,72,71,18.000,39.000,55.000,254,225,361,160,164,164,164,164,164,164,1,0,0,3,30,1,28.000,1,1,2,2,65,1,0,0,65,0,0,65,0,0,0,0,1,1,1,1,1,1,0,0,0,17124,0,0,0,0,0,0,0,0,0
1.070500,246.56,35.141,21.070,434,381,72.000,72,71,18.000,39.000,55.000,253,225,361,160,164,164,164,164,164,164,1,0,0,3,30,1,28.000,1,1,2,2,65,1,0,0,65,0,0,65,0,0,0,0,1,1,1,1,1,1,0,0,0,17128,0,0,0,0,0,0,0,0,0
1.070750,246.67,35.106,21.070,434,381,72.000,72,71,18.000,39.000,55.000,253,225,361,160,164,164,164,164,164,164,1,0,0,3,30,1,28.000,1,1,2,2,65,1,0,0,65,0,0,65,0,0,0,0,1,1,1,1,1,1,0,0,0,17132,0,0,0,0,0,0,0,0,0
1.071000,246.78,35.072,21.070,434,382,72.000,72,71,18.000,39.000,55.000,253,226,362,160,165,165,165,165,165,165,1,0,0,3,30,1,28.000,1,1,2,2,65,1,0,0,65,0,0,65,0,0,0,0,1,1,1,1,1,1,0,0,0,17136,0,0,0,0,0,0,0,0,0
1.071250,246.89,35.038,21.010,434,382,72.000,72,71,18.000,39.000,55.000,252,226,362,160,165,165,165,165,165,165,1,0,0,3,30,1,28.000,1,1,2,2,65,1,0,0,65,0,0,65,0,0,0,0,1,1,1,1,1,1,0,0,0,17140,0,0,0,0,0,0,0,0,0
1.071500,247.00,35.003,21.010,434,382,72.000,72,71,18.000,39.000,55.000,252,226,362,160,165,165,165,165,165,165,1,0,0,3,30,1,28.000,1,1,2,2,65,1,0,0,65,0,0,65,0,0,0,0,1,1,1,1,1,1,0,0,0,17144,0,0,0,0,0,0,0,0,0
1.071750,247.10,34.968,20.960,433,382,72.000,72,71,18.000,39.000,55.000,252,226,362,160,165,165,165,165,165,165,1,0,0,3,30,1,28.000,1,1,2,2,65,1,0,0,65,0,0,65,0,0,0,0,1,1,1,1,1,1,0,0,0,17148,0,0,0,0,0,0,0,0,0
1.072000,247.21,34.934,20.960,433,382,72.000,72,71,18.000,39.000,55.000,252,226,362,160,165,165,165,165,165,165,1,0,0,3,30,1,28.000,1,1,2,2,65,1,0,0,65,0,0,65,0,0,0,0,1,1,1,1,1,1,0,0,0,17152,0,0,0,0,0,0,0,0,0
1.072250,247.32,34.899,20.900,433,382,72.000,72,71,18.000,39.000,55.000,251,226,362,160,165,165,165,165,165,165,1,0,0,3,30,1,28.000,1,1,2,2,65,1,0,0,65,0,0,65,0,0,0,0,1,1,1,1,1,1,0,0,0,17156,0,0,0,0,0,0,0,0,0
1.072500,247.43,34.863,20.900,433,382,72.000,72,71,18.000,39.000,55.000,251,226,362,160,165,165,165,165,165,165,1,0,0,3,30,1,28.000,1,1,2,2,65,1,0,0,65,0,0,65,0,0,0,0,1,1,1,1,1,1,0,0,0,17160,0,0,0,0,0,0,0,0,0
1.072750,247.54,34.828,20.900,433,382,72.000,72,71,18.000,39.000,55.000,251,226,362,160,165,165,165,165,165,165,1,0,0,3,30,1,28.000,1,1,3,3,66,1,0,0,66,0,0,66,0,0,0,0,1,1,1,1,1,1,0,0,0,17164,0,0,0,0,0,0,0,0,0
1.073000,247.64,34.793,20.850,433,382,72.000,72,71,18.000,39.000,55.000,250,226,362,160,165,165,165,165,165,165,1,0,0,3,30,1,28.000,1,1,3,3,66,1,0,0,66,0,0,66,0,0,0,0,1,1,1,1,1,1,0,0,0,17168,0,0,0,0,0,0,0,0,0
1.073250,247.75,34.758,20.850,432,382,72.000,72,71,18.000,39.000,55.000,250,226,362,160,165,165,165,165,165,165,1,0,0,3,30,1,28.000,1,1,3,3,66,1,0,0,66,0,0,66,0,0,0,0,1,1,1,1,1,1,0,0,0,17172,0,0,0,0,0,0,0,0,0
1.073500,247.86,34.722,20.850,432,383,72.000,72,71,18.000,39.000,55.000,250,227,363,160,165,165,165,165,165,165,1,0,0,3,30,1,28.000,1,1,3,3,66,1,0,0,66,0,0,66,0,0,0,0,1,1,1,1,1,1,0,0,0,17176,0,0,0,0,0,0,0,0,0
1.073750,247.97,34.686,20.790,432,383,72.000,72,71,18.000,39.000,55.000,250,227,363,160,165,165,165,165,165,165,1,0,0,3,30,1,28.000,1,1,3,3,66,1,0,0,66,0,0,66,0,0,0,0,1,1,1,1,1,1,0,0,0,17180,0,0,0,0,0,0,0,0,0
1.074000,248.08,34.651,20.790,432,383,72.000,72,71,18.000,39.000,55.000,250,227,363,160,165,165,165,165,165,165,1,0,0,3,30,1,28.000,1,1,3,3,66,1,0,0,66,0,0,66,0,0,0,0,1,1,1,1,1,1,0,0,0,17184,0,0,0,0,0,0,0,0,0
1.074250,248.18,34.615,20.740,432,383,72.000,72,71,18.000,39.000,55.000,249,227,363,160,165,165,165,165,165,165,1,0,0,3,30,1,28.000,1,1,3,3,66,1,0,0,66,0,0,66,0,0,0,0,1,1,1,1,1,1,0,0,0,17188,0,0,0,0,0,0,0,0,0
1.074500,248.29,34.579,20.740,432,383,72.000,72,71,18.000,39.000,55.000,249,227,363,160,165,165,165,165,165,165,1,0,0,3,30,1,28.000,1,1,3,3,66,1,0,0,66,0,0,66,0,0,0,0,1,1,1,1,1,1,0,0,0,17192,0,0,0,0,0,0,0,0,0
1.074750,248.40,34.543,20.740,431,383,72.000,72,71,18.000,39.000,55.000,249,227,363,160,165,165,165,165,165,165,1,0,0,3,30,1,28.000,1,1,3,3,66,1,0,0,66,0,0,66,0,0,0,0,1,1,1,1,1,1,0,0,0,17196,0,0,0,0,0,0,0,0,0
1.075000,248.51,34.506,20.690,431,383,72.000,72,71,18.000,39.000,55.000,248,227,363,160,165,165,165,165,165,165,1,0,0,3,30,1,28.000,1,1,3,3,66,1,0,0,66,0,0,66,0,0,0,0,1,1,1,1,1,1,0,0,0,17200,0,0,0,0,0,0,0,0,0
1.075250,248.62,34.470,20.690,431,383,72.000,72,71,18.000,39.000,55.000,248,227,363,160,165,165,165,165,165,165,1,0,0,3,30,1,28.000,1,1,3,3,66,1,0,0,66,0,0,66,0,0,0,0,1,1,1,1,1,1,0,0,0,17204,0,0,0,0,0,0,0,0,0
1.075500,248.72,34.434,20.630,431,383,72.000,72,71,18.000,39.000,55.000,248,227,363,160,165,165,165,165,165,165,1,0,0,3,30,1,28.000,1,1,3,3,66,1,0,0,66,0,0,66,0,0,0,0,1,1,1,1,1,1,0,0,0,17208,0,0,0,0,0,0,0,0,0
1.075750,248.83,34.397,20.630,431,383,72.000,72,71,18.000,39.000,55.000,248,227,363,160,165,165,165,165,165,165,1,0,0,3,30,1,28.000,1,1,3,3,66,1,0,0,66,0,0,66,0,0,0,0,1,1,1,1,1,1,0,0,0,17212,0,0,0,0,0,0,0,0,0
1.076000,248.94,34.360,20.630,431,384,72.000,72,71,18.000,39.000,55.000,248,227,364,160,166,166,166,166,166,166,1,0,0,3,30,1,28.000,1,1,3,3,66,1,0,0,66,0,0,66,0,0,0,0,1,1,1,1,1,1,0,0,0,17216,0,0,0,0,0,0,0,0,0
1.076250,249.05,34.323,20.580,430,384,72.000,72,71,18.000,39.000,55.000,247,227,364,160,166,166,166,166,166,166,1,0,0,3,30,1,28.000,1,1,3,3,66,1,0,0,66,0,0,66,0,0,0,0,1,1,1,1,1,1,0,0,0,17220,0,0,0,0,0,0,0,0,0
1.076500,249.16,34.287,20.580,430,384,72.000,72,71,18.000,39.000,55.000,247,227,364,160,166,166,166,166,166,166,1,0,0,3,30,1,28.000,1,1,3,3,66,1,0,0,66,0,0,66,0,0,0,0,1,1,1,1,1,1,0,0,0,17224,0,0,0,0,0,0,0,0,0
1.076750,249.26,34.250,20.520,430,384,72.000,72,71,18.000,39.000,55.000,246,227,364,160,166,166,166,166,166,166,1,0,0,3,30,1,28.000,1,1,3,3,66,1,0,0,66,0,0,66,0,0,0,0,1,1,1,1,1,1,0,0,0,17228,0,0,0,0,0,0,0,0,0
1.077000,249.37,34.212,20.520,430,384,72.000,72,71,18.000,39.000,55.000,246,227,364,160,166,166,166,166,166,166,1,0,0,3,30,1,28.000,1,1,3,3,66,1,0,0,66,0,0,66,0,0,0,0,1,1,1,1,1,1,0,0,0,17232,0,0,0,0,0,0,0,0,0
1.077250,249.48,34.175,20.520,430,384,72.000,72,71,18.000,39.000,55.000,246,227,364,160,166,166,166,166,166,166,1,0,0,3,30,1,28.000,1,1,3,3,66,1,0,0,66,0,0,66,0,0,0,0,1,1,1,1,1,1,0,0,0,17236,0,0,0,0,0,0,0,0,0
1.077500,249.59,34.138,20.470,429,384,72.000,72,71,18.000,39.000,55.000,246,227,364,160,166,166,166,166,166,166,1,0,0,3,30,1,28.000,1,1,3,3,66,1,0,0,66,0,0,66,0,0,0,0,1,1,1,1,1,1,0,0,0,17240,0,0,0,0,0,0,0,0,0
1.077750,249.70,34.100,20.470,429,384,72.000,72,71,18.000,39.000,55.000,246,227,364,160,166,166,166,166,166,166,1,0,0,3,30,1,28.000,1,1,3,3,66,1,0,0,66,0,0,66,0,0,0,0,1,1,1,1,1,1,0,0,0,17244,0,0,0,0,0,0,0,0,0
1.078000,249.80,34.063,20.410,429,384,72.000,72,71,18.000,39.000,55.000,245,227,364,160,166,166,166,166,166,166,1,0,0,3,30,1,28.000,1,1,3,3,66,1,0,0,66,0,0,66,0,0,0,0,1,1,1,1,1,1,0,0,0,17248,0,0,0,0,0,0,0,0,0
1.078250,249.91,34.025,20.410,429,384,72.000,72,71,18.000,39.000,55.000,245,227,364,160,166,166,166,166,166,166,1,0,0,3,30,1,28.000,1,1,3,3,66,1,0,0,66,0,0,66,0,0,0,0,1,1,1,1,1,1,0,0,0,17252,0,0,0,0,0,0,0,0,0
1.078500,250.02,33.987,20.410,429,384,72.000,72,71,18.000,39.000,55.000,245,227,364,160,166,166,166,166,166,166,1,0,0,3,30,1,28.000,1,1,3,3,66,1,0,0,66,0,0,66,0,0,0,0,1,1,1,1,1,1,0,0,0,17256,0,0,0,0,0,0,0,0,0
1.078750,250.13,33.949,20.360,428,385,72.000,72,71,18.000,39.000,55.000,244,228,365,160,166,166,166,166,166,166,1,0,0,3,30,1,28.000,1,1,3,3,66,1,0,0,66,0,0,66,0,0,0,0,1,1,1,1,1,1,0,0,0,17260,0,0,0,0,0,0,0,0,0
1.079000,250.24,33.911,20.360,428,385,72.000,72,71,18.000,39.000,55.000,244,228,365,160,166,166,166,166,166,166,1,0,0,3,30,1,28.000,1,1,3,3,66,1,0,0,66,0,0,66,0,0,0,0,1,1,1,1,1,1,0,0,0,17264,0,0,0,0,0,0,0,0,0
1.079250,250.34,33.873,20.310,428,385,72.000,72,71,18.000,39.000,55.000,244,228,365,160,166,166,166,166,166,166,1,0,0,3,30,1,28.000,1,1,3,3,66,1,0,0,66,0,0,66,0,0,0,0,1,1,1,1,1,1,0,0,0,17268,0,0,0,0,0,0,0,0,0
1.079500,250.45,33.835,20.310,428,385,72.000,72,71,18.000,39.000,55.000,244,228,365,160,166,166,166,166,166,166,1,0,0,3,30,1,28.000,1,1,3,3,66,1,0,0,66,0,0,66,0,0,0,0,1,1,1,1,1,1,0,0,0,17272,0,0,0,0,0,0,0,0,0
1.079750,250.56,33.797,20.250,428,385,72.000,72,71,18.000,39.000,55.000,243,228,365,160,166,166,166,166,166,166,1,0,0,3,30,1,28.000,1,1,3,3,66,1,0,0,66,0,0,66,0,0,0,0,1,1,1,1,1,1,0,0,0,17276,0,0,0,0,0,0,0,0,0
1.080000,250.67,33.758,20.250,427,385,72.000,72,71,18.000,39.000,55.000,243,228,365,160,166,166,166,166,166,166,1,0,0,3,30,1,28.000,1,1,3,3,66,1,0,0,66,0,0,66,0,0,0,0,1,1,1,1,1,1,0,0,0,17280,0,0,0,0,0,0,0,0,0
1.080250,250.78,33.720,20.250,427,385,72.000,72,71,18.000,39.000,55.000,243,228,365,160,166,166,166,166,166,166,1,0,0,3,30,1,28.000,1,1,3,3,66,1,0,0,66,0,0,66,0,0,0,0,1,1,1,1,1,1,0,0,0,17284,0,0,0,0,0,0,0,0,0
1.080500,250.88,33.681,20.200,427,385,72.000,72,71,18.000,39.000,55.000,242,228,365,160,166,166,166,166,166,166,1,0,0,3,30,1,28.000,1,1,3,3,66,1,0,0,66,0,0,66,0,0,0,0,1,1,1,1,1,1,0,0,0,17288,0,0,0,0,0,0,0,0,0
1.080750,250.99,33.642,20.200,427,385,72.000,72,71,18.000,39.000,55.000,242,228,365,160,166,166,166,166,166,166,1,0,0,3,30,1,28.000,1,1,3,3,66,1,0,0,66,0,0,66,0,0,0,0,1,1,1,1,1,1,0,0,0,17292,0,0,0,0,0,0,0,0,0
1.081000,251.10,33.603,20.140,426,385,72.000,72,71,18.000,39.000,55.000,242,228,365,160,166,166,166,166,166,166,1,0,0,3,30,1,28.000,1,1,3,3,66,1,0,0,66,0,0,66,0,0,0,0,1,1,1,1,1,1,0,0,0,17296,0,0,0,0,0,0,0,0,0
1.081250,251.21,33.564,20.140,426,385,72.000,72,71,18.000,39.000,55.000,242,228,365,160,166,166,166,166,166,166,1,0,0,3,30,1,28.000,1,1,3,3,66,1,0,0,66,0,0,66,0,0,0,0,1,1,1,1,1,1,0,0,0,17300,0,0,0,0,0,0,0,0,0
1.081500,251.32,33.525,20.090,426,386,72.000,72,71,18.000,39.000,55.000,241,229,366,160,167,167,167,167,167,167,1,0,0,3,30,1,28.000,1,1,1,1,67,1,0,0,67,0,0,67,0,0,0,0,1,1,1,1,1,1,0,0,0,17304,0,0,0,0,0,0,0,0,0
1.081750,251.42,33.486,20.090,426,386,72.000,72,71,18.000,39.000,55.000,241,229,366,160,167,167,167,167,167,167,1,0,0,3,30,1,28.000,1,1,1,1,67,1,0,0,67,0,0,67,0,0,0,0,1,1,1,1,1,1,0,0,0,17308,0,0,0,0,0,0,0,0,0
1.082000,251.53,33.447,20.030,426,386,72.000,72,71,18.000,39.000,55.000,240,229,366,160,167,167,167,167,167,167,1,0,0,3,30,1,28.000,1,1,1,1,67,1,0,0,67,0,0,67,0,0,0,0,1,1,1,1,1,1,0,0,0,17312,0,0,0,0,0,0,0,0,0
1.082250,251.64,33.408,20.030,425,386,72.000,72,71,18.000,39.000,55.000,240,229,366,160,167,167,167,167,167,167,1,0,0,3,30,1,28.000,1,1,1,1,67,1,0,0,67,0,0,67,0,0,0,0,1,1,1,1,1,1,0,0,0,17316,0,0,0,0,0,0,0,0,0
1.082500,251.75,33.368,20.030,425,386,72.000,72,71,18.000,39.000,55.000,240,229,366,160,167,167,167,167,167,167,1,0,0,3,30,1,28.000,1,1,1,1,67,1,0,0,67,0,0,67,0,0,0,0,1,1,1,1,1,1,0,0,0,17320,0,0,0,0,0,0,0,0,0
1.082750,251.86,33.329,19.980,425,386,72.000,72,71,18.000,39.000,55.000,240,229,366,160,167,167,167,167,167,167,1,0,0,3,30,1,28.000,1,1,1,1,67,1,0,0,67,0,0,67,0,0,0,0,1,1,1,1,1,1,0,0,0,17324,0,0,0,0,0,0,0,0,0
1.083000,251.96,33.289,19.980,425,386,72.000,72,71,18.000,39.000,55.000,240,229,366,160,167,167,167,167,167,167,1,0,0,3,30,1,28.000,1,1,1,1,67,1,0,0,67,0,0,67,0,0,0,0,1,1,1,1,1,1,0,0,0,17328,0,0,0,0,0,0,0,0,0
1.083250,252.07,33.249,19.920,424,386,72.000,72,71,18.000,39.000,55.000,239,229,366,160,167,167,167,167,167,167,1,0,0,3,30,1,28.000,1,1,1,1,67,1,0,0,67,0,0,67,0,0,0,0,1,1,1,1,1,1,0,0,0,17332,0,0,0,0,0,0,0,0,0
1.083500,252.18,33.209,19.920,424,386,72.000,72,71,18.000,39.000,55.000,239,229,366,160,167,167,167,167,167,167,1,0,0,3,30,1,28.000,1,1,1,1,67,1,0,0,67,0,0,67,0,0,0,0,1,1,1,1,1,1,0,0,0,17336,0,0,0,0,0,0,0,0,0
1.083750,252.29,33.169,19.920,424,386,72.000,72,71,18.000,39.000,55.000,239,229,366,160,167,167,167,167,167,167,1,0,0,3,30,1,28.000,1,1,1,1,67,1,0,0,67,0,0,67,0,0,0,0,1,1,1,1,1,1,0,0,0,17340,0,0,0,0,0,0,0,0,0
1.084000,252.40,33.129,19.870,424,386,72.000,72,71,18.000,39.000,55.000,238,229,366,160,167,167,167,167,167,167,1,0,0,3,30,1,28.000,1,1,1,1,67,1,0,0,67,0,0,67,0,0,0,0,1,1,1,1,1,1,0,0,0,17344,0,0,0,0,0,0,0,0,0
1.084250,252.50,33.089,19.870,424,386,72.000,72,71,18.000,39.000,55.000,238,229,366,160,167,167,167,167,167,167,1,0,0,3,30,1,28.000,1,1,1,1,67,1,0,0,67,0,0,67,0,0,0,0,1,1,1,1,1,1,0,0,0,17348,0,0,0,0,0,0,0,0,0
1.084500,252.61,33.049,19.820,423,386,72.000,72,71,18.000,39.000,55.000,238,229,366,160,167,167,167,167,167,167,1,0,0,3,30,1,28.000,1,1,1,1,67,1,0,0,67,0,0,67,0,0,0,0,1,1,1,1,1,1,0,0,0,17352,0,0,0,0,0,0,0,0,0
1.084750,252.72,33.009,19.820,423,387,72.000,72,71,18.000,39.000,55.000,238,229,367,160,167,167,167,167,167,167,1,0,0,3,30,1,28.000,1,1,1,1,67,1,0,0,67,0,0,67,0,0,0,0,1,1,1,1,1,1,0,0,0,17356,0,0,0,0,0,0,0,0,0
1.085000,252.83,32.968,19.760,423,387,72.000,72,71,18.000,39.000,55.000,237,229,367,160,167,167,167,167,167,167,1,0,0,3,30,1,28.000,1,1,1,1,67,1,0,0,67,0,0,67,0,0,0,0,1,1,1,1,1,1,0,0,0,17360,0,0,0,0,0,0,0,0,0
1.085250,252.94,32.928,19.760,423,387,72.000,72,71,18.000,39.000,55.000,237,229,367,160,167,167,167,167,167,167,1,0,0,3,30,1,28.000,1,1,1,1,67,1,0,0,67,0,0,67,0,0,0,0,1,1,1,1,1,1,0,0,0,17364,0,0,0,0,0,0,0,0,0
1.085500,253.04,32.887,19.710,422,387,72.000,72,71,18.000,39.000,55.000,237,229,367,160,167,167,167,167,167,167,1,0,0,3,30,1,28.000,1,1,1,1,67,1,0,0,67,0,0,67,0,0,0,0,1,1,1,1,1,1,0,0,0,17368,0,0,0,0,0,0,0,0,0
1.085750,253.15,32.846,19.710,422,387,72.000,72,71,18.000,39.000,55.000,237,229,367,160,167,167,167,167,167,167,1,0,0,3,30,1,28.000,1,1,1,1,67,1,0,0,67,0,0,67,0,0,0,0,1,1,1,1,1,1,0,0,0,17372,0,0,0,0,0,0,0,0,0
1.086000,253.26,32.806,19.710,422,387,72.000,72,71,18.000,39.000,55.000,237,229,367,160,167,167,167,167,167,167,1,0,0,3,30,1,28.000,1,1,1,1,67,1,0,0,67,0,0,67,0,0,0,0,1,1,1,1,1,1,0,0,0,17376,0,0,0,0,0,0,0,0,0
1.086250,253.37,32.765,19.650,422,387,72.000,72,71,18.000,39.000,55.000,236,229,367,160,167,167,167,167,167,167,1,0,0,3,30,1,28.000,1,1,1,1,67,1,0,0,67,0,0,67,0,0,0,0,1,1,1,1,1,1,0,0,0,17380,0,0,0,0,0,0,0,0,0
1.086500,253.48,32.724,19.650,421,387,72.000,72,71,18.000,39.000,55.000,236,229,367,160,167,167,167,167,167,167,1,0,0,3,30,1,28.000,1,1,1,1,67,1,0,0,67,0,0,67,0,0,0,0,1,1,1,1,1,1,0,0,0,17384,0,0,0,0,0,0,0,0,0
1.086750,253.58,32.683,19.600,421,387,72.000,72,71,18.000,39.000,55.000,235,229,367,160,167,167,167,167,167,167,1,0,0,3,30,1,28.000,1,1,1,1,67,1,0,0,67,0,0,67,0,0,0,0,1,1,1,1,1,1,0,0,0,17388,0,0,0,0,0,0,0,0,0
1.087000,253.69,32.642,19.600,421,387,72.000,72,71,18.000,39.000,55.000,235,229,367,160,167,167,167,167,167,167,1,0,0,3,30,1,28.000,1,1,1,1,67,1,0,0,67,0,0,67,0,0,0,0,1,1,1,1,1,1,0,0,0,17392,0,0,0,0,0,0,0,0,0
1.087250,253.80,32.600,19.540,421,387,72.000,72,71,18.000,39.000,55.000,235,229,367,160,167,167,167,167,167,167,1,0,0,3,30,1,28.000,1,1,1,1,67,1,0,0,67,0,0,67,0,0,0,0,1,1,1,1,1,1,0,0,0,17396,0,0,0,0,0,0,0,0,0
1.087500,253.91,32.559,19.540,420,387,72.000,72,71,18.000,39.000,55.000,235,229,367,160,167,167,167,167,167,167,1,0,0,3,30,1,28.000,1,1,1,1,67,1,0,0,67,0,0,67,0,0,0,0,1,1,1,1,1,1,0,0,0,17400,0,0,0,0,0,0,0,0,0
1.087750,254.02,32.518,19.490,420,387,72.000,72,71,18.000,39.000,55.000,234,229,367,160,167,167,167,167,167,167,1,0,0,3,30,1,28.000,1,1,1,1,67,1,0,0,67,0,0,67,0,0,0,0,1,1,1,1,1,1,0,0,0,17404,0,0,0,0,0,0,0,0,0
1.088000,254.12,32.476,19.490,420,387,72.000,72,71,18.000,39.000,55.000,234,229,367,160,167,167,167,167,167,167,1,0,0,3,30,1,28.000,1,1,1,1,67,1,0,0,67,0,0,67,0,0,0,0,1,1,1,1,1,1,0,0,0,17408,0,0,0,0,0,0,0,0,0
1.088250,254.23,32.435,19.440,420,388,72.000,72,71,18.000,39.000,55.000,233,230,368,160,168,168,168,168,168,168,1,0,0,3,30,1,28.000,1,1,1,1,67,1,0,0,67,0,0,67,0,0,0,0,1,1,1,1,1,1,0,0,0,17412,0,0,0,0,0,0,0,0,0
1.088500,254.34,32.393,19.440,419,388,72.000,72,71,18.000,39.000,55.000,233,230,368,160,168,168,168,168,168,168,1,0,0,3,30,1,28.000,1,1,1,1,67,1,0,0,67,0,0,67,0,0,0,0,1,1,1,1,1,1,0,0,0,17416,0,0,0,0,0,0,0,0,0
1.088750,254.45,32.351,19.440,419,388,72.000,72,71,18.000,39.000,55.000,233,230,368,160,168,168,168,168,168,168,1,0,0,3,30,1,28.000,1,1,1,1,67,1,0,0,67,0,0,67,0,0,0,0,1,1,1,1,1,1,0,0,0,17420,0,0,0,0,0,0,0,0,0
1.089000,254.56,32.309,19.380,419,388,72.000,72,71,18.000,39.000,55.000,233,230,368,160,168,168,168,168,168,168,1,0,0,3,30,1,28.000,1,1,1,1,67,1,0,0,67,0,0,67,0,0,0,0,1,1,1,1,1,1,0,0,0,17424,0,0,0,0,0,0,0,0,0
1.089250,254.66,32.267,19.330,419,388,72.000,72,71,18.000,39.000,55.000,232,230,368,160,168,168,168,168,168,168,1,0,0,3,30,1,28.000,1,1,1,1,67,1,0,0,67,0,0,67,0,0,0,0,1,1,1,1,1,1,0,0,0,17428,0,0,0,0,0,0,0,0,0
1.089500,254.77,32.225,19.330,418,388,72.000,72,71,18.000,39.000,55.000,232,230,368,160,168,168,168,168,168,168,1,0,0,3,30,1,28.000,1,1,1,1,67,1,0,0,67,0,0,67,0,0,0,0,1,1,1,1,1,1,0,0,0,17432,0,0,0,0,0,0,0,0,0
1.089750,254.88,32.183,19.330,418,388,72.000,72,71,18.000,39.000,55.000,232,230,368,160,168,168,168,168,168,168,1,0,0,3,30,1,28.000,1,1,1,1,67,1,0,0,67,0,0,67,0,0,0,0,1,1,1,1,1,1,0,0,0,17436,0,0,0,0,0,0,0,0,0
1.090000,254.99,32.141,19.270,418,388,72.000,72,71,18.000,39.000,55.000,231,230,368,160,168,168,168,168,168,168,1,0,0,3,30,1,28.000,1,1,1,1,67,1,0,0,67,0,0,67,0,0,0,0,1,1,1,1,1,1,0,0,0,17440,0,0,0,0,0,0,0,0,0
1.090250,255.10,32.099,19.270,417,388,72.000,72,71,18.000,39.000,55.000,231,230,368,160,168,168,168,168,168,168,1,0,0,3,30,1,28.000,1,1,0,0,68,1,0,0,68,0,0,68,0,0,0,0,1,1,1,1,1,1,0,0,0,17444,0,0,0,0,0,0,0,0,0
1.090500,255.20,32.056,19.220,417,388,72.000,72,71,18.000,39.000,55.000,231,230,368,160,168,168,168,168,168,168,1,0,0,3,30,1,28.000,1,1,0,0,68,1,0,0,68,0,0,68,0,0,0,0,1,1,1,1,1,1,0,0,0,17448,0,0,0,0,0,0,0,0,0
1.090750,255.31,32.014,19.220,417,388,72.000,72,71,18.000,39.000,55.000,231,230,368,160,168,168,168,168,168,168,1,0,0,3,30,1,28.000,1,1,0,0,68,1,0,0,68,0,0,68,0,0,0,0,1,1,1,1,1,1,0,0,0,17452,0,0,0,0,0,0,0,0,0
1.091000,255.42,31.971,19.160,417,388,72.000,72,71,18.000,39.000,55.000,230,230,368,160,168,168,168,168,168,168,1,0,0,3,30,1,28.000,1,1,0,0,68,1,0,0,68,0,0,68,0,0,0,0,1,1,1,1,1,1,0,0,0,17456,0,0,0,0,0,0,0,0,0
1.091250,255.53,31.929,19.160,416,388,72.000,72,71,18.000,39.000,55.000,230,230,368,160,168,168,168,168,168,168,1,0,0,3,30,1,28.000,1,1,0,0,68,1,0,0,68,0,0,68,0,0,0,0,1,1,1,1,1,1,0,0,0,17460,0,0,0,0,0,0,0,0,0
1.091500,255.64,31.886,19.110,416,388,72.000,72,71,18.000,39.000,55.000,229,230,368,160,168,168,168,168,168,168,1,0,0,3,30,1,28.000,1,1,0,0,68,1,0,0,68,0,0,68,0,0,0,0,1,1,1,1,1,1,0,0,0,17464,0,0,0,0,0,0,0,0,0
1.091750,255.74,31.843,19.110,416,388,72.000,72,71,18.000,39.000,55.000,229,230,368,160,168,168,168,168,168,168,1,0,0,3,30,1,28.000,1,1,0,0,68,1,0,0,68,0,0,68,0,0,0,0,1,1,1,1,1,1,0,0,0,17468,0,0,0,0,0,0,0,0,0
1.092000,255.85,31.801,19.050,416,388,72.000,72,71,18.000,39.000,55.000,229,230,368,160,168,168,168,168,168,168,1,0,0,3,30,1,28.000,1,1,0,0,68,1,0,0,68,0,0,68,0,0,0,0,1,1,1,1,1,1,0,0,0,17472,0,0,0,0,0,0,0,0,0
1.092250,255.96,31.758,19.050,415,388,72.000,72,71,18.000,39.000,55.000,229,230,368,160,168,168,168,168,168,168,1,0,0,3,30,1,28.000,1,1,0,0,68,1,0,0,68,0,0,68,0,0,0,0,1,1,1,1,1,1,0,0,0,17476,0,0,0,0,0,0,0,0,0
1.092500,256.07,31.715,19.000,415,389,72.000,72,71,18.000,39.000,55.000,228,231,369,160,168,168,168,168,168,168,1,0,0,3,30,1,28.000,1,1,0,0,68,1,0,0,68,0,0,68,0,0,0,0,1,1,1,1,1,1,0,0,0,17480,0,0,0,0,0,0,0,0,0
1.092750,256.18,31.672,19.000,415,389,72.000,72,71,18.000,39.000,55.000,228,231,369,160,168,168,168,168,168,168,1,0,0,3,30,1,28.000,1,1,0,0,68,1,0,0,68,0,0,68,0,0,0,0,1,1,1,1,1,1,0,0,0,17484,0,0,0,0,0,0,0,0,0
1.093000,256.28,31.629,18.950,414,389,72.000,72,71,18.000,39.000,55.000,227,231,369,160,168,168,168,168,168,168,1,0,0,3,30,1,28.000,1,1,0,0,68,1,0,0,68,0,0,68,0,0,0,0,1,1,1,1,1,1,0,0,0,17488,0,0,0,0,0,0,0,0,0
1.093250,256.39,31.585,18.950,414,389,72.000,72,71,18.000,39.000,55.000,227,231,369,160,168,168,168,168,168,168,1,0,0,3,30,1,28.000,1,1,0,0,68,1,0,0,68,0,0,68,0,0,0,0,1,1,1,1,1,1,0,0,0,17492,0,0,0,0,0,0,0,0,0
1.093500,256.50,31.542,18.950,414,389,72.000,72,71,18.000,39.000,55.000,227,231,369,160,168,168,168,168,168,168,1,0,0,3,30,1,28.000,1,1,0,0,68,1,0,0,68,0,0,68,0,0,0,0,1,1,1,1,1,1,0,0,0,17496,0,0,0,0,0,0,0,0,0
1.093750,256.61,31.499,18.890,414,389,72.000,72,71,18.000,39.000,55.000,227,231,369,160,168,168,168,168,168,168,1,0,0,3,30,1,28.000,1,1,0,0,68,1,0,0,68,0,0,68,0,0,0,0,1,1,1,1,1,1,0,0,0,17500,0,0,0,0,0,0,0,0,0
1.094000,256.72,31.455,18.890,413,389,72.000,72,71,18.000,39.000,55.000,227,231,369,160,168,168,168,168,168,168,1,0,0,3,30,1,28.000,1,1,0,0,68,1,0,0,68,0,0,68,0,0,0,0,1,1,1,1,1,1,0,0,0,17504,0,0,0,0,0,0,0,0,0
1.094250,256.82,31.412,18.840,413,389,72.000,72,71,18.000,39.000,55.000,226,231,369,160,168,168,168,168,168,168,1,0,0,3,30,1,28.000,1,1,0,0,68,1,0,0,68,0,0,68,0,0,0,0,1,1,1,1,1,1,0,0,0,17508,0,0,0,0,0,0,0,0,0
1.094500,256.93,31.368,18.840,413,389,72.000,72,71,18.000,39.000,55.000,226,231,369,160,168,168,168,168,168,168,1,0,0,3,30,1,28.000,1,1,0,0,68,1,0,0,68,0,0,68,0,0,0,0,1,1,1,1,1,1,0,0,0,17512,0,0,0,0,0,0,0,0,0
1.094750,257.04,31.325,18.780,412,389,72.000,72,71,18.000,39.000,55.000,225,231,369,160,168,168,168,168,168,168,1,0,0,3,30,1,28.000,1,1,0,0,68,1,0,0,68,0,0,68,0,0,0,0,1,1,1,1,1,1,0,0,0,17516,0,0,0,0,0,0,0,0,0
1.095000,257.15,31.281,18.780,412,389,72.000,72,71,18.000,39.000,55.000,225,231,369,160,168,168,168,168,168,168,1,0,0,3,30,1,28.000,1,1,0,0,68,1,0,0,68,0,0,68,0,0,0,0,1,1,1,1,1,1,0,0,0,17520,0,0,0,0,0,0,0,0,0
1.095250,257.26,31.237,18.730,412,389,72.000,72,71,18.000,39.000,55.000,225,231,369,160,168,168,168,168,168,168,1,0,0,3,30,1,28.000,1,1,0,0,68,1,0,0,68,0,0,68,0,0,0,0,1,1,1,1,1,1,0,0,0,17524,0,0,0,0,0,0,0,0,0
1.095500,257.36,31.193,18.730,411,389,72.000,72,71,18.000,39.000,55.000,225,231,369,160,168,168,168,168,168,168,1,0,0,3,30,1,28.000,1,1,0,0,68,1,0,0,68,0,0,68,0,0,0,0,1,1,1,1,1,1,0,0,0,17528,0,0,0,0,0,0,0,0,0
1.095750,257.47,31.149,18.670,411,389,72.000,72,71,18.000,39.000,55.000,224,231,369,160,168,168,168,168,168,168,1,0,0,3,30,1,28.000,1,1,0,0,68,1,0,0,68,0,0,68,0,0,0,0,1,1,1,1,1,1,0,0,0,17532,0,0,0,0,0,0,0,0,0
1.096000,257.58,31.106,18.670,411,389,72.000,72,71,18.000,39.000,55.000,224,231,369,160,168,168,168,168,168,168,1,0,0,3,30,1,28.000,1,1,0,0,68,1,0,0,68,0,0,68,0,0,0,0,1,1,1,1,1,1,0,0,0,17536,0,0,0,0,0,0,0,0,0
1.096250,257.69,31.061,18.620,411,389,72.000,72,71,18.000,39.000,55.000,223,231,369,160,168,168,168,168,168,168,1,0,0,3,30,1,28.000,1,1,0,0,68,1,0,0,68,0,0,68,0,0,0,0,1,1,1,1,1,1,0,0,0,17540,0,0,0,0,0,0,0,0,0
1.096500,257.80,31.017,18.620,410,389,72.000,72,71,18.000,39.000,55.000,223,231,369,160,168,168,168,168,168,168,1,0,0,3,30,1,28.000,1,1,0,0,68,1,0,0,68,0,0,68,0,0,0,0,1,1,1,1,1,1,0,0,0,17544,0,0,0,0,0,0,0,0,0
1.096750,257.90,30.973,18.560,410,389,72.000,72,71,18.000,39.000,55.000,223,231,369,160,168,168,168,168,168,168,1,0,0,3,30,1,28.000,1,1,0,0,68,1,0,0,68,0,0,68,0,0,0,0,1,1,1,1,1,1,0,0,0,17548,0,0,0,0,0,0,0,0,0
1.097000,258.01,30.929,18.560,410,389,72.000,72,71,18.000,39.000,55.000,223,231,369,160,168,168,168,168,168,168,1,0,0,3,30,1,28.000,1,1,0,0,68,1,0,0,68,0,0,68,0,0,0,0,1,1,1,1,1,1,0,0,0,17552,0,0,0,0,0,0,0,0,0
1.097250,258.12,30.885,18.510,409,389,72.000,72,71,18.000,39.000,55.000,222,231,369,160,168,168,168,168,168,168,1,0,0,3,30,1,28.000,1,1,0,0,68,1,0,0,68,0,0,68,0,0,0,0,1,1,1,1,1,1,0,0,0,17556,0,0,0,0,0,0,0,0,0
1.097500,258.23,30.840,18.510,409,389,72.000,72,71,18.000,39.000,55.000,222,231,369,160,168,168,168,168,168,168,1,0,0,3,30,1,28.000,1,1,0,0,68,1,0,0,68,0,0,68,0,0,0,0,1,1,1,1,1,1,0,0,0,17560,0,0,0,0,0,0,0,0,0
1.097750,258.34,30.796,18.460,409,389,72.000,72,71,18.000,39.000,55.000,222,231,369,160,168,168,168,168,168,168,1,0,0,3,30,1,28.000,1,1,0,0,68,1,0,0,68,0,0,68,0,0,0,0,1,1,1,1,1,1,0,0,0,17564,0,0,0,0,0,0,0,0,0
1.098000,258.44,30.751,18.460,408,390,72.000,72,71,18.000,39.000,55.000,222,231,370,160,169,169,169,169,169,169,1,0,0,3,30,1,28.000,1,1,0,0,68,1,0,0,68,0,0,68,0,0,0,0,1,1,1,1,1,1,0,0,0,17568,0,0,0,0,0,0,0,0,0
1.098250,258.55,30.707,18.400,408,390,72.000,72,71,18.000,39.000,55.000,221,231,370,160,169,169,169,169,169,169,1,0,0,3,30,1,28.000,1,1,0,0,68,1,0,0,68,0,0,68,0,0,0,0,1,1,1,1,1,1,0,0,0,17572,0,0,0,0,0,0,0,0,0
1.098500,258.66,30.662,18.400,408,390,72.000,72,71,18.000,39.000,55.000,221,231,370,160,169,169,169,169,169,169,1,0,0,3,30,1,28.000,1,1,0,0,68,1,0,0,68,0,0,68,0,0,0,0,1,1,1,1,1,1,0,0,0,17576,0,0,0,0,0,0,0,0,0
1.098750,258.77,30.617,18.350,407,390,72.000,71,71,18.000,39.000,55.000,220,231,370,160,169,169,169,169,169,169,1,0,0,3,30,1,28.000,1,1,2,2,69,1,0,0,69,0,0,69,0,0,0,0,1,1,1,1,1,1,0,0,0,17580,0,0,0,0,0,0,0,0,0
1.099000,258.88,30.573,18.350,407,390,72.000,71,71,18.000,39.000,55.000,220,231,370,160,169,169,169,169,169,169,1,0,0,3,30,1,28.000,1,1,2,2,69,1,0,0,69,0,0,69,0,0,0,0,1,1,1,1,1,1,0,0,0,17584,0,0,0,0,0,0,0,0,0
1.099250,258.98,30.528,18.290,407,390,72.000,71,71,18.000,39.000,55.000,219,231,370,160,169,169,169,169,169,169,1,0,0,3,30,1,28.000,1,1,2,2,69,1,0,0,69,0,0,69,0,0,0,0,1,1,1,1,1,1,0,0,0,17588,0,0,0,0,0,0,0,0,0
1.099500,259.09,30.483,18.290,407,390,72.000,71,71,18.000,39.000,55.000,219,231,370,160,169,169,169,169,169,169,1,0,0,3,30,1,28.000,1,1,2,2,69,1,0,0,69,0,0,69,0,0,0,0,1,1,1,1,1,1,0,0,0,17592,0,0,0,0,0,0,0,0,0
1.099750,259.20,30.438,18.240,406,390,72.000,71,71,18.000,39.000,55.000,219,231,370,160,169,169,169,169,169,169,1,0,0,3,30,1,28.000,1,1,2,2,69,1,0,0,69,0,0,69,0,0,0,0,1,1,1,1,1,1,0,0,0,17596,0,0,0,0,0,0,0,0,0
1.100000,259.31,30.393,18.240,406,390,72.000,71,71,18.000,39.000,55.000,219,231,370,160,169,169,169,169,169,169,1,0,0,3,30,1,28.000,1,1,2,2,69,1,0,0,69,0,0,69,0,0,0,0,1,1,1,1,1,1,0,0,0,17600,0,0,0,0,0,0,0,0,0
1.100250,259.42,30.348,18.180,406,390,72.000,71,71,18.000,39.000,55.000,218,231,370,160,169,169,169,169,169,169,1,0,0,3,30,1,28.000,1,1,2,2,69,1,0,0,69,0,0,69,0,0,0,0,1,1,1,1,1,1,0,0,0,17604,0,0,0,0,0,0,0,0,0
1.100500,259.52,30.303,18.180,405,390,72.000,71,71,18.000,39.000,55.000,218,231,370,160,169,169,169,169,169,169,1,0,0,3,30,1,28.000,1,1,2,2,69,1,0,0,69,0,0,69,0,0,0,0,1,1,1,1,1,1,0,0,0,17608,0,0,0,0,0,0,0,0,0
1.100750,259.63,30.258,18.130,405,390,72.000,71,71,18.000,39.000,55.000,218,231,370,160,169,169,169,169,169,169,1,0,0,3,30,1,28.000,1,1,2,2,69,1,0,0,69,0,0,69,0,0,0,0,1,1,1,1,1,1,0,0,0,17612,0,0,0,0,0,0,0,0,0
1.101000,259.74,30.213,18.130,405,390,72.000,71,71,18.000,39.000,55.000,218,231,370,160,169,169,169,169,169,169,1,0,0,3,30,1,28.000,1,1,2,2,69,1,0,0,69,0,0,69,0,0,0,0,1,1,1,1,1,1,0,0,0,17616,0,0,0,0,0,0,0,0,0
1.101250,259.85,30.167,18.080,404,390,72.000,71,71,18.000,39.000,55.000,217,231,370,160,169,169,169,169,169,169,1,0,0,3,30,1,28.000,1,1,2,2,69,1,0,0,69,0,0,69,0,0,0,0,1,1,1,1,1,1,0,0,0,17620,0,0,0,0,0,0,0,0,0
1.101500,259.96,30.122,18.080,404,390,72.000,71,71,18.000,39.000,55.000,217,231,370,160,169,169,169,169,169,169,1,0,0,3,30,1,28.000,1,1,2,2,69,1,0,0,69,0,0,69,0,0,0,0,1,1,1,1,1,1,0,0,0,17624,0,0,0,0,0,0,0,0,0
1.101750,260.06,30.077,18.020,404,390,72.000,71,71,18.000,39.000,55.000,216,231,370,160,169,169,169,169,169,169,1,0,0,3,30,1,28.000,1,1,2,2,69,1,0,0,69,0,0,69,0,0,0,0,1,1,1,1,1,1,0,0,0,17628,0,0,0,0,0,0,0,0,0
1.102000,260.17,30.031,18.020,403,390,72.000,71,71,18.000,39.000,55.000,216,231,370,160,169,169,169,169,169,169,1,0,0,3,30,1,28.000,1,1,2,2,69,1,0,0,69,0,0,69,0,0,0,0,1,1,1,1,1,1,0,0,0,17632,0,0,0,0,0,0,0,0,0
1.102250,260.28,29.986,17.970,403,390,72.000,71,71,18.000,39.000,55.000,216,231,370,160,169,169,169,169,169,169,1,0,0,3,30,1,28.000,1,1,2,2,69,1,0,0,69,0,0,69,0,0,0,0,1,1,1,1,1,1,0,0,0,17636,0,0,0,0,0,0,0,0,0
1.102500,260.39,29.940,17.970,403,390,72.000,71,71,18.000,39.000,55.000,216,231,370,160,169,169,169,169,169,169,1,0,0,3,30,1,28.000,1,1,2,2,69,1,0,0,69,0,0,69,0,0,0,0,1,1,1,1,1,1,0,0,0,17640,0,0,0,0,0,0,0,0,0
1.102750,260.50,29.895,17.910,402,390,72.000,71,71,18.000,39.000,55.000,215,231,370,160,169,169,169,169,169,169,1,0,0,3,30,1,28.000,1,1,2,2,69,1,0,0,69,0,0,69,0,0,0,0,1,1,1,1,1,1,0,0,0,17644,0,0,0,0,0,0,0,0,0
1.103000,260.60,29.849,17.910,402,390,72.000,71,71,18.000,39.000,55.000,215,231,370,160,169,169,169,169,169,169,1,0,0,3,30,1,28.000,1,1,2,2,69,1,0,0,69,0,0,69,0,0,0,0,1,1,1,1,1,1,0,0,0,17648,0,0,0,0,0,0,0,0,0
1.103250,260.71,29.803,17.860,402,390,72.000,71,71,18.000,39.000,55.000,214,231,370,160,169,169,169,169,169,169,1,0,0,3,30,1,28.000,1,1,2,2,69,1,0,0,69,0,0,69,0,0,0,0,1,1,1,1,1,1,0,0,0,17652,0,0,0,0,0,0,0,0,0
1.103500,260.82,29.758,17.860,401,390,72.000,71,71,18.000,39.000,55.000,214,231,370,160,169,169,169,169,169,169,1,0,0,3,30,1,28.000,1,1,2,2,69,1,0,0,69,0,0,69,0,0,0,0,1,1,1,1,1,1,0,0,0,17656,0,0,0,0,0,0,0,0,0
1.103750,260.93,29.712,17.800,401,390,72.000,71,71,18.000,39.000,55.000,214,231,370,160,169,169,169,169,169,169,1,0,0,3,30,1,28.000,1,1,2,2,69,1,0,0,69,0,0,69,0,0,0,0,1,1,1,1,1,1,0,0,0,17660,0,0,0,0,0,0,0,0,0
1.104000,261.04,29.666,17.800,401,390,72.000,71,71,18.000,39.000,55.000,214,231,370,160,169,169,169,169,169,169,1,0,0,3,30,1,28.000,1,1,2,2,69,1,0,0,69,0,0,69,0,0,0,0,1,1,1,1,1,1,0,0,0,17664,0,0,0,0,0,0,0,0,0
1.104250,261.14,29.620,17.750,400,390,72.000,71,71,18.000,39.000,55.000,213,231,370,160,169,169,169,169,169,169,1,0,0,3,30,1,28.000,1,1,2,2,69,1,0,0,69,0,0,69,0,0,0,0,1,1,1,1,1,1,0,0,0,17668,0,0,0,0,0,0,0,0,0
1.104500,261.25,29.574,17.750,400,390,72.000,71,71,18.000,39.000,55.000,213,231,370,160,169,169,169,169,169,169,1,0,0,3,30,1,28.000,1,1,2,2,69,1,0,0,69,0,0,69,0,0,0,0,1,1,1,1,1,1,0,0,0,17672,0,0,0,0,0,0,0,0,0
1.104750,261.36,29.528,17.690,400,390,72.000,71,71,18.000,39.000,55.000,212,231,370,160,169,169,169,169,169,169,1,0,0,3,30,1,28.000,1,1,2,2,69,1,0,0,69,0,0,69,0,0,0,0,1,1,1,1,1,1,0,0,0,17676,0,0,0,0,0,0,0,0,0
1.105000,261.47,29.482,17.690,399,390,72.000,71,71,18.000,39.000,55.000,212,231,370,160,169,169,169,169,169,169,1,0,0,3,30,1,28.000,1,1,2,2,69,1,0,0,69,0,0,69,0,0,0,0,1,1,1,1,1,1,0,0,0,17680,0,0,0,0,0,0,0,0,0
1.105250,261.58,29.436,17.640,399,390,72.000,71,71,18.000,39.000,55.000,212,231,370,160,169,169,169,169,169,169,1,0,0,3,30,1,28.000,1,1,2,2,69,1,0,0,69,0,0,69,0,0,0,0,1,1,1,1,1,1,0,0,0,17684,0,0,0,0,0,0,0,0,0
1.105500,261.68,29.390,17.640,398,390,72.000,71,71,18.000,39.000,55.000,212,231,370,160,169,169,169,169,169,169,1,0,0,3,30,1,28.000,1,1,2,2,69,1,0,0,69,0,0,69,0,0,0,0,1,1,1,1,1,1,0,0,0,17688,0,0,0,0,0,0,0,0,0
1.105750,261.79,29.344,17.590,398,390,72.000,71,71,18.000,39.000,55.000,211,231,370,160,169,169,169,169,169,169,1,0,0,3,30,1,28.000,1,1,2,2,69,1,0,0,69,0,0,69,0,0,0,0,1,1,1,1,1,1,0,0,0,17692,0,0,0,0,0,0,0,0,0
1.106000,261.90,29.298,17.590,398,390,72.000,71,71,18.000,39.000,55.000,211,231,370,160,169,169,169,169,169,169,1,0,0,3,30,1,28.000,1,1,2,2,69,1,0,0,69,0,0,69,0,0,0,0,1,1,1,1,1,1,0,0,0,17696,0,0,0,0,0,0,0,0,0
1.106250,262.01,29.251,17.530,397,390,72.000,71,71,18.000,39.000,55.000,210,231,370,160,169,169,169,169,169,169,1,0,0,3,30,1,28.000,1,1,2,2,69,1,0,0,69,0,0,69,0,0,0,0,1,1,1,1,1,1,0,0,0,17700,0,0,0,0,0,0,0,0,0
1.106500,262.12,29.205,17.530,397,390,72.000,71,71,18.000,39.000,55.000,210,231,370,160,169,169,169,169,169,169,1,0,0,3,30,1,28.000,1,1,2,2,69,1,0,0,69,0,0,69,0,0,0,0,1,1,1,1,1,1,0,0,0,17704,0,0,0,0,0,0,0,0,0
1.106750,262.22,29.159,17.480,397,390,72.000,71,71,18.000,39.000,55.000,210,231,370,160,169,169,169,169,169,169,1,0,0,3,30,1,28.000,1,1,2,2,69,1,0,0,69,0,0,69,0,0,0,0,1,1,1,1,1,1,0,0,0,17708,0,0,0,0,0,0,0,0,0
1.107000,262.33,29.112,17.480,396,390,72.000,71,71,18.000,39.000,55.000,210,231,370,160,169,169,169,169,169,169,1,0,0,3,30,1,28.000,1,1,2,2,69,1,0,0,69,0,0,69,0,0,0,0,1,1,1,1,1,1,0,0,0,17712,0,0,0,0,0,0,0,0,0
1.107250,262.44,29.066,17.420,396,390,72.000,71,71,18.000,39.000,55.000,209,231,370,160,169,169,169,169,169,169,1,0,0,3,30,1,28.000,1,1,2,2,69,1,0,0,69,0,0,69,0,0,0,0,1,1,1,1,1,1,0,0,0,17716,0,0,0,0,0,0,0,0,0
1.107500,262.55,29.020,17.420,396,390,72.000,71,71,18.000,39.000,55.000,209,231,370,160,169,169,169,169,169,169,1,0,0,3,30,1,28.000,1,1,3,3,70,1,0,0,70,0,0,70,0,0,0,0,1,1,1,1,1,1,0,0,0,17720,0,0,0,0,0,0,0,0,0
1.107750,262.66,28.973,17.370,395,390,72.000,71,71,18.000,39.000,55.000,208,231,370,160,169,169,169,169,169,169,1,0,0,3,30,1,28.000,1,1,3,3,70,1,0,0,70,0,0,70,0,0,0,0,1,1,1,1,1,1,0,0,0,17724,0,0,0,0,0,0,0,0,0
1.108000,262.76,28.927,17.370,395,390,72.000,71,71,18.000,39.000,55.000,208,231,370,160,169,169,169,169,169,169,1,0,0,3,30,1,28.000,1,1,3,3,70,1,0,0,70,0,0,70,0,0,0,0,1,1,1,1,1,1,0,0,0,17728,0,0,0,0,0,0,0,0,0
1.108250,262.87,28.880,17.310,395,390,72.000,71,71,18.000,39.000,55.000,208,231,370,160,169,169,169,169,169,169,1,0,0,3,30,1,28.000,1,1,3,3,70,1,0,0,70,0,0,70,0,0,0,0,1,1,1,1,1,1,0,0,0,17732,0,0,0,0,0,0,0,0,0
1.108500,262.98,28.834,17.310,394,390,72.000,71,71,18.000,39.000,55.000,208,231,370,160,169,169,169,169,169,169,1,0,0,3,30,1,28.000,1,1,3,3,70,1,0,0,70,0,0,70,0,0,0,0,1,1,1,1,1,1,0,0,0,17736,0,0,0,0,0,0,0,0,0
1.108750,263.09,28.787,17.260,394,390,72.000,71,71,18.000,39.000,55.000,207,231,370,160,169,169,169,169,169,169,1,0,0,3,30,1,28.000,1,1,3,3,70,1,0,0,70,0,0,70,0,0,0,0,1,1,1,1,1,1,0,0,0,17740,0,0,0,0,0,0,0,0,0
1.109000,263.20,28.740,17.260,393,390,72.000,71,71,18.000,39.000,55.000,207,231,370,160,169,169,169,169,169,169,1,0,0,3,30,1,28.000,1,1,3,3,70,1,0,0,70,0,0,70,0,0,0,0,1,1,1,1,1,1,0,0,0,17744,0,0,0,0,0,0,0,0,0
1.109250,263.30,28.694,17.210,393,390,72.000,71,71,18.000,39.000,55.000,206,231,370,160,169,169,169,169,169,169,1,0,0,3,30,1,28.000,1,1,3,3,70,1,0,0,70,0,0,70,0,0,0,0,1,1,1,1,1,1,0,0,0,17748,0,0,0,0,0,0,0,0,0
1.109500,263.41,28.647,17.210,393,390,72.000,71,71,18.000,39.000,55.000,206,231,370,160,169,169,169,169,169,169,1,0,0,3,30,1,28.000,1,1,3,3,70,1,0,0,70,0,0,70,0,0,0,0,1,1,1,1,1,1,0,0,0,17752,0,0,0,0,0,0,0,0,0
1.109750,263.52,28.600,17.150,392,390,72.000,71,71,18.000,39.000,55.000,206,231,370,160,169,169,169,169,169,169,1,0,0,3,30,1,28.000,1,1,3,3,70,1,0,0,70,0,0,70,0,0,0,0,1,1,1,1,1,1,0,0,0,17756,0,0,0,0,0,0,0,0,0
1.110000,263.63,28.553,17.150,392,390,72.000,71,71,18.000,39.000,55.000,206,231,370,160,169,169,169,169,169,169,1,0,0,3,30,1,28.000,1,1,3,3,70,1,0,0,70,0,0,70,0,0,0,0,1,1,1,1,1,1,0,0,0,17760,0,0,0,0,0,0,0,0,0
1.110250,263.74,28.507,17.100,392,390,72.000,71,71,18.000,39.000,55.000,205,231,370,160,169,169,169,169,169,169,1,0,0,3,30,1,28.000,1,1,3,3,70,1,0,0,70,0,0,70,0,0,0,0,1,1,1,1,1,1,0,0,0,17764,0,0,0,0,0,0,0,0,0
1.110500,263.84,28.460,17.100,391,390,72.000,71,71,18.000,39.000,55.000,205,231,370,160,169,169,169,169,169,169,1,0,0,3,30,1,28.000,1,1,3,3,70,1,0,0,70,0,0,70,0,0,0,0,1,1,1,1,1,1,0,0,0,17768,0,0,0,0,0,0,0,0,0
1.110750,263.95,28.413,17.040,391,390,72.000,71,71,18.000,39.000,55.000,204,231,370,160,169,169,169,169,169,169,1,0,0,3,30,1,28.000,1,1,3,3,70,1,0,0,70,0,0,70,0,0,0,0,1,1,1,1,1,1,0,0,0,17772,0,0,0,0,0,0,0,0,0
1.111000,264.06,28.366,16.990,391,390,72.000,71,71,18.000,39.000,55.000,204,231,370,160,169,169,169,169,169,169,1,0,0,3,30,1,28.000,1,1,3,3,70,1,0,0,70,0,0,70,0,0,0,0,1,1,1,1,1,1,0,0,0,17776,0,0,0,0,0,0,0,0,0
1.111250,264.17,28.319,16.990,390,390,72.000,71,71,18.000,39.000,55.000,204,231,370,160,169,169,169,169,169,169,1,0,0,3,30,1,28.000,1,1,3,3,70,1,0,0,70,0,0,70,0,0,0,0,1,1,1,1,1,1,0,0,0,17780,0,0,0,0,0,0,0,0,0
1.111500,264.28,28.272,16.930,390,390,72.000,71,71,18.000,39.000,55.000,203,231,370,160,169,169,169,169,169,169,1,0,0,3,30,1,28.000,1,1,3,3,70,1,0,0,70,0,0,70,0,0,0,0,1,1,1,1,1,1,0,0,0,17784,0,0,0,0,0,0,0,0,0
1.111750,264.38,28.225,16.930,389,390,72.000,71,71,18.000,39.000,55.000,203,231,370,160,169,169,169,169,169,169,1,0,0,3,30,1,28.000,1,1,3,3,70,1,0,0,70,0,0,70,0,0,0,0,1,1,1,1,1,1,0,0,0,17788,0,0,0,0,0,0,0,0,0
1.112000,264.49,28.178,16.880,389,390,72.000,71,71,18.000,39.000,55.000,203,231,370,160,169,169,169,169,169,169,1,0,0,3,30,1,28.000,1,1,3,3,70,1,0,0,70,0,0,70,0,0,0,0,1,1,1,1,1,1,0,0,0,17792,0,0,0,0,0,0,0,0,0
1.112250,264.60,28.131,16.880,389,390,72.000,71,71,18.000,39.000,55.000,203,231,370,160,169,169,169,169,169,169,1,0,0,3,30,1,28.000,1,1,3,3,70,1,0,0,70,0,0,70,0,0,0,0,1,1,1,1,1,1,0,0,0,17796,0,0,0,0,0,0,0,0,0
1.112500,264.71,28.084,16.820,388,390,72.000,71,71,18.000,39.000,55.000,202,231,370,160,169,169,169,169,169,169,1,0,0,3,30,1,28.000,1,1,3,3,70,1,0,0,70,0,0,70,0,0,0,0,1,1,1,1,1,1,0,0,0,17800,0,0,0,0,0,0,0,0,0
1.112750,264.82,28.037,16.820,388,390,72.000,71,71,18.000,39.000,55.000,202,231,370,160,169,169,169,169,169,169,1,0,0,3,30,1,28.000,1,1,3,3,70,1,0,0,70,0,0,70,0,0,0,0,1,1,1,1,1,1,0,0,0,17804,0,0,0,0,0,0,0,0,0
1.113000,264.92,27.990,16.770,388,390,72.000,71,71,18.000,39.000,55.000,201,231,370,160,169,169,169,169,169,169,1,0,0,3,30,1,28.000,1,1,3,3,70,1,0,0,70,0,0,70,0,0,0,0,1,1,1,1,1,1,0,0,0,17808,0,0,0,0,0,0,0,0,0
1.113250,265.03,27.943,16.770,387,390,72.000,71,71,18.000,39.000,55.000,201,231,370,160,169,169,169,169,169,169,1,0,0,3,30,1,28.000,1,1,3,3,70,1,0,0,70,0,0,70,0,0,0,0,1,1,1,1,1,1,0,0,0,17812,0,0,0,0,0,0,0,0,0
1.113500,265.14,27.895,16.720,387,390,72.000,71,71,18.000,39.000,55.000,201,231,370,160,169,169,169,169,169,169,1,0,0,3,30,1,28.000,1,1,3,3,70,1,0,0,70,0,0,70,0,0,0,0,1,1,1,1,1,1,0,0,0,17816,0,0,0,0,0,0,0,0,0
1.113750,265.25,27.848,16.720,386,390,72.000,71,71,18.000,39.000,55.000,201,231,370,160,169,169,169,169,169,169,1,0,0,3,30,1,28.000,1,1,3,3,70,1,0,0,70,0,0,70,0,0,0,0,1,1,1,1,1,1,0,0,0,17820,0,0,0,0,0,0,0,0,0
1.114000,265.36,27.801,16.660,386,390,72.000,71,71,18.000,39.000,55.000,200,231,370,160,169,169,169,169,169,169,1,0,0,3,30,1,28.000,1,1,3,3,70,1,0,0,70,0,0,70,0,0,0,0,1,1,1,1,1,1,0,0,0,17824,0,0,0,0,0,0,0,0,0
1.114250,265.46,27.754,16.660,386,390,72.000,71,71,18.000,39.000,55.000,200,231,370,160,169,169,169,169,169,169,1,0,0,3,30,1,28.000,1,1,3,3,70,1,0,0,70,0,0,70,0,0,0,0,1,1,1,1,1,1,0,0,0,17828,0,0,0,0,0,0,0,0,0
1.114500,265.57,27.706,16.610,385,390,72.000,71,71,18.000,39.000,55.000,199,231,370,160,169,169,169,169,169,169,1,0,0,3,30,1,28.000,1,1,3,3,70,1,0,0,70,0,0,70,0,0,0,0,1,1,1,1,1,1,0,0,0,17832,0,0,0,0,0,0,0,0,0
1.114750,265.68,27.659,16.610,385,390,72.000,71,71,18.000,39.000,55.000,199,231,370,160,169,169,169,169,169,169,1,0,0,3,30,1,28.000,1,1,3,3,70,1,0,0,70,0,0,70,0,0,0,0,1,1,1,1,1,1,0,0,0,17836,0,0,0,0,0,0,0,0,0
1.115000,265.79,27.612,16.550,384,390,72.000,71,71,18.000,39.000,55.000,199,231,370,160,169,169,169,169,169,169,1,0,0,3,30,1,28.000,1,1,3,3,70,1,0,0,70,0,0,70,0,0,0,0,1,1,1,1,1,1,0,0,0,17840,0,0,0,0,0,0,0,0,0
1.115250,265.90,27.565,16.550,384,390,72.000,71,71,18.000,39.000,55.000,199,231,370,160,169,169,169,169,169,169,1,0,0,3,30,1,28.000,1,1,3,3,70,1,0,0,70,0,0,70,0,0,0,0,1,1,1,1,1,1,0,0,0,17844,0,0,0,0,0,0,0,0,0
1.115500,266.00,27.517,16.500,384,390,72.000,71,71,18.000,39.000,55.000,198,231,370,160,169,169,169,169,169,169,1,0,0,3,30,1,28.000,1,1,3,3,70,1,0,0,70,0,0,70,0,0,0,0,1,1,1,1,1,1,0,0,0,17848,0,0,0,0,0,0,0,0,0
1.115750,266.11,27.470,16.500,383,390,72.000,71,71,18.000,39.000,55.000,198,231,370,160,169,169,169,169,169,169,1,0,0,3,30,1,28.000,1,1,3,3,70,1,0,0,70,0,0,70,0,0,0,0,1,1,1,1,1,1,0,0,0,17852,0,0,0,0,0,0,0,0,0
1.116000,266.22,27.423,16.440,383,390,72.000,71,71,18.000,39.000,55.000,197,231,370,160,169,169,169,169,169,169,1,0,0,3,30,1,28.000,1,1,3,3,70,1,0,0,70,0,0,70,0,0,0,0,1,1,1,1,1,1,0,0,0,17856,0,0,0,0,0,0,0,0,0
1.116250,266.33,27.375,16.440,382,390,72.000,71,71,18.000,39.000,55.000,197,231,370,160,169,169,169,169,169,169,1,0,0,3,30,1,28.000,1,1,1,1,71,1,0,0,71,0,0,71,0,0,0,0,1,1,1,1,1,1,0,0,0,17860,0,0,0,0,0,0,0,0,0
1.116500,266.44,27.328,16.390,382,390,72.000,71,71,18.000,39.000,55.000,197,231,370,160,169,169,169,169,169,169,1,0,0,3,30,1,28.000,1,1,1,1,71,1,0,0,71,0,0,71,0,0,0,0,1,1,1,1,1,1,0,0,0,17864,0,0,0,0,0,0,0,0,0
1.116750,266.54,27.280,16.330,382,390,72.000,71,71,18.000,39.000,55.000,196,231,370,160,169,169,169,169,169,169,1,0,0,3,30,1,28.000,1,1,1,1,71,1,0,0,71,0,0,71,0,0,0,0,1,1,1,1,1,1,0,0,0,17868,0,0,0,0,0,0,0,0,0
1.117000,266.65,27.233,16.330,381,390,72.000,71,71,18.000,39.000,55.000,196,231,370,160,169,169,169,169,169,169,1,0,0,3,30,1,28.000,1,1,1,1,71,1,0,0,71,0,0,71,0,0,0,0,1,1,1,1,1,1,0,0,0,17872,0,0,0,0,0,0,0,0,0
1.117250,266.76,27.186,16.330,381,390,72.000,71,71,18.000,39.000,55.000,196,231,370,160,169,169,169,169,169,169,1,0,0,3,30,1,28.000,1,1,1,1,71,1,0,0,71,0,0,71,0,0,0,0,1,1,1,1,1,1,0,0,0,17876,0,0,0,0,0,0,0,0,0
1.117500,266.87,27.138,16.280,381,390,72.000,71,71,18.000,39.000,55.000,195,231,370,160,169,169,169,169,169,169,1,0,0,3,30,1,28.000,1,1,1,1,71,1,0,0,71,0,0,71,0,0,0,0,1,1,1,1,1,1,0,0,0,17880,0,0,0,0,0,0,0,0,0
1.117750,266.98,27.091,16.230,380,390,72.000,71,71,18.000,39.000,55.000,195,231,370,160,169,169,169,169,169,169,1,0,0,3,30,1,28.000,1,1,1,1,71,1,0,0,71,0,0,71,0,0,0,0,1,1,1,1,1,1,0,0,0,17884,0,0,0,0,0,0,0,0,0
1.118000,267.08,27.043,16.230,380,390,72.000,71,71,18.000,39.000,55.000,195,231,370,160,169,169,169,169,169,169,1,0,0,3,30,1,28.000,1,1,1,1,71,1,0,0,71,0,0,71,0,0,0,0,1,1,1,1,1,1,0,0,0,17888,0,0,0,0,0,0,0,0,0
1.118250,267.19,26.996,16.170,379,390,72.000,71,71,18.000,39.000,55.000,194,231,370,160,169,169,169,169,169,169,1,0,0,3,30,1,28.000,1,1,1,1,71,1,0,0,71,0,0,71,0,0,0,0,1,1,1,1,1,1,0,0,0,17892,0,0,0,0,0,0,0,0,0
1.118500,267.30,26.948,16.170,379,390,72.000,71,71,18.000,39.000,55.000,194,231,370,160,169,169,169,169,169,169,1,0,0,3,30,1,28.000,1,1,1,1,71,1,0,0,71,0,0,71,0,0,0,0,1,1,1,1,1,1,0,0,0,17896,0,0,0,0,0,0,0,0,0
1.118750,267.41,26.901,16.120,379,390,72.000,71,71,18.000,39.000,55.000,193,231,370,160,169,169,169,169,169,169,1,0,0,3,30,1,28.000,1,1,1,1,71,1,0,0,71,0,0,71,0,0,0,0,1,1,1,1,1,1,0,0,0,17900,0,0,0,0,0,0,0,0,0
1.119000,267.52,26.853,16.120,378,390,72.000,71,71,18.000,39.000,55.000,193,231,370,160,169,169,169,169,169,169,1,0,0,3,30,1,28.000,1,1,1,1,71,1,0,0,71,0,0,71,0,0,0,0,1,1,1,1,1,1,0,0,0,17904,0,0,0,0,0,0,0,0,0
1.119250,267.62,26.806,16.060,378,390,72.000,71,71,18.000,39.000,55.000,193,231,370,160,169,169,169,169,169,169,1,0,0,3,30,1,28.000,1,1,1,1,71,1,0,0,71,0,0,71,0,0,0,0,1,1,1,1,1,1,0,0,0,17908,0,0,0,0,0,0,0,0,0
1.119500,267.73,26.758,16.060,377,390,72.000,71,71,18.000,39.000,55.000,193,231,370,160,169,169,169,169,169,169,1,0,0,3,30,1,28.000,1,1,1,1,71,1,0,0,71,0,0,71,0,0,0,0,1,1,1,1,1,1,0,0,0,17912,0,0,0,0,0,0,0,0,0
1.119750,267.84,26.711,16.010,377,390,72.000,71,71,18.000,39.000,55.000,192,231,370,160,169,169,169,169,169,169,1,0,0,3,30,1,28.000,1,1,1,1,71,1,0,0,71,0,0,71,0,0,0,0,1,1,1,1,1,1,0,0,0,17916,0,0,0,0,0,0,0,0,0
1.120000,267.95,26.663,16.010,376,390,72.000,71,71,18.000,39.000,55.000,192,231,370,160,169,169,169,169,169,169,1,0,0,3,30,1,28.000,1,1,1,1,71,1,0,0,71,0,0,71,0,0,0,0,1,1,1,1,1,1,0,0,0,17920,0,0,0,0,0,0,0,0,0
1.120250,268.06,26.616,15.950,376,390,72.000,71,71,18.000,39.000,55.000,191,231,370,160,169,169,169,169,169,169,1,0,0,3,30,1,28.000,1,1,1,1,71,1,0,0,71,0,0,71,0,0,0,0,1,1,1,1,1,1,0,0,0,17924,0,0,0,0,0,0,0,0,0
1.120500,268.16,26.568,15.950,376,390,72.000,71,71,18.000,39.000,55.000,191,231,370,160,169,169,169,169,169,169,1,0,0,3,30,1,28.000,1,1,1,1,71,1,0,0,71,0,0,71,0,0,0,0,1,1,1,1,1,1,0,0,0,17928,0,0,0,0,0,0,0,0,0
1.120750,268.27,26.521,15.900,375,390,72.000,71,71,18.000,39.000,55.000,191,231,370,160,169,169,169,169,169,169,1,0,0,3,30,1,28.000,1,1,1,1,71,1,0,0,71,0,0,71,0,0,0,0,1,1,1,1,1,1,0,0,0,17932,0,0,0,0,0,0,0,0,0
1.121000,268.38,26.473,15.900,375,390,72.000,71,71,18.000,39.000,55.000,191,231,370,160,169,169,169,169,169,169,1,0,0,3,30,1,28.000,1,1,1,1,71,1,0,0,71,0,0,71,0,0,0,0,1,1,1,1,1,1,0,0,0,17936,0,0,0,0,0,0,0,0,0
1.121250,268.49,26.425,15.850,374,390,72.000,71,71,18.000,39.000,55.000,190,231,370,160,169,169,169,169,169,169,1,0,0,3,30,1,28.000,1,1,1,1,71,1,0,0,71,0,0,71,0,0,0,0,1,1,1,1,1,1,0,0,0,17940,0,0,0,0,0,0,0,0,0
1.121500,268.60,26.378,15.850,374,390,72.000,71,71,18.000,39.000,55.000,190,231,370,160,169,169,169,169,169,169,1,0,0,3,30,1,28.000,1,1,1,1,71,1,0,0,71,0,0,71,0,0,0,0,1,1,1,1,1,1,0,0,0,17944,0,0,0,0,0,0,0,0,0
1.121750,268.70,26.330,15.790,374,390,72.000,71,71,18.000,39.000,55.000,189,231,370,160,169,169,169,169,169,169,1,0,0,3,30,1,28.000,1,1,1,1,71,1,0,0,71,0,0,71,0,0,0,0,1,1,1,1,1,1,0,0,0,17948,0,0,0,0,0,0,0,0,0
1.122000,268.81,26.283,15.790,373,390,72.000,71,71,18.000,39.000,55.000,189,231,370,160,169,169,169,169,169,169,1,0,0,3,30,1,28.000,1,1,1,1,71,1,0,0,71,0,0,71,0,0,0,0,1,1,1,1,1,1,0,0,0,17952,0,0,0,0,0,0,0,0,0
1.122250,268.92,26.235,15.740,373,390,72.000,71,71,18.000,39.000,55.000,189,231,370,160,169,169,169,169,169,169,1,0,0,3,30,1,28.000,1,1,1,1,71,1,0,0,71,0,0,71,0,0,0,0,1,1,1,1,1,1,0,0,0,17956,0,0,0,0,0,0,0,0,0
1.122500,269.03,26.188,15.740,372,390,72.000,71,71,18.000,39.000,55.000,189,231,370,160,169,169,169,169,169,169,1,0,0,3,30,1,28.000,1,1,1,1,71,1,0,0,71,0,0,71,0,0,0,0,1,1,1,1,1,1,0,0,0,17960,0,0,0,0,0,0,0,0,0
1.122750,269.14,26.140,15.680,372,390,72.000,71,71,18.000,39.000,55.000,188,231,370,160,169,169,169,169,169,169,1,0,0,3,30,1,28.000,1,1,1,1,71,1,0,0,71,0,0,71,0,0,0,0,1,1,1,1,1,1,0,0,0,17964,0,0,0,0,0,0,0,0,0
1.123000,269.24,26.093,15.630,372,390,72.000,71,71,18.000,39.000,55.000,187,231,370,160,169,169,169,169,169,169,1,0,0,3,30,1,28.000,1,1,1,1,71,1,0,0,71,0,0,71,0,0,0,0,1,1,1,1,1,1,0,0,0,17968,0,0,0,0,0,0,0,0,0
1.123250,269.35,26.045,15.630,371,390,72.000,71,71,18.000,39.000,55.000,187,231,370,160,169,169,169,169,169,169,1,0,0,3,30,1,28.000,1,1,1,1,71,1,0,0,71,0,0,71,0,0,0,0,1,1,1,1,1,1,0,0,0,17972,0,0,0,0,0,0,0,0,0
1.123500,269.46,25.998,15.570,371,390,72.000,71,71,18.000,39.000,55.000,187,231,370,160,169,169,169,169,169,169,1,0,0,3,30,1,28.000,1,1,1,1,71,1,0,0,71,0,0,71,0,0,0,0,1,1,1,1,1,1,0,0,0,17976,0,0,0,0,0,0,0,0,0
1.123750,269.57,25.950,15.570,370,390,72.000,71,71,18.000,39.000,55.000,187,231,370,160,169,169,169,169,169,169,1,0,0,3,30,1,28.000,1,1,1,1,71,1,0,0,71,0,0,71,0,0,0,0,1,1,1,1,1,1,0,0,0,17980,0,0,0,0,0,0,0,0,0
1.124000,269.68,25.903,15.520,370,390,72.000,71,71,18.000,39.000,55.000,186,231,370,160,169,169,169,169,169,169,1,0,0,3,30,1,28.000,1,1,1,1,71,1,0,0,71,0,0,71,0,0,0,0,1,1,1,1,1,1,0,0,0,17984,0,0,0,0,0,0,0,0,0
1.124250,269.78,25.855,15.520,369,390,72.000,71,71,18.000,39.000,55.000,186,231,370,160,169,169,169,169,169,169,1,0,0,3,30,1,28.000,1,1,1,1,71,1,0,0,71,0,0,71,0,0,0,0,1,1,1,1,1,1,0,0,0,17988,0,0,0,0,0,0,0,0,0
1.124500,269.89,25.808,15.460,369,390,72.000,71,71,18.000,39.000,55.000,185,231,370,160,169,169,169,169,169,169,1,0,0,3,30,1,28.000,1,1,1,1,71,1,0,0,71,0,0,71,0,0,0,0,1,1,1,1,1,1,0,0,0,17992,0,0,0,0,0,0,0,0,0
1.124750,270.00,25.760,15.460,369,390,72.000,71,71,18.000,39.000,55.000,185,231,370,160,169,169,169,169,169,169,1,0,0,3,30,1,28.000,1,1,1,1,71,1,0,0,71,0,0,71,0,0,0,0,1,1,1,1,1,1,0,0,0,17996,0,0,0,0,0,0,0,0,0
1.125000,270.11,25.713,15.410,368,390,72.000,71,71,18.000,39.000,55.000,185,231,370,160,169,169,169,169,169,169,1,0,0,3,30,1,28.000,1,1,0,0,72,1,0,0,72,0,0,72,0,0,0,0,1,1,1,1,1,1,0,0,0,18000,0,0,0,0,0,0,0,0,0
1.125250,270.22,25.665,15.410,368,390,72.000,71,71,18.000,39.000,55.000,185,231,370,160,169,169,169,169,169,169,1,0,0,3,30,1,28.000,1,1,0,0,72,1,0,0,72,0,0,72,0,0,0,0,1,1,1,1,1,1,0,0,0,18004,0,0,0,0,0,0,0,0,0
1.125500,270.32,25.618,15.360,367,390,72.000,71,71,18.000,39.000,55.000,184,231,370,160,169,169,169,169,169,169,1,0,0,3,30,1,28.000,1,1,0,0,72,1,0,0,72,0,0,72,0,0,0,0,1,1,1,1,1,1,0,0,0,18008,0,0,0,0,0,0,0,0,0
1.125750,270.43,25.570,15.360,367,390,72.000,71,71,18.000,39.000,55.000,184,231,370,160,169,169,169,169,169,169,1,0,0,3,30,1,28.000,1,1,0,0,72,1,0,0,72,0,0,72,0,0,0,0,1,1,1,1,1,1,0,0,0,18012,0,0,0,0,0,0,0,0,0
1.126000,270.54,25.523,15.300,366,390,72.000,71,71,18.000,39.000,55.000,184,231,370,160,169,169,169,169,169,169,1,0,0,3,30,1,28.000,1,1,0,0,72,1,0,0,72,0,0,72,0,0,0,0,1,1,1,1,1,1,0,0,0,18016,0,0,0,0,0,0,0,0,0
1.126250,270.65,25.475,15.300,366,390,72.000,71,71,18.000,39.000,55.000,184,231,370,160,169,169,169,169,169,169,1,0,0,3,30,1,28.000,1,1,0,0,72,1,0,0,72,0,0,72,0,0,0,0,1,1,1,1,1,1,0,0,0,18020,0,0,0,0,0,0,0,0,0
1.126500,270.76,25.428,15.250,366,390,72.000,71,71,18.000,39.000,55.000,183,231,370,160,169,169,169,169,169,169,1,0,0,3,30,1,28.000,1,1,0,0,72,1,0,0,72,0,0,72,0,0,0,0,1,1,1,1,1,1,0,0,0,18024,0,0,0,0,0,0,0,0,0
1.126750,270.86,25.380,15.250,365,390,72.000,71,71,18.000,39.000,55.000,183,231,370,160,169,169,169,169,169,169,1,0,0,3,30,1,28.000,1,1,0,0,72,1,0,0,72,0,0,72,0,0,0,0,1,1,1,1,1,1,0,0,0,18028,0,0,0,0,0,0,0,0,0
1.127000,270.97,25.333,15.190,365,390,72.000,71,71,18.000,39.000,55.000,182,231,370,160,169,169,169,169,169,169,1,0,0,3,30,1,28.000,1,1,0,0,72,1,0,0,72,0,0,72,0,0,0,0,1,1,1,1,1,1,0,0,0,18032,0,0,0,0,0,0,0,0,0
1.127250,271.08,25.286,15.190,364,390,72.000,71,71,18.000,39.000,55.000,182,231,370,160,169,169,169,169,169,169,1,0,0,3,30,1,28.000,1,1,0,0,72,1,0,0,72,0,0,72,0,0,0,0,1,1,1,1,1,1,0,0,0,18036,0,0,0,0,0,0,0,0,0
1.127500,271.19,25.238,15.140,364,390,72.000,71,71,18.000,39.000,55.000,182,231,370,160,169,169,169,169,169,169,1,0,0,3,30,1,28.000,1,1,0,0,72,1,0,0,72,0,0,72,0,0,0,0,1,1,1,1,1,1,0,0,0,18040,0,0,0,0,0,0,0,0,0
1.127750,271.30,25.191,15.080,363,390,72.000,71,71,18.000,39.000,55.000,181,231,370,160,169,169,169,169,169,169,1,0,0,3,30,1,28.000,1,1,0,0,72,1,0,0,72,0,0,72,0,0,0,0,1,1,1,1,1,1,0,0,0,18044,0,0,0,0,0,0,0,0,0
1.128000,271.40,25.143,15.080,363,390,72.000,71,71,18.000,39.000,55.000,181,231,370,160,169,169,169,169,169,169,1,0,0,3,30,1,28.000,1,1,0,0,72,1,0,0,72,0,0,72,0,0,0,0,1,1,1,1,1,1,0,0,0,18048,0,0,0,0,0,0,0,0,0
1.128250,271.51,25.096,15.030,363,390,72.000,71,71,18.000,39.000,55.000,180,231,370,160,169,169,169,169,169,169,1,0,0,3,30,1,28.000,1,1,0,0,72,1,0,0,72,0,0,72,0,0,0,0,1,1,1,1,1,1,0,0,0,18052,0,0,0,0,0,0,0,0,0
1.128500,271.62,25.049,15.030,362,390,72.000,71,71,18.000,39.000,55.000,180,231,370,160,169,169,169,169,169,169,1,0,0,3,30,1,28.000,1,1,0,0,72,1,0,0,72,0,0,72,0,0,0,0,1,1,1,1,1,1,0,0,0,18056,0,0,0,0,0,0,0,0,0
1.128750,271.73,25.001,14.970,362,390,72.000,71,71,18.000,39.000,55.000,180,231,370,160,169,169,169,169,169,169,1,0,0,3,30,1,28.000,1,1,0,0,72,1,0,0,72,0,0,72,0,0,0,0,1,1,1,1,1,1,0,0,0,18060,0,0,0,0,0,0,0,0,0
1.129000,271.84,24.954,14.970,361,390,72.000,71,71,18.000,39.000,55.000,180,231,370,160,169,169,169,169,169,169,1,0,0,3,30,1,28.000,1,1,0,0,72,1,0,0,72,0,0,72,0,0,0,0,1,1,1,1,1,1,0,0,0,18064,0,0,0,0,0,0,0,0,0
1.129250,271.94,24.907,14.920,361,390,72.000,71,71,18.000,39.000,55.000,179,231,370,160,169,169,169,169,169,169,1,0,0,3,30,1,28.000,1,1,0,0,72,1,0,0,72,0,0,72,0,0,0,0,1,1,1,1,1,1,0,0,0,18068,0,0,0,0,0,0,0,0,0
1.129500,272.05,24.860,14.920,360,389,72.000,71,71,18.000,39.000,55.000,179,231,369,160,168,168,168,168,168,168,1,0,0,3,30,1,28.000,1,1,0,0,72,1,0,0,72,0,0,72,0,0,0,0,1,1,1,1,1,1,0,0,0,18072,0,0,0,0,0,0,0,0,0
1.129750,272.16,24.812,14.870,360,389,72.000,71,71,18.000,39.000,55.000,178,231,369,160,168,168,168,168,168,168,1,0,0,3,30,1,28.000,1,1,0,0,72,1,0,0,72,0,0,72,0,0,0,0,1,1,1,1,1,1,0,0,0,18076,0,0,0,0,0,0,0,0,0
1.130000,272.27,24.765,14.870,360,389,72.000,71,71,18.000,39.000,55.000,178,231,369,160,168,168,168,168,168,168,1,0,0,3,30,1,28.000,1,1,0,0,72,1,0,0,72,0,0,72,0,0,0,0,1,1,1,1,1,1,0,0,0,18080,0,0,0,0,0,0,0,0,0
1.130250,272.38,24.718,14.810,359,389,72.000,71,71,18.000,39.000,55.000,178,231,369,160,168,168,168,168,168,168,1,0,0,3,30,1,28.000,1,1,0,0,72,1,0,0,72,0,0,72,0,0,0,0,1,1,1,1,1,1,0,0,0,18084,0,0,0,0,0,0,0,0,0
1.130500,272.48,24.671,14.810,359,389,72.000,71,71,18.000,39.000,55.000,178,231,369,160,168,168,168,168,168,168,1,0,0,3,30,1,28.000,1,1,0,0,72,1,0,0,72,0,0,72,0,0,0,0,1,1,1,1,1,1,0,0,0,18088,0,0,0,0,0,0,0,0,0
1.130750,272.59,24.624,14.760,358,389,72.000,71,71,18.000,39.000,55.000,177,231,369,160,168,168,168,168,168,168,1,0,0,3,30,1,28.000,1,1,0,0,72,1,0,0,72,0,0,72,0,0,0,0,1,1,1,1,1,1,0,0,0,18092,0,0,0,0,0,0,0,0,0
1.131000,272.70,24.577,14.760,358,389,72.000,71,71,18.000,39.000,55.000,177,231,369,160,168,168,168,168,168,168,1,0,0,3,30,1,28.000,1,1,0,0,72,1,0,0,72,0,0,72,0,0,0,0,1,1,1,1,1,1,0,0,0,18096,0,0,0,0,0,0,0,0,0
1.131250,272.81,24.530,14.700,357,389,72.000,71,71,18.000,39.000,55.000,176,231,369,160,168,168,168,168,168,168,1,0,0,3,30,1,28.000,1,1,0,0,72,1,0,0,72,0,0,72,0,0,0,0,1,1,1,1,1,1,0,0,0,18100,0,0,0,0,0,0,0,0,0
1.131500,272.92,24.483,14.700,357,389,72.000,71,71,18.000,39.000,55.000,176,231,369,160,168,168,168,168,168,168,1,0,0,3,30,1,28.000,1,1,0,0,72,1,0,0,72,0,0,72,0,0,0,0,1,1,1,1,1,1,0,0,0,18104,0,0,0,0,0,0,0,0,0
1.131750,273.02,24.436,14.650,357,389,72.000,71,71,18.000,39.000,55.000,176,231,369,160,168,168,168,168,168,168,1,0,0,3,30,1,28.000,1,1,0,0,72,1,0,0,72,0,0,72,0,0,0,0,1,1,1,1,1,1,0,0,0,18108,0,0,0,0,0,0,0,0,0
1.132000,273.13,24.389,14.650,356,389,72.000,71,71,18.000,39.000,55.000,176,231,369,160,168,168,168,168,168,168,1,0,0,3,30,1,28.000,1,1,0,0,72,1,0,0,72,0,0,72,0,0,0,0,1,1,1,1,1,1,0,0,0,18112,0,0,0,0,0,0,0,0,0
1.132250,273.24,24.342,14.590,356,389,72.000,71,71,18.000,39.000,55.000,175,231,369,160,168,168,168,168,168,168,1,0,0,3,30,1,28.000,1,1,0,0,72,1,0,0,72,0,0,72,0,0,0,0,1,1,1,1,1,1,0,0,0,18116,0,0,0,0,0,0,0,0,0
1.132500,273.35,24.295,14.590,355,389,72.000,71,71,18.000,39.000,55.000,175,231,369,160,168,168,168,168,168,168,1,0,0,3,30,1,28.000,1,1,0,0,72,1,0,0,72,0,0,72,0,0,0,0,1,1,1,1,1,1,0,0,0,18120,0,0,0,0,0,0,0,0,0
1.132750,273.46,24.248,14.540,355,389,72.000,71,71,18.000,39.000,55.000,174,231,369,160,168,168,168,168,168,168,1,0,0,3,30,1,28.000,1,1,0,0,72,1,0,0,72,0,0,72,0,0,0,0,1,1,1,1,1,1,0,0,0,18124,0,0,0,0,0,0,0,0,0
1.133000,273.56,24.201,14.540,354,389,72.000,71,71,18.000,39.000,55.000,174,231,369,160,168,168,168,168,168,168,1,0,0,3,30,1,28.000,1,1,0,0,72,1,0,0,72,0,0,72,0,0,0,0,1,1,1,1,1,1,0,0,0,18128,0,0,0,0,0,0,0,0,0
1.133250,273.67,24.154,14.490,354,389,72.000,71,71,18.000,39.000,55.000,174,231,369,160,168,168,168,168,168,168,1,0,0,3,30,1,28.000,1,1,0,0,72,1,0,0,72,0,0,72,0,0,0,0,1,1,1,1,1,1,0,0,0,18132,0,0,0,0,0,0,0,0,0
1.133500,273.78,24.107,14.490,353,389,72.000,71,71,18.000,39.000,55.000,174,231,369,160,168,168,168,168,168,168,1,0,0,3,30,1,28.000,1,1,2,2,73,1,0,0,73,0,0,73,0,0,0,0,1,1,1,1,1,1,0,0,0,18136,0,0,0,0,0,0,0,0,0
1.133750,273.89,24.060,14.430,353,389,72.000,71,71,18.000,39.000,55.000,173,231,369,160,168,168,168,168,168,168,1,0,0,3,30,1,28.000,1,1,2,2,73,1,0,0,73,0,0,73,0,0,0,0,1,1,1,1,1,1,0,0,0,18140,0,0,0,0,0,0,0,0,0
1.134000,274.00,24.014,14.380,353,389,72.000,71,71,18.000,39.000,55.000,172,231,369,160,168,168,168,168,168,168,1,0,0,3,30,1,28.000,1,1,2,2,73,1,0,0,73,0,0,73,0,0,0,0,1,1,1,1,1,1,0,0,0,18144,0,0,0,0,0,0,0,0,0
1.134250,274.10,23.967,14.380,352,389,72.000,71,71,18.000,39.000,55.000,172,231,369,160,168,168,168,168,168,168,1,0,0,3,30,1,28.000,1,1,2,2,73,1,0,0,73,0,0,73,0,0,0,0,1,1,1,1,1,1,0,0,0,18148,0,0,0,0,0,0,0,0,0
1.134500,274.21,23.920,14.380,352,389,72.000,71,71,18.000,39.000,55.000,172,231,369,160,168,168,168,168,168,168,1,0,0,3,30,1,28.000,1,1,2,2,73,1,0,0,73,0,0,73,0,0,0,0,1,1,1,1,1,1,0,0,0,18152,0,0,0,0,0,0,0,0,0
1.134750,274.32,23.874,14.320,351,389,72.000,71,71,18.000,39.000,55.000,172,231,369,160,168,168,168,168,168,168,1,0,0,3,30,1,28.000,1,1,2,2,73,1,0,0,73,0,0,73,0,0,0,0,1,1,1,1,1,1,0,0,0,18156,0,0,0,0,0,0,0,0,0
1.135000,274.43,23.827,14.270,351,389,72.000,71,71,18.000,39.000,55.000,171,231,369,160,168,168,168,168,168,168,1,0,0,3,30,1,28.000,1,1,2,2,73,1,0,0,73,0,0,73,0,0,0,0,1,1,1,1,1,1,0,0,0,18160,0,0,0,0,0,0,0,0,0
1.135250,274.54,23.780,14.270,350,389,72.000,71,71,18.000,39.000,55.000,171,231,369,160,168,168,168,168,168,168,1,0,0,3,30,1,28.000,1,1,2,2,73,1,0,0,73,0,0,73,0,0,0,0,1,1,1,1,1,1,0,0,0,18164,0,0,0,0,0,0,0,0,0
1.135500,274.64,23.734,14.210,350,389,72.000,71,71,18.000,39.000,55.000,170,231,369,160,168,168,168,168,168,168,1,0,0,3,30,1,28.000,1,1,2,2,73,1,0,0,73,0,0,73,0,0,0,0,1,1,1,1,1,1,0,0,0,18168,0,0,0,0,0,0,0,0,0
1.135750,274.75,23.687,14.210,349,389,72.000,71,71,18.000,39.000,55.000,170,231,369,160,168,168,168,168,168,168,1,0,0,3,30,1,28.000,1,1,2,2,73,1,0,0,73,0,0,73,0,0,0,0,1,1,1,1,1,1,0,0,0,18172,0,0,0,0,0,0,0,0,0
1.136000,274.86,23.641,14.160,349,389,72.000,71,71,18.000,39.000,55.000,170,231,369,160,168,168,168,168,168,168,1,0,0,3,30,1,28.000,1,1,2,2,73,1,0,0,73,0,0,73,0,0,0,0,1,1,1,1,1,1,0,0,0,18176,0,0,0,0,0,0,0,0,0
1.136250,274.97,23.594,14.160,349,389,72.000,71,71,18.000,39.000,55.000,170,231,369,160,168,168,168,168,168,168,1,0,0,3,30,1,28.000,1,1,2,2,73,1,0,0,73,0,0,73,0,0,0,0,1,1,1,1,1,1,0,0,0,18180,0,0,0,0,0,0,0,0,0
1.136500,275.08,23.548,14.100,348,389,72.000,71,71,18.000,39.000,55.000,169,231,369,160,168,168,168,168,168,168,1,0,0,3,30,1,28.000,1,1,2,2,73,1,0,0,73,0,0,73,0,0,0,0,1,1,1,1,1,1,0,0,0,18184,0,0,0,0,0,0,0,0,0
1.136750,275.18,23.502,14.100,348,389,72.000,71,71,18.000,39.000,55.000,169,231,369,160,168,168,168,168,168,168,1,0,0,3,30,1,28.000,1,1,2,2,73,1,0,0,73,0,0,73,0,0,0,0,1,1,1,1,1,1,0,0,0,18188,0,0,0,0,0,0,0,0,0
1.137000,275.29,23.455,14.050,347,388,72.000,71,71,18.000,39.000,55.000,168,230,368,160,168,168,168,168,168,168,1,0,0,3,30,1,28.000,1,1,2,2,73,1,0,0,73,0,0,73,0,0,0,0,1,1,1,1,1,1,0,0,0,18192,0,0,0,0,0,0,0,0,0
1.137250,275.40,23.409,14.050,347,388,72.000,71,71,18.000,39.000,55.000,168,230,368,160,168,168,168,168,168,168,1,0,0,3,30,1,28.000,1,1,2,2,73,1,0,0,73,0,0,73,0,0,0,0,1,1,1,1,1,1,0,0,0,18196,0,0,0,0,0,0,0,0,0
1.137500,275.51,23.363,14.000,346,388,72.000,71,71,18.000,39.000,55.000,168,230,368,160,168,168,168,168,168,168,1,0,0,3,30,1,28.000,1,1,2,2,73,1,0,0,73,0,0,73,0,0,0,0,1,1,1,1,1,1,0,0,0,18200,0,0,0,0,0,0,0,0,0
1.137750,275.62,23.316,14.000,346,388,72.000,71,71,18.000,39.000,55.000,168,230,368,160,168,168,168,168,168,168,1,0,0,3,30,1,28.000,1,1,2,2,73,1,0,0,73,0,0,73,0,0,0,0,1,1,1,1,1,1,0,0,0,18204,0,0,0,0,0,0,0,0,0
1.138000,275.72,23.270,13.940,345,388,72.000,71,71,18.000,39.000,55.000,167,230,368,160,168,168,168,168,168,168,1,0,0,3,30,1,28.000,1,1,2,2,73,1,0,0,73,0,0,73,0,0,0,0,1,1,1,1,1,1,0,0,0,18208,0,0,0,0,0,0,0,0,0
1.138250,275.83,23.224,13.940,345,388,72.000,71,71,18.000,39.000,55.000,167,230,368,160,168,168,168,168,168,168,1,0,0,3,30,1,28.000,1,1,2,2,73,1,0,0,73,0,0,73,0,0,0,0,1,1,1,1,1,1,0,0,0,18212,0,0,0,0,0,0,0,0,0
1.138500,275.94,23.178,13.890,344,388,72.000,71,71,18.000,39.000,55.000,167,230,368,160,168,168,168,168,168,168,1,0,0,3,30,1,28.000,1,1,2,2,73,1,0,0,73,0,0,73,0,0,0,0,1,1,1,1,1,1,0,0,0,18216,0,0,0,0,0,0,0,0,0
1.138750,276.05,23.132,13.890,344,388,72.000,71,71,18.000,39.000,55.000,167,230,368,160,168,168,168,168,168,168,1,0,0,3,30,1,28.000,1,1,2,2,73,1,0,0,73,0,0,73,0,0,0,0,1,1,1,1,1,1,0,0,0,18220,0,0,0,0,0,0,0,0,0
1.139000,276.16,23.086,13.830,344,388,72.000,71,71,18.000,39.000,55.000,166,230,368,160,168,168,168,168,168,168,1,0,0,3,30,1,28.000,1,1,2,2,73,1,0,0,73,0,0,73,0,0,0,0,1,1,1,1,1,1,0,0,0,18224,0,0,0,0,0,0,0,0,0
1.139250,276.26,23.040,13.830,343,388,72.000,71,71,18.000,39.000,55.000,166,230,368,160,168,168,168,168,168,168,1,0,0,3,30,1,28.000,1,1,2,2,73,1,0,0,73,0,0,73,0,0,0,0,1,1,1,1,1,1,0,0,0,18228,0,0,0,0,0,0,0,0,0
1.139500,276.37,22.994,13.780,343,388,72.000,71,71,18.000,39.000,55.000,165,230,368,160,168,168,168,168,168,168,1,0,0,3,30,1,28.000,1,1,2,2,73,1,0,0,73,0,0,73,0,0,0,0,1,1,1,1,1,1,0,0,0,18232,0,0,0,0,0,0,0,0,0
1.139750,276.48,22.948,13.780,342,388,72.000,71,71,18.000,39.000,55.000,165,230,368,160,168,168,168,168,168,168,1,0,0,3,30,1,28.000,1,1,2,2,73,1,0,0,73,0,0,73,0,0,0,0,1,1,1,1,1,1,0,0,0,18236,0,0,0,0,0,0,0,0,0
1.140000,276.59,22.903,13.720,342,388,72.000,71,71,18.000,39.000,55.000,165,230,368,160,168,168,168,168,168,168,1,0,0,3,30,1,28.000,1,1,2,2,73,1,0,0,73,0,0,73,0,0,0,0,1,1,1,1,1,1,0,0,0,18240,0,0,0,0,0,0,0,0,0
1.140250,276.70,22.857,13.720,341,388,72.000,71,71,18.000,39.000,55.000,165,230,368,160,168,168,168,168,168,168,1,0,0,3,30,1,28.000,1,1,2,2,73,1,0,0,73,0,0,73,0,0,0,0,1,1,1,1,1,1,0,0,0,18244,0,0,0,0,0,0,0,0,0
1.140500,276.80,22.811,13.670,341,388,72.000,71,71,18.000,39.000,55.000,164,230,368,160,168,168,168,168,168,168,1,0,0,3,30,1,28.000,1,1,2,2,73,1,0,0,73,0,0,73,0,0,0,0,1,1,1,1,1,1,0,0,0,18248,0,0,0,0,0,0,0,0,0
1.140750,276.91,22.766,13.670,340,388,72.000,71,71,18.000,39.000,55.000,164,230,368,160,168,168,168,168,168,168,1,0,0,3,30,1,28.000,1,1,2,2,73,1,0,0,73,0,0,73,0,0,0,0,1,1,1,1,1,1,0,0,0,18252,0,0,0,0,0,0,0,0,0
1.141000,277.02,22.720,13.620,340,388,72.000,71,71,18.000,39.000,55.000,163,230,368,160,168,168,168,168,168,168,1,0,0,3,30,1,28.000,1,1,2,2,73,1,0,0,73,0,0,73,0,0,0,0,1,1,1,1,1,1,0,0,0,18256,0,0,0,0,0,0,0,0,0
1.141250,277.13,22.675,13.620,339,388,72.000,71,71,18.000,39.000,55.000,163,230,368,160,168,168,168,168,168,168,1,0,0,3,30,1,28.000,1,1,2,2,73,1,0,0,73,0,0,73,0,0,0,0,1,1,1,1,1,1,0,0,0,18260,0,0,0,0,0,0,0,0,0
1.141500,277.24,22.629,13.560,339,388,72.000,71,71,18.000,39.000,55.000,163,230,368,160,168,168,168,168,168,168,1,0,0,3,30,1,28.000,1,1,2,2,73,1,0,0,73,0,0,73,0,0,0,0,1,1,1,1,1,1,0,0,0,18264,0,0,0,0,0,0,0,0,0
1.141750,277.34,22.584,13.560,339,388,72.000,71,71,18.000,39.000,55.000,163,230,368,160,168,168,168,168,168,168,1,0,0,3,30,1,28.000,1,1,2,2,73,1,0,0,73,0,0,73,0,0,0,0,1,1,1,1,1,1,0,0,0,18268,0,0,0,0,0,0,0,0,0
1.142000,277.45,22.538,13.510,338,388,72.000,71,71,18.000,39.000,55.000,162,230,368,160,168,168,168,168,168,168,1,0,0,3,30,1,28.000,1,1,2,2,73,1,0,0,73,0,0,73,0,0,0,0,1,1,1,1,1,1,0,0,0,18272,0,0,0,0,0,0,0,0,0
1.142250,277.56,22.493,13.510,338,388,72.000,71,71,18.000,39.000,55.000,162,230,368,160,168,168,168,168,168,168,1,0,0,3,30,1,28.000,1,1,3,3,74,1,0,0,74,0,0,74,0,0,0,0,1,1,1,1,1,1,0,0,0,18276,0,0,0,0,0,0,0,0,0
1.142500,277.67,22.448,13.450,337,388,72.000,71,71,18.000,39.000,55.000,161,230,368,160,168,168,168,168,168,168,1,0,0,3,30,1,28.000,1,1,3,3,74,1,0,0,74,0,0,74,0,0,0,0,1,1,1,1,1,1,0,0,0,18280,0,0,0,0,0,0,0,0,0
1.142750,277.78,22.402,13.450,337,387,72.000,71,71,18.000,39.000,55.000,161,229,367,160,167,167,167,167,167,167,1,0,0,3,30,1,28.000,1,1,3,3,74,1,0,0,74,0,0,74,0,0,0,0,1,1,1,1,1,1,0,0,0,18284,0,0,0,0,0,0,0,0,0
1.143000,277.88,22.357,13.400,336,387,72.000,71,71,18.000,39.000,55.000,161,229,367,160,167,167,167,167,167,167,1,0,0,3,30,1,28.000,1,1,3,3,74,1,0,0,74,0,0,74,0,0,0,0,1,1,1,1,1,1,0,0,0,18288,0,0,0,0,0,0,0,0,0
1.143250,277.99,22.312,13.400,336,387,72.000,71,71,18.000,39.000,55.000,161,229,367,160,167,167,167,167,167,167,1,0,0,3,30,1,28.000,1,1,3,3,74,1,0,0,74,0,0,74,0,0,0,0,1,1,1,1,1,1,0,0,0,18292,0,0,0,0,0,0,0,0,0
1.143500,278.10,22.267,13.340,335,387,72.000,71,71,18.000,39.000,55.000,160,229,367,160,167,167,167,167,167,167,1,0,0,3,30,1,28.000,1,1,3,3,74,1,0,0,74,0,0,74,0,0,0,0,1,1,1,1,1,1,0,0,0,18296,0,0,0,0,0,0,0,0,0
1.143750,278.21,22.222,13.340,335,387,72.000,71,71,18.000,39.000,55.000,160,229,367,160,167,167,167,167,167,167,1,0,0,3,30,1,28.000,1,1,3,3,74,1,0,0,74,0,0,74,0,0,0,0,1,1,1,1,1,1,0,0,0,18300,0,0,0,0,0,0,0,0,0
1.144000,278.32,22.177,13.290,334,387,72.000,71,71,18.000,39.000,55.000,159,229,367,160,167,167,167,167,167,167,1,0,0,3,30,1,28.000,1,1,3,3,74,1,0,0,74,0,0,74,0,0,0,0,1,1,1,1,1,1,0,0,0,18304,0,0,0,0,0,0,0,0,0
1.144250,278.42,22.132,13.290,334,387,72.000,71,71,18.000,39.000,55.000,159,229,367,160,167,167,167,167,167,167,1,0,0,3,30,1,28.000,1,1,3,3,74,1,0,0,74,0,0,74,0,0,0,0,1,1,1,1,1,1,0,0,0,18308,0,0,0,0,0,0,0,0,0
1.144500,278.53,22.087,13.230,334,387,72.000,71,71,18.000,39.000,55.000,159,229,367,160,167,167,167,167,167,167,1,0,0,3,30,1,28.000,1,1,3,3,74,1,0,0,74,0,0,74,0,0,0,0,1,1,1,1,1,1,0,0,0,18312,0,0,0,0,0,0,0,0,0
1.144750,278.64,22.043,13.230,333,387,72.000,71,71,18.000,39.000,55.000,159,229,367,160,167,167,167,167,167,167,1,0,0,3,30,1,28.000,1,1,3,3,74,1,0,0,74,0,0,74,0,0,0,0,1,1,1,1,1,1,0,0,0,18316,0,0,0,0,0,0,0,0,0
1.145000,278.75,21.998,13.180,333,387,72.000,71,71,18.000,39.000,55.000,158,229,367,160,167,167,167,167,167,167,1,0,0,3,30,1,28.000,1,1,3,3,74,1,0,0,74,0,0,74,0,0,0,0,1,1,1,1,1,1,0,0,0,18320,0,0,0,0,0,0,0,0,0
1.145250,278.86,21.953,13.180,332,387,72.000,71,71,18.000,39.000,55.000,158,229,367,160,167,167,167,167,167,167,1,0,0,3,30,1,28.000,1,1,3,3,74,1,0,0,74,0,0,74,0,0,0,0,1,1,1,1,1,1,0,0,0,18324,0,0,0,0,0,0,0,0,0
1.145500,278.96,21.909,13.130,332,387,72.000,71,71,18.000,39.000,55.000,157,229,367,160,167,167,167,167,167,167,1,0,0,3,30,1,28.000,1,1,3,3,74,1,0,0,74,0,0,74,0,0,0,0,1,1,1,1,1,1,0,0,0,18328,0,0,0,0,0,0,0,0,0
1.145750,279.07,21.864,13.130,331,387,72.000,71,71,18.000,39.000,55.000,157,229,367,160,167,167,167,167,167,167,1,0,0,3,30,1,28.000,1,1,3,3,74,1,0,0,74,0,0,74,0,0,0,0,1,1,1,1,1,1,0,0,0,18332,0,0,0,0,0,0,0,0,0
1.146000,279.18,21.820,13.070,331,387,72.000,71,71,18.000,39.000,55.000,157,229,367,160,167,167,167,167,167,167,1,0,0,3,30,1,28.000,1,1,3,3,74,1,0,0,74,0,0,74,0,0,0,0,1,1,1,1,1,1,0,0,0,18336,0,0,0,0,0,0,0,0,0
1.146250,279.29,21.775,13.070,330,387,72.000,71,71,18.000,39.000,55.000,157,229,367,160,167,167,167,167,167,167,1,0,0,3,30,1,28.000,1,1,3,3,74,1,0,0,74,0,0,74,0,0,0,0,1,1,1,1,1,1,0,0,0,18340,0,0,0,0,0,0,0,0,0
1.146500,279.40,21.731,13.020,330,387,72.000,71,71,18.000,39.000,55.000,156,229,367,160,167,167,167,167,167,167,1,0,0,3,30,1,28.000,1,1,3,3,74,1,0,0,74,0,0,74,0,0,0,0,1,1,1,1,1,1,0,0,0,18344,0,0,0,0,0,0,0,0,0
1.146750,279.50,21.687,13.020,329,387,72.000,71,71,18.000,39.000,55.000,156,229,367,160,167,167,167,167,167,167,1,0,0,3,30,1,28.000,1,1,3,3,74,1,0,0,74,0,0,74,0,0,0,0,1,1,1,1,1,1,0,0,0,18348,0,0,0,0,0,0,0,0,0
1.147000,279.61,21.643,12.960,329,387,72.000,71,71,18.000,39.000,55.000,155,229,367,160,167,167,167,167,167,167,1,0,0,3,30,1,28.000,1,1,3,3,74,1,0,0,74,0,0,74,0,0,0,0,1,1,1,1,1,1,0,0,0,18352,0,0,0,0,0,0,0,0,0
1.147250,279.72,21.599,12.960,328,387,72.000,71,71,18.000,39.000,55.000,155,229,367,160,167,167,167,167,167,167,1,0,0,3,30,1,28.000,1,1,3,3,74,1,0,0,74,0,0,74,0,0,0,0,1,1,1,1,1,1,0,0,0,18356,0,0,0,0,0,0,0,0,0
1.147500,279.83,21.555,12.910,328,386,72.000,71,71,18.000,39.000,55.000,155,229,366,160,167,167,167,167,167,167,1,0,0,3,30,1,28.000,1,1,3,3,74,1,0,0,74,0,0,74,0,0,0,0,1,1,1,1,1,1,0,0,0,18360,0,0,0,0,0,0,0,0,0
1.147750,279.94,21.511,12.910,327,386,72.000,71,71,18.000,39.000,55.000,155,229,366,160,167,167,167,167,167,167,1,0,0,3,30,1,28.000,1,1,3,3,74,1,0,0,74,0,0,74,0,0,0,0,1,1,1,1,1,1,0,0,0,18364,0,0,0,0,0,0,0,0,0
1.148000,280.04,21.467,12.850,327,386,72.000,71,71,18.000,39.000,55.000,154,229,366,160,167,167,167,167,167,167,1,0,0,3,30,1,28.000,1,1,3,3,74,1,0,0,74,0,0,74,0,0,0,0,1,1,1,1,1,1,0,0,0,18368,0,0,0,0,0,0,0,0,0
1.148250,280.15,21.423,12.850,327,386,72.000,71,71,18.000,39.000,55.000,154,229,366,160,167,167,167,167,167,167,1,0,0,3,30,1,28.000,1,1,3,3,74,1,0,0,74,0,0,74,0,0,0,0,1,1,1,1,1,1,0,0,0,18372,0,0,0,0,0,0,0,0,0
1.148500,280.26,21.379,12.800,326,386,72.000,71,71,18.000,39.000,55.000,153,229,366,160,167,167,167,167,167,167,1,0,0,3,30,1,28.000,1,1,3,3,74,1,0,0,74,0,0,74,0,0,0,0,1,1,1,1,1,1,0,0,0,18376,0,0,0,0,0,0,0,0,0
1.148750,280.37,21.335,12.800,326,386,72.000,71,71,18.000,39.000,55.000,153,229,366,160,167,167,167,167,167,167,1,0,0,3,30,1,28.000,1,1,3,3,74,1,0,0,74,0,0,74,0,0,0,0,1,1,1,1,1,1,0,0,0,18380,0,0,0,0,0,0,0,0,0
1.149000,280.48,21.292,12.740,325,386,72.000,71,71,18.000,39.000,55.000,153,229,366,160,167,167,167,167,167,167,1,0,0,3,30,1,28.000,1,1,3,3,74,1,0,0,74,0,0,74,0,0,0,0,1,1,1,1,1,1,0,0,0,18384,0,0,0,0,0,0,0,0,0
1.149250,280.58,21.248,12.740,325,386,72.000,71,71,18.000,39.000,55.000,153,229,366,160,167,167,167,167,167,167,1,0,0,3,30,1,28.000,1,1,3,3,74,1,0,0,74,0,0,74,0,0,0,0,1,1,1,1,1,1,0,0,0,18388,0,0,0,0,0,0,0,0,0
1.149500,280.69,21.205,12.740,324,386,72.000,71,71,18.000,39.000,55.000,153,229,366,160,167,167,167,167,167,167,1,0,0,3,30,1,28.000,1,1,3,3,74,1,0,0,74,0,0,74,0,0,0,0,1,1,1,1,1,1,0,0,0,18392,0,0,0,0,0,0,0,0,0
1.149750,280.80,21.161,12.690,324,386,72.000,71,71,18.000,39.000,55.000,152,229,366,160,167,167,167,167,167,167,1,0,0,3,30,1,28.000,1,1,3,3,74,1,0,0,74,0,0,74,0,0,0,0,1,1,1,1,1,1,0,0,0,18396,0,0,0,0,0,0,0,0,0
1.150000,280.91,21.118,12.690,323,386,72.000,71,71,18.000,39.000,55.000,152,229,366,160,167,167,167,167,167,167,1,0,0,3,30,1,28.000,1,1,3,3,74,1,0,0,74,0,0,74,0,0,0,0,1,1,1,1,1,1,0,0,0,18400,0,0,0,0,0,0,0,0,0
1.150250,281.02,21.075,12.640,323,386,72.000,71,71,18.000,39.000,55.000,152,229,366,160,167,167,167,167,167,167,1,0,0,3,30,1,28.000,1,1,3,3,74,1,0,0,74,0,0,74,0,0,0,0,1,1,1,1,1,1,0,0,0,18404,0,0,0,0,0,0,0,0,0
1.150500,281.12,21.032,12.640,322,386,72.000,71,71,18.000,39.000,55.000,152,229,366,160,167,167,167,167,167,167,1,0,0,3,30,1,28.000,1,1,3,3,74,1,0,0,74,0,0,74,0,0,0,0,1,1,1,1,1,1,0,0,0,18408,0,0,0,0,0,0,0,0,0
1.150750,281.23,20.988,12.580,322,386,72.000,71,71,18.000,39.000,55.000,151,229,366,160,167,167,167,167,167,167,1,0,0,3,30,1,28.000,1,1,3,3,74,1,0,0,74,0,0,74,0,0,0,0,1,1,1,1,1,1,0,0,0,18412,0,0,0,0,0,0,0,0,0
1.151000,281.34,20.945,12.580,321,386,72.000,71,71,18.000,39.000,55.000,151,229,366,160,167,167,167,167,167,167,1,0,0,3,30,1,28.000,1,1,1,1,75,1,0,0,75,0,0,75,0,0,0,0,1,1,1,1,1,1,0,0,0,18416,0,0,0,0,0,0,0,0,0
1.151250,281.45,20.902,12.530,321,386,72.000,71,71,18.000,39.000,55.000,150,229,366,160,167,167,167,167,167,167,1,0,0,3,30,1,28.000,1,1,1,1,75,1,0,0,75,0,0,75,0,0,0,0,1,1,1,1,1,1,0,0,0,18420,0,0,0,0,0,0,0,0,0
1.151500,281.56,20.860,12.530,321,385,72.000,71,71,18.000,39.000,55.000,150,228,365,160,166,166,166,166,166,166,1,0,0,3,30,1,28.000,1,1,1,1,75,1,0,0,75,0,0,75,0,0,0,0,1,1,1,1,1,1,0,0,0,18424,0,0,0,0,0,0,0,0,0
1.151750,281.66,20.817,12.470,320,385,72.000,71,71,18.000,39.000,55.000,149,228,365,160,166,166,166,166,166,166,1,0,0,3,30,1,28.000,1,1,1,1,75,1,0,0,75,0,0,75,0,0,0,0,1,1,1,1,1,1,0,0,0,18428,0,0,0,0,0,0,0,0,0
1.152000,281.77,20.774,12.470,320,385,72.000,71,71,18.000,39.000,55.000,149,228,365,160,166,166,166,166,166,166,1,0,0,3,30,1,28.000,1,1,1,1,75,1,0,0,75,0,0,75,0,0,0,0,1,1,1,1,1,1,0,0,0,18432,0,0,0,0,0,0,0,0,0
1.152250,281.88,20.731,12.420,319,385,72.000,71,71,18.000,39.000,55.000,149,228,365,160,166,166,166,166,166,166,1,0,0,3,30,1,28.000,1,1,1,1,75,1,0,0,75,0,0,75,0,0,0,0,1,1,1,1,1,1,0,0,0,18436,0,0,0,0,0,0,0,0,0
1.152500,281.99,20.689,12.420,319,385,72.000,71,71,18.000,39.000,55.000,149,228,365,160,166,166,166,166,166,166,1,0,0,3,30,1,28.000,1,1,1,1,75,1,0,0,75,0,0,75,0,0,0,0,1,1,1,1,1,1,0,0,0,18440,0,0,0,0,0,0,0,0,0
1.152750,282.10,20.646,12.360,318,385,72.000,71,71,18.000,39.000,55.000,148,228,365,160,166,166,166,166,166,166,1,0,0,3,30,1,28.000,1,1,1,1,75,1,0,0,75,0,0,75,0,0,0,0,1,1,1,1,1,1,0,0,0,18444,0,0,0,0,0,0,0,0,0
1.153000,282.20,20.604,12.360,318,385,72.000,71,71,18.000,39.000,55.000,148,228,365,160,166,166,166,166,166,166,1,0,0,3,30,1,28.000,1,1,1,1,75,1,0,0,75,0,0,75,0,0,0,0,1,1,1,1,1,1,0,0,0,18448,0,0,0,0,0,0,0,0,0
1.153250,282.31,20.562,12.310,317,385,72.000,71,71,18.000,39.000,55.000,148,228,365,160,166,166,166,166,166,166,1,0,0,3,30,1,28.000,1,1,1,1,75,1,0,0,75,0,0,75,0,0,0,0,1,1,1,1,1,1,0,0,0,18452,0,0,0,0,0,0,0,0,0
1.153500,282.42,20.519,12.310,317,385,72.000,71,71,18.000,39.000,55.000,148,228,365,160,166,166,166,166,166,166,1,0,0,3,30,1,28.000,1,1,1,1,75,1,0,0,75,0,0,75,0,0,0,0,1,1,1,1,1,1,0,0,0,18456,0,0,0,0,0,0,0,0,0
1.153750,282.53,20.477,12.260,316,385,72.000,71,71,18.000,39.000,55.000,147,228,365,160,166,166,166,166,166,166,1,0,0,3,30,1,28.000,1,1,1,1,75,1,0,0,75,0,0,75,0,0,0,0,1,1,1,1,1,1,0,0,0,18460,0,0,0,0,0,0,0,0,0
1.154000,282.64,20.435,12.260,316,385,72.000,71,71,18.000,39.000,55.000,147,228,365,160,166,166,166,166,166,166,1,0,0,3,30,1,28.000,1,1,1,1,75,1,0,0,75,0,0,75,0,0,0,0,1,1,1,1,1,1,0,0,0,18464,0,0,0,0,0,0,0,0,0
1.154250,282.74,20.393,12.260,315,385,72.000,71,71,18.000,39.000,55.000,147,228,365,160,166,166,166,166,166,166,1,0,0,3,30,1,28.000,1,1,1,1,75,1,0,0,75,0,0,75,0,0,0,0,1,1,1,1,1,1,0,0,0,18468,0,0,0,0,0,0,0,0,0
1.154500,282.85,20.351,12.200,315,385,72.000,71,71,18.000,39.000,55.000,146,228,365,160,166,166,166,166,166,166,1,0,0,3,30,1,28.000,1,1,1,1,75,1,0,0,75,0,0,75,0,0,0,0,1,1,1,1,1,1,0,0,0,18472,0,0,0,0,0,0,0,0,0
1.154750,282.96,20.309,12.200,314,385,72.000,71,71,18.000,39.000,55.000,146,228,365,160,166,166,166,166,166,166,1,0,0,3,30,1,28.000,1,1,1,1,75,1,0,0,75,0,0,75,0,0,0,0,1,1,1,1,1,1,0,0,0,18476,0,0,0,0,0,0,0,0,0
1.155000,283.07,20.268,12.150,314,385,72.000,71,71,18.000,39.000,55.000,146,228,365,160,166,166,166,166,166,166,1,0,0,3,30,1,28.000,1,1,1,1,75,1,0,0,75,0,0,75,0,0,0,0,1,1,1,1,1,1,0,0,0,18480,0,0,0,0,0,0,0,0,0
1.155250,283.18,20.226,12.150,314,384,72.000,71,71,18.000,39.000,55.000,146,227,364,160,166,166,166,166,166,166,1,0,0,3,30,1,28.000,1,1,1,1,75,1,0,0,75,0,0,75,0,0,0,0,1,1,1,1,1,1,0,0,0,18484,0,0,0,0,0,0,0,0,0
1.155500,283.28,20.184,12.090,313,384,72.000,71,71,18.000,39.000,55.000,145,227,364,160,166,166,166,166,166,166,1,0,0,3,30,1,28.000,1,1,1,1,75,1,0,0,75,0,0,75,0,0,0,0,1,1,1,1,1,1,0,0,0,18488,0,0,0,0,0,0,0,0,0
1.155750,283.39,20.143,12.090,313,384,72.000,71,71,18.000,39.000,55.000,145,227,364,160,166,166,166,166,166,166,1,0,0,3,30,1,28.000,1,1,1,1,75,1,0,0,75,0,0,75,0,0,0,0,1,1,1,1,1,1,0,0,0,18492,0,0,0,0,0,0,0,0,0
1.156000,283.50,20.102,12.040,312,384,72.000,71,71,18.000,39.000,55.000,144,227,364,160,166,166,166,166,166,166,1,0,0,3,30,1,28.000,1,1,1,1,75,1,0,0,75,0,0,75,0,0,0,0,1,1,1,1,1,1,0,0,0,18496,0,0,0,0,0,0,0,0,0
1.156250,283.61,20.060,12.040,312,384,72.000,71,71,18.000,39.000,55.000,144,227,364,160,166,166,166,166,166,166,1,0,0,3,30,1,28.000,1,1,1,1,75,1,0,0,75,0,0,75,0,0,0,0,1,1,1,1,1,1,0,0,0,18500,0,0,0,0,0,0,0,0,0
1.156500,283.72,20.019,11.980,311,384,72.000,71,71,18.000,39.000,55.000,144,227,364,160,166,166,166,166,166,166,1,0,0,3,30,1,28.000,1,1,1,1,75,1,0,0,75,0,0,75,0,0,0,0,1,1,1,1,1,1,0,0,0,18504,0,0,0,0,0,0,0,0,0
1.156750,283.82,19.978,11.980,311,384,72.000,71,71,18.000,39.000,55.000,144,227,364,160,166,166,166,166,166,166,1,0,0,3,30,1,28.000,1,1,1,1,75,1,0,0,75,0,0,75,0,0,0,0,1,1,1,1,1,1,0,0,0,18508,0,0,0,0,0,0,0,0,0
1.157000,283.93,19.937,11.980,310,384,72.000,71,71,18.000,39.000,55.000,144,227,364,160,166,166,166,166,166,166,1,0,0,3,30,1,28.000,1,1,1,1,75,1,0,0,75,0,0,75,0,0,0,0,1,1,1,1,1,1,0,0,0,18512,0,0,0,0,0,0,0,0,0
1.157250,284.04,19.896,11.930,310,384,72.000,71,71,18.000,39.000,55.000,143,227,364,160,166,166,166,166,166,166,1,0,0,3,30,1,28.000,1,1,1,1,75,1,0,0,75,0,0,75,0,0,0,0,1,1,1,1,1,1,0,0,0,18516,0,0,0,0,0,0,0,0,0
1.157500,284.15,19.855,11.930,309,384,72.000,71,71,18.000,39.000,55.000,143,227,364,160,166,166,166,166,166,166,1,0,0,3,30,1,28.000,1,1,1,1,75,1,0,0,75,0,0,75,0,0,0,0,1,1,1,1,1,1,0,0,0,18520,0,0,0,0,0,0,0,0,0
1.157750,284.26,19.814,11.870,309,384,72.000,71,71,18.000,39.000,55.000,142,227,364,160,166,166,166,166,166,166,1,0,0,3,30,1,28.000,1,1,1,1,75,1,0,0,75,0,0,75,0,0,0,0,1,1,1,1,1,1,0,0,0,18524,0,0,0,0,0,0,0,0,0
1.158000,284.36,19.774,11.870,308,384,72.000,71,71,18.000,39.000,55.000,142,227,364,160,166,166,166,166,166,166,1,0,0,3,30,1,28.000,1,1,1,1,75,1,0,0,75,0,0,75,0,0,0,0,1,1,1,1,1,1,0,0,0,18528,0,0,0,0,0,0,0,0,0
1.158250,284.47,19.733,11.820,308,384,72.000,71,71,18.000,39.000,55.000,142,227,364,160,166,166,166,166,166,166,1,0,0,3,30,1,28.000,1,1,1,1,75,1,0,0,75,0,0,75,0,0,0,0,1,1,1,1,1,1,0,0,0,18532,0,0,0,0,0,0,0,0,0
1.158500,284.58,19.693,11.820,308,384,72.000,71,71,18.000,39.000,55.000,142,227,364,160,166,166,166,166,166,166,1,0,0,3,30,1,28.000,1,1,1,1,75,1,0,0,75,0,0,75,0,0,0,0,1,1,1,1,1,1,0,0,0,18536,0,0,0,0,0,0,0,0,0
1.158750,284.69,19.652,11.770,307,383,72.000,71,71,18.000,39.000,55.000,141,227,363,160,165,165,165,165,165,165,1,0,0,3,30,1,28.000,1,1,1,1,75,1,0,0,75,0,0,75,0,0,0,0,1,1,1,1,1,1,0,0,0,18540,0,0,0,0,0,0,0,0,0
1.159000,284.80,19.612,11.770,307,383,72.000,71,71,18.000,39.000,55.000,141,227,363,160,165,165,165,165,165,165,1,0,0,3,30,1,28.000,1,1,1,1,75,1,0,0,75,0,0,75,0,0,0,0,1,1,1,1,1,1,0,0,0,18544,0,0,0,0,0,0,0,0,0
1.159250,284.90,19.572,11.770,306,383,72.000,71,71,18.000,39.000,55.000,141,227,363,160,165,165,165,165,165,165,1,0,0,3,30,1,28.000,1,1,1,1,75,1,0,0,75,0,0,75,0,0,0,0,1,1,1,1,1,1,0,0,0,18548,0,0,0,0,0,0,0,0,0
1.159500,285.01,19.532,11.710,306,383,72.000,71,71,18.000,39.000,55.000,140,227,363,160,165,165,165,165,165,165,1,0,0,3,30,1,28.000,1,1,0,0,76,1,0,0,76,0,0,76,0,0,0,0,1,1,1,1,1,1,0,0,0,18552,0,0,0,0,0,0,0,0,0
1.159750,285.12,19.492,11.710,305,383,72.000,71,71,18.000,39.000,55.000,140,227,363,160,165,165,165,165,165,165,1,0,0,3,30,1,28.000,1,1,0,0,76,1,0,0,76,0,0,76,0,0,0,0,1,1,1,1,1,1,0,0,0,18556,0,0,0,0,0,0,0,0,0
1.160000,285.23,19.452,11.660,305,383,72.000,71,71,18.000,39.000,55.000,140,227,363,160,165,165,165,165,165,165,1,0,0,3,30,1,28.000,1,1,0,0,76,1,0,0,76,0,0,76,0,0,0,0,1,1,1,1,1,1,0,0,0,18560,0,0,0,0,0,0,0,0,0
1.160250,285.34,19.412,11.660,304,383,72.000,71,71,18.000,39.000,55.000,140,227,363,160,165,165,165,165,165,165,1,0,0,3,30,1,28.000,1,1,0,0,76,1,0,0,76,0,0,76,0,0,0,0,1,1,1,1,1,1,0,0,0,18564,0,0,0,0,0,0,0,0,0
1.160500,285.44,19.373,11.600,304,383,72.000,71,71,18.000,39.000,55.000,139,227,363,160,165,165,165,165,165,165,1,0,0,3,30,1,28.000,1,1,0,0,76,1,0,0,76,0,0,76,0,0,0,0,1,1,1,1,1,1,0,0,0,18568,0,0,0,0,0,0,0,0,0
1.160750,285.55,19.333,11.600,303,383,72.000,71,71,18.000,39.000,55.000,139,227,363,160,165,165,165,165,165,165,1,0,0,3,30,1,28.000,1,1,0,0,76,1,0,0,76,0,0,76,0,0,0,0,1,1,1,1,1,1,0,0,0,18572,0,0,0,0,0,0,0,0,0
1.161000,285.66,19.293,11.550,303,383,72.000,71,71,18.000,39.000,55.000,138,227,363,160,165,165,165,165,165,165,1,0,0,3,30,1,28.000,1,1,0,0,76,1,0,0,76,0,0,76,0,0,0,0,1,1,1,1,1,1,0,0,0,18576,0,0,0,0,0,0,0,0,0
1.161250,285.77,19.254,11.550,302,383,72.000,71,71,18.000,39.000,55.000,138,227,363,160,165,165,165,165,165,165,1,0,0,3,30,1,28.000,1,1,0,0,76,1,0,0,76,0,0,76,0,0,0,0,1,1,1,1,1,1,0,0,0,18580,0,0,0,0,0,0,0,0,0
1.161500,285.88,19.215,11.550,302,383,72.000,71,71,18.000,39.000,55.000,138,227,363,160,165,165,165,165,165,165,1,0,0,3,30,1,28.000,1,1,0,0,76,1,0,0,76,0,0,76,0,0,0,0,1,1,1,1,1,1,0,0,0,18584,0,0,0,0,0,0,0,0,0
1.161750,285.98,19.176,11.490,302,383,72.000,71,71,18.000,39.000,55.000,138,227,363,160,165,165,165,165,165,165,1,0,0,3,30,1,28.000,1,1,0,0,76,1,0,0,76,0,0,76,0,0,0,0,1,1,1,1,1,1,0,0,0,18588,0,0,0,0,0,0,0,0,0
1.162000,286.09,19.137,11.490,301,382,72.000,71,71,18.000,39.000,55.000,138,226,362,160,165,165,165,165,165,165,1,0,0,3,30,1,28.000,1,1,0,0,76,1,0,0,76,0,0,76,0,0,0,0,1,1,1,1,1,1,0,0,0,18592,0,0,0,0,0,0,0,0,0
1.162250,286.20,19.098,11.440,301,382,72.000,71,71,18.000,39.000,55.000,137,226,362,160,165,165,165,165,165,165,1,0,0,3,30,1,28.000,1,1,0,0,76,1,0,0,76,0,0,76,0,0,0,0,1,1,1,1,1,1,0,0,0,18596,0,0,0,0,0,0,0,0,0
1.162500,286.31,19.059,11.440,300,382,72.000,71,71,18.000,39.000,55.000,137,226,362,160,165,165,165,165,165,165,1,0,0,3,30,1,28.000,1,1,0,0,76,1,0,0,76,0,0,76,0,0,0,0,1,1,1,1,1,1,0,0,0,18600,0,0,0,0,0,0,0,0,0
1.162750,286.42,19.020,11.380,300,382,72.000,71,71,18.000,39.000,55.000,136,226,362,160,165,165,165,165,165,165,1,0,0,3,30,1,28.000,1,1,0,0,76,1,0,0,76,0,0,76,0,0,0,0,1,1,1,1,1,1,0,0,0,18604,0,0,0,0,0,0,0,0,0
1.163000,286.52,18.981,11.380,299,382,72.000,71,71,18.000,39.000,55.000,136,226,362,160,165,165,165,165,165,165,1,0,0,3,30,1,28.000,1,1,0,0,76,1,0,0,76,0,0,76,0,0,0,0,1,1,1,1,1,1,0,0,0,18608,0,0,0,0,0,0,0,0,0
1.163250,286.63,18.943,11.380,299,382,72.000,71,71,18.000,39.000,55.000,136,226,362,160,165,165,165,165,165,165,1,0,0,3,30,1,28.000,1,1,0,0,76,1,0,0,76,0,0,76,0,0,0,0,1,1,1,1,1,1,0,0,0,18612,0,0,0,0,0,0,0,0,0
1.163500,286.74,18.904,11.330,298,382,72.000,71,71,18.000,39.000,55.000,136,226,362,160,165,165,165,165,165,165,1,0,0,3,30,1,28.000,1,1,0,0,76,1,0,0,76,0,0,76,0,0,0,0,1,1,1,1,1,1,0,0,0,18616,0,0,0,0,0,0,0,0,0
1.163750,286.85,18.866,11.330,298,382,72.000,71,71,18.000,39.000,55.000,136,226,362,160,165,165,165,165,165,165,1,0,0,3,30,1,28.000,1,1,0,0,76,1,0,0,76,0,0,76,0,0,0,0,1,1,1,1,1,1,0,0,0,18620,0,0,0,0,0,0,0,0,0
1.164000,286.96,18.828,11.280,297,382,72.000,71,71,18.000,39.000,55.000,135,226,362,160,165,165,165,165,165,165,1,0,0,3,30,1,28.000,1,1,0,0,76,1,0,0,76,0,0,76,0,0,0,0,1,1,1,1,1,1,0,0,0,18624,0,0,0,0,0,0,0,0,0
1.164250,287.06,18.789,11.280,297,382,72.000,71,71,18.000,39.000,55.000,135,226,362,160,165,165,165,165,165,165,1,0,0,3,30,1,28.000,1,1,0,0,76,1,0,0,76,0,0,76,0,0,0,0,1,1,1,1,1,1,0,0,0,18628,0,0,0,0,0,0,0,0,0
1.164500,287.17,18.751,11.280,296,382,72.000,71,71,18.000,39.000,55.000,135,226,362,160,165,165,165,165,165,165,1,0,0,3,30,1,28.000,1,1,0,0,76,1,0,0,76,0,0,76,0,0,0,0,1,1,1,1,1,1,0,0,0,18632,0,0,0,0,0,0,0,0,0
1.164750,287.28,18.714,11.220,296,382,72.000,71,71,18.000,39.000,55.000,134,226,362,160,165,165,165,165,165,165,1,0,0,3,30,1,28.000,1,1,0,0,76,1,0,0,76,0,0,76,0,0,0,0,1,1,1,1,1,1,0,0,0,18636,0,0,0,0,0,0,0,0,0
1.165000,287.39,18.676,11.220,296,382,72.000,71,71,18.000,39.000,55.000,134,226,362,160,165,165,165,165,165,165,1,0,0,3,30,1,28.000,1,1,0,0,76,1,0,0,76,0,0,76,0,0,0,0,1,1,1,1,1,1,0,0,0,18640,0,0,0,0,0,0,0,0,0
1.165250,287.50,18.638,11.170,295,381,72.000,71,71,18.000,39.000,55.000,134,225,361,160,164,164,164,164,164,164,1,0,0,3,30,1,28.000,1,1,0,0,76,1,0,0,76,0,0,76,0,0,0,0,1,1,1,1,1,1,0,0,0,18644,0,0,0,0,0,0,0,0,0
1.165500,287.60,18.600,11.170,295,381,72.000,71,71,18.000,39.000,55.000,134,225,361,160,164,164,164,164,164,164,1,0,0,3,30,1,28.000,1,1,0,0,76,1,0,0,76,0,0,76,0,0,0,0,1,1,1,1,1,1,0,0,0,18648,0,0,0,0,0,0,0,0,0
1.165750,287.71,18.563,11.110,294,381,72.000,71,71,18.000,39.000,55.000,133,225,361,160,164,164,164,164,164,164,1,0,0,3,30,1,28.000,1,1,0,0,76,1,0,0,76,0,0,76,0,0,0,0,1,1,1,1,1,1,0,0,0,18652,0,0,0,0,0,0,0,0,0
1.166000,287.82,18.526,11.110,294,381,72.000,71,71,18.000,39.000,55.000,133,225,361,160,164,164,164,164,164,164,1,0,0,3,30,1,28.000,1,1,0,0,76,1,0,0,76,0,0,76,0,0,0,0,1,1,1,1,1,1,0,0,0,18656,0,0,0,0,0,0,0,0,0
1.166250,287.93,18.488,11.110,293,381,72.000,71,71,18.000,39.000,55.000,133,225,361,160,164,164,164,164,164,164,1,0,0,3,30,1,28.000,1,1,0,0,76,1,0,0,76,0,0,76,0,0,0,0,1,1,1,1,1,1,0,0,0,18660,0,0,0,0,0,0,0,0,0
1.166500,288.04,18.451,11.060,293,381,72.000,71,71,18.000,39.000,55.000,133,225,361,160,164,164,164,164,164,164,1,0,0,3,30,1,28.000,1,1,0,0,76,1,0,0,76,0,0,76,0,0,0,0,1,1,1,1,1,1,0,0,0,18664,0,0,0,0,0,0,0,0,0
1.166750,288.14,18.414,11.060,292,381,72.000,71,71,18.000,39.000,55.000,133,225,361,160,164,164,164,164,164,164,1,0,0,3,30,1,28.000,1,1,0,0,76,1,0,0,76,0,0,76,0,0,0,0,1,1,1,1,1,1,0,0,0,18668,0,0,0,0,0,0,0,0,0
1.167000,288.25,18.377,11.000,292,381,72.000,71,71,18.000,39.000,55.000,132,225,361,160,164,164,164,164,164,164,1,0,0,3,30,1,28.000,1,1,0,0,76,1,0,0,76,0,0,76,0,0,0,0,1,1,1,1,1,1,0,0,0,18672,0,0,0,0,0,0,0,0,0
1.167250,288.36,18.340,11.000,291,381,72.000,71,71,18.000,39.000,55.000,132,225,361,160,164,164,164,164,164,164,1,0,0,3,30,1,28.000,1,1,0,0,76,1,0,0,76,0,0,76,0,0,0,0,1,1,1,1,1,1,0,0,0,18676,0,0,0,0,0,0,0,0,0
1.167500,288.47,18.304,11.000,291,381,72.000,71,71,18.000,39.000,55.000,132,225,361,160,164,164,164,164,164,164,1,0,0,3,30,1,28.000,1,1,0,0,76,1,0,0,76,0,0,76,0,0,0,0,1,1,1,1,1,1,0,0,0,18680,0,0,0,0,0,0,0,0,0
1.167750,288.58,18.267,10.950,291,381,72.000,71,71,18.000,39.000,55.000,131,225,361,160,164,164,164,164,164,164,1,0,0,3,30,1,28.000,1,1,0,0,76,1,0,0,76,0,0,76,0,0,0,0,1,1,1,1,1,1,0,0,0,18684,0,0,0,0,0,0,0,0,0
1.168000,288.68,18.231,10.950,290,380,72.000,71,71,18.000,39.000,55.000,131,225,360,160,164,164,164,164,164,164,1,0,0,3,30,1,28.000,1,1,0,0,76,1,0,0,76,0,0,76,0,0,0,0,1,1,1,1,1,1,0,0,0,18688,0,0,0,0,0,0,0,0,0
1.168250,288.79,18.194,10.900,290,380,72.000,71,71,18.000,39.000,55.000,131,225,360,160,164,164,164,164,164,164,1,0,0,3,30,1,28.000,1,1,2,2,77,1,0,0,77,0,0,77,0,0,0,0,1,1,1,1,1,1,0,0,0,18692,0,0,0,0,0,0,0,0,0
1.168500,288.90,18.158,10.900,289,380,72.000,71,71,18.000,39.000,55.000,131,225,360,160,164,164,164,164,164,164,1,0,0,3,30,1,28.000,1,1,2,2,77,1,0,0,77,0,0,77,0,0,0,0,1,1,1,1,1,1,0,0,0,18696,0,0,0,0,0,0,0,0,0
1.168750,289.01,18.122,10.900,289,380,72.000,71,71,18.000,39.000,55.000,131,225,360,160,164,164,164,164,164,164,1,0,0,3,30,1,28.000,1,1,2,2,77,1,0,0,77,0,0,77,0,0,0,0,1,1,1,1,1,1,0,0,0,18700,0,0,0,0,0,0,0,0,0
1.169000,289.12,18.086,10.840,288,380,72.000,71,71,18.000,39.000,55.000,130,225,360,160,164,164,164,164,164,164,1,0,0,3,30,1,28.000,1,1,2,2,77,1,0,0,77,0,0,77,0,0,0,0,1,1,1,1,1,1,0,0,0,18704,0,0,0,0,0,0,0,0,0
1.169250,289.22,18.050,10.840,288,380,72.000,71,71,18.000,39.000,55.000,130,225,360,160,164,164,164,164,164,164,1,0,0,3,30,1,28.000,1,1,2,2,77,1,0,0,77,0,0,77,0,0,0,0,1,1,1,1,1,1,0,0,0,18708,0,0,0,0,0,0,0,0,0
1.169500,289.33,18.014,10.790,287,380,72.000,71,71,18.000,39.000,55.000,129,225,360,160,164,164,164,164,164,164,1,0,0,3,30,1,28.000,1,1,2,2,77,1,0,0,77,0,0,77,0,0,0,0,1,1,1,1,1,1,0,0,0,18712,0,0,0,0,0,0,0,0,0
1.169750,289.44,17.979,10.790,287,380,72.000,71,71,18.000,39.000,55.000,129,225,360,160,164,164,164,164,164,164,1,0,0,3,30,1,28.000,1,1,2,2,77,1,0,0,77,0,0,77,0,0,0,0,1,1,1,1,1,1,0,0,0,18716,0,0,0,0,0,0,0,0,0
1.170000,289.55,17.943,10.790,286,380,72.000,71,71,18.000,39.000,55.000,129,225,360,160,164,164,164,164,164,164,1,0,0,3,30,1,28.000,1,1,2,2,77,1,0,0,77,0,0,77,0,0,0,0,1,1,1,1,1,1,0,0,0,18720,0,0,0,0,0,0,0,0,0
1.170250,289.66,17.908,10.730,286,380,72.000,71,71,18.000,39.000,55.000,129,225,360,160,164,164,164,164,164,164,1,0,0,3,30,1,28.000,1,1,2,2,77,1,0,0,77,0,0,77,0,0,0,0,1,1,1,1,1,1,0,0,0,18724,0,0,0,0,0,0,0,0,0
1.170500,289.76,17.873,10.730,286,380,72.000,71,71,18.000,39.000,55.000,129,225,360,160,164,164,164,164,164,164,1,0,0,3,30,1,28.000,1,1,2,2,77,1,0,0,77,0,0,77,0,0,0,0,1,1,1,1,1,1,0,0,0,18728,0,0,0,0,0,0,0,0,0
1.170750,289.87,17.837,10.680,285,379,72.000,71,71,18.000,39.000,55.000,128,224,359,160,163,163,163,163,163,163,1,0,0,3,30,1,28.000,1,1,2,2,77,1,0,0,77,0,0,77,0,0,0,0,1,1,1,1,1,1,0,0,0,18732,0,0,0,0,0,0,0,0,0
1.171000,289.98,17.802,10.680,285,379,72.000,71,71,18.000,39.000,55.000,128,224,359,160,163,163,163,163,163,163,1,0,0,3,30,1,28.000,1,1,2,2,77,1,0,0,77,0,0,77,0,0,0,0,1,1,1,1,1,1,0,0,0,18736,0,0,0,0,0,0,0,0,0
1.171250,290.09,17.768,10.680,284,379,72.000,71,71,18.000,39.000,55.000,128,224,359,160,163,163,163,163,163,163,1,0,0,3,30,1,28.000,1,1,2,2,77,1,0,0,77,0,0,77,0,0,0,0,1,1,1,1,1,1,0,0,0,18740,0,0,0,0,0,0,0,0,0
1.171500,290.20,17.733,10.620,284,379,72.000,71,71,18.000,39.000,55.000,127,224,359,160,163,163,163,163,163,163,1,0,0,3,30,1,28.000,1,1,2,2,77,1,0,0,77,0,0,77,0,0,0,0,1,1,1,1,1,1,0,0,0,18744,0,0,0,0,0,0,0,0,0
1.171750,290.30,17.698,10.620,283,379,72.000,71,71,18.000,39.000,55.000,127,224,359,160,163,163,163,163,163,163,1,0,0,3,30,1,28.000,1,1,2,2,77,1,0,0,77,0,0,77,0,0,0,0,1,1,1,1,1,1,0,0,0,18748,0,0,0,0,0,0,0,0,0
1.172000,290.41,17.664,10.620,283,379,72.000,71,71,18.000,39.000,55.000,127,224,359,160,163,163,163,163,163,163,1,0,0,3,30,1,28.000,1,1,2,2,77,1,0,0,77,0,0,77,0,0,0,0,1,1,1,1,1,1,0,0,0,18752,0,0,0,0,0,0,0,0,0
1.172250,290.52,17.629,10.570,282,379,72.000,71,71,18.000,39.000,55.000,127,224,359,160,163,163,163,163,163,163,1,0,0,3,30,1,28.000,1,1,2,2,77,1,0,0,77,0,0,77,0,0,0,0,1,1,1,1,1,1,0,0,0,18756,0,0,0,0,0,0,0,0,0
1.172500,290.63,17.595,10.570,282,379,72.000,71,71,18.000,39.000,55.000,127,224,359,160,163,163,163,163,163,163,1,0,0,3,30,1,28.000,1,1,2,2,77,1,0,0,77,0,0,77,0,0,0,0,1,1,1,1,1,1,0,0,0,18760,0,0,0,0,0,0,0,0,0
1.172750,290.74,17.561,10.510,282,379,72.000,71,71,18.000,39.000,55.000,126,224,359,160,163,163,163,163,163,163,1,0,0,3,30,1,28.000,1,1,2,2,77,1,0,0,77,0,0,77,0,0,0,0,1,1,1,1,1,1,0,0,0,18764,0,0,0,0,0,0,0,0,0
1.173000,290.84,17.527,10.510,281,379,72.000,71,71,18.000,39.000,55.000,126,224,359,160,163,163,163,163,163,163,1,0,0,3,30,1,28.000,1,1,2,2,77,1,0,0,77,0,0,77,0,0,0,0,1,1,1,1,1,1,0,0,0,18768,0,0,0,0,0,0,0,0,0
1.173250,290.95,17.493,10.510,281,379,72.000,71,71,18.000,39.000,55.000,126,224,359,160,163,163,163,163,163,163,1,0,0,3,30,1,28.000,1,1,2,2,77,1,0,0,77,0,0,77,0,0,0,0,1,1,1,1,1,1,0,0,0,18772,0,0,0,0,0,0,0,0,0
1.173500,291.06,17.459,10.460,280,378,72.000,71,71,18.000,39.000,55.000,125,223,358,160,163,163,163,163,163,163,1,0,0,3,30,1,28.000,1,1,2,2,77,1,0,0,77,0,0,77,0,0,0,0,1,1,1,1,1,1,0,0,0,18776,0,0,0,0,0,0,0,0,0
1.173750,291.17,17.425,10.460,280,378,72.000,71,71,18.000,39.000,55.000,125,223,358,160,163,163,163,163,163,163,1,0,0,3,30,1,28.000,1,1,2,2,77,1,0,0,77,0,0,77,0,0,0,0,1,1,1,1,1,1,0,0,0,18780,0,0,0,0,0,0,0,0,0
1.174000,291.28,17.392,10.410,279,378,72.000,71,71,18.000,39.000,55.000,125,223,358,160,163,163,163,163,163,163,1,0,0,3,30,1,28.000,1,1,2,2,77,1,0,0,77,0,0,77,0,0,0,0,1,1,1,1,1,1,0,0,0,18784,0,0,0,0,0,0,0,0,0
1.174250,291.38,17.358,10.410,279,378,72.000,71,71,18.000,39.000,55.000,125,223,358,160,163,163,163,163,163,163,1,0,0,3,30,1,28.000,1,1,2,2,77,1,0,0,77,0,0,77,0,0,0,0,1,1,1,1,1,1,0,0,0,18788,0,0,0,0,0,0,0,0,0
1.174500,291.49,17.325,10.410,278,378,72.000,71,71,18.000,39.000,55.000,125,223,358,160,163,163,163,163,163,163,1,0,0,3,30,1,28.000,1,1,2,2,77,1,0,0,77,0,0,77,0,0,0,0,1,1,1,1,1,1,0,0,0,18792,0,0,0,0,0,0,0,0,0
1.174750,291.60,17.292,10.350,278,378,72.000,71,71,18.000,39.000,55.000,124,223,358,160,163,163,163,163,163,163,1,0,0,3,30,1,28.000,1,1,2,2,77,1,0,0,77,0,0,77,0,0,0,0,1,1,1,1,1,1,0,0,0,18796,0,0,0,0,0,0,0,0,0
1.175000,291.71,17.259,10.350,278,378,72.000,71,71,18.000,39.000,55.000,124,223,358,160,163,163,163,163,163,163,1,0,0,3,30,1,28.000,1,1,2,2,77,1,0,0,77,0,0,77,0,0,0,0,1,1,1,1,1,1,0,0,0,18800,0,0,0,0,0,0,0,0,0
1.175250,291.82,17.226,10.350,277,378,72.000,71,71,18.000,39.000,55.000,124,223,358,160,163,163,163,163,163,163,1,0,0,3,30,1,28.000,1,1,2,2,77,1,0,0,77,0,0,77,0,0,0,0,1,1,1,1,1,1,0,0,0,18804,0,0,0,0,0,0,0,0,0
1.175500,291.92,17.193,10.300,277,378,72.000,71,71,18.000,39.000,55.000,123,223,358,160,163,163,163,163,163,163,1,0,0,3,30,1,28.000,1,1,2,2,77,1,0,0,77,0,0,77,0,0,0,0,1,1,1,1,1,1,0,0,0,18808,0,0,0,0,0,0,0,0,0
1.175750,292.03,17.161,10.300,276,378,72.000,71,71,18.000,39.000,55.000,123,223,358,160,163,163,163,163,163,163,1,0,0,3,30,1,28.000,1,1,2,2,77,1,0,0,77,0,0,77,0,0,0,0,1,1,1,1,1,1,0,0,0,18812,0,0,0,0,0,0,0,0,0
1.176000,292.14,17.128,10.300,276,377,72.000,71,71,18.000,39.000,55.000,123,223,357,160,162,162,162,162,162,162,1,0,0,3,30,1,28.000,1,1,2,2,77,1,0,0,77,0,0,77,0,0,0,0,1,1,1,1,1,1,0,0,0,18816,0,0,0,0,0,0,0,0,0
1.176250,292.25,17.096,10.240,275,377,72.000,71,71,18.000,39.000,55.000,123,223,357,160,162,162,162,162,162,162,1,0,0,3,30,1,28.000,1,1,2,2,77,1,0,0,77,0,0,77,0,0,0,0,1,1,1,1,1,1,0,0,0,18820,0,0,0,0,0,0,0,0,0
1.176500,292.36,17.064,10.240,275,377,72.000,71,71,18.000,39.000,55.000,123,223,357,160,162,162,162,162,162,162,1,0,0,3,30,1,28.000,1,1,2,2,77,1,0,0,77,0,0,77,0,0,0,0,1,1,1,1,1,1,0,0,0,18824,0,0,0,0,0,0,0,0,0
1.176750,292.46,17.032,10.240,274,377,72.000,71,71,18.000,39.000,55.000,123,223,357,160,162,162,162,162,162,162,1,0,0,3,30,1,28.000,1,1,2,2,77,1,0,0,77,0,0,77,0,0,0,0,1,1,1,1,1,1,0,0,0,18828,0,0,0,0,0,0,0,0,0
1.177000,292.57,17.000,10.190,274,377,72.000,71,71,18.000,39.000,55.000,122,223,357,160,162,162,162,162,162,162,1,0,0,3,30,1,28.000,1,1,3,3,78,1,0,0,78,0,0,78,0,0,0,0,1,1,1,1,1,1,0,0,0,18832,0,0,0,0,0,0,0,0,0
1.177250,292.68,16.968,10.190,274,377,72.000,71,71,18.000,39.000,55.000,122,223,357,160,162,162,162,162,162,162,1,0,0,3,30,1,28.000,1,1,3,3,78,1,0,0,78,0,0,78,0,0,0,0,1,1,1,1,1,1,0,0,0,18836,0,0,0,0,0,0,0,0,0
1.177500,292.79,16.936,10.130,273,377,72.000,71,71,18.000,39.000,55.000,121,223,357,160,162,162,162,162,162,162,1,0,0,3,30,1,28.000,1,1,3,3,78,1,0,0,78,0,0,78,0,0,0,0,1,1,1,1,1,1,0,0,0,18840,0,0,0,0,0,0,0,0,0
1.177750,292.90,16.905,10.130,273,377,72.000,71,71,18.000,39.000,55.000,121,223,357,160,162,162,162,162,162,162,1,0,0,3,30,1,28.000,1,1,3,3,78,1,0,0,78,0,0,78,0,0,0,0,1,1,1,1,1,1,0,0,0,18844,0,0,0,0,0,0,0,0,0
1.178000,293.00,16.873,10.130,272,377,72.000,71,71,18.000,39.000,55.000,121,223,357,160,162,162,162,162,162,162,1,0,0,3,30,1,28.000,1,1,3,3,78,1,0,0,78,0,0,78,0,0,0,0,1,1,1,1,1,1,0,0,0,18848,0,0,0,0,0,0,0,0,0
1.178250,293.11,16.842,10.080,272,377,72.000,71,71,18.000,39.000,55.000,121,223,357,160,162,162,162,162,162,162,1,0,0,3,30,1,28.000,1,1,3,3,78,1,0,0,78,0,0,78,0,0,0,0,1,1,1,1,1,1,0,0,0,18852,0,0,0,0,0,0,0,0,0
1.178500,293.22,16.811,10.080,271,376,72.000,71,71,18.000,39.000,55.000,121,222,356,160,162,162,162,162,162,162,1,0,0,3,30,1,28.000,1,1,3,3,78,1,0,0,78,0,0,78,0,0,0,0,1,1,1,1,1,1,0,0,0,18856,0,0,0,0,0,0,0,0,0
1.178750,293.33,16.780,10.080,271,376,72.000,71,71,18.000,39.000,55.000,121,222,356,160,162,162,162,162,162,162,1,0,0,3,30,1,28.000,1,1,3,3,78,1,0,0,78,0,0,78,0,0,0,0,1,1,1,1,1,1,0,0,0,18860,0,0,0,0,0,0,0,0,0
1.179000,293.44,16.749,10.030,271,376,72.000,71,71,18.000,39.000,55.000,120,222,356,160,162,162,162,162,162,162,1,0,0,3,30,1,28.000,1,1,3,3,78,1,0,0,78,0,0,78,0,0,0,0,1,1,1,1,1,1,0,0,0,18864,0,0,0,0,0,0,0,0,0
1.179250,293.54,16.718,10.030,270,376,72.000,71,71,18.000,39.000,55.000,120,222,356,160,162,162,162,162,162,162,1,0,0,3,30,1,28.000,1,1,3,3,78,1,0,0,78,0,0,78,0,0,0,0,1,1,1,1,1,1,0,0,0,18868,0,0,0,0,0,0,0,0,0
1.179500,293.65,16.688,10.030,270,376,72.000,71,71,18.000,39.000,55.000,120,222,356,160,162,162,162,162,162,162,1,0,0,3,30,1,28.000,1,1,3,3,78,1,0,0,78,0,0,78,0,0,0,0,1,1,1,1,1,1,0,0,0,18872,0,0,0,0,0,0,0,0,0
1.179750,293.76,16.657,9.970,269,376,72.000,71,71,18.000,39.000,55.000,119,222,356,160,162,162,162,162,162,162,1,0,0,3,30,1,28.000,1,1,3,3,78,1,0,0,78,0,0,78,0,0,0,0,1,1,1,1,1,1,0,0,0,18876,0,0,0,0,0,0,0,0,0
1.180000,293.87,16.627,9.970,269,376,72.000,71,71,18.000,39.000,55.000,119,222,356,160,162,162,162,162,162,162,1,0,0,3,30,1,28.000,1,1,3,3,78,1,0,0,78,0,0,78,0,0,0,0,1,1,1,1,1,1,0,0,0,18880,0,0,0,0,0,0,0,0,0
1.180250,293.98,16.597,9.970,268,376,72.000,71,71,18.000,39.000,55.000,119,222,356,160,162,162,162,162,162,162,1,0,0,3,30,1,28.000,1,1,3,3,78,1,0,0,78,0,0,78,0,0,0,0,1,1,1,1,1,1,0,0,0,18884,0,0,0,0,0,0,0,0,0
1.180500,294.08,16.567,9.920,268,376,72.000,71,71,18.000,39.000,55.000,119,222,356,160,162,162,162,162,162,162,1,0,0,3,30,1,28.000,1,1,3,3,78,1,0,0,78,0,0,78,0,0,0,0,1,1,1,1,1,1,0,0,0,18888,0,0,0,0,0,0,0,0,0
1.180750,294.19,16.537,9.920,268,375,72.000,71,71,18.000,39.000,55.000,119,222,355,160,162,162,162,162,162,162,1,0,0,3,30,1,28.000,1,1,3,3,78,1,0,0,78,0,0,78,0,0,0,0,1,1,1,1,1,1,0,0,0,18892,0,0,0,0,0,0,0,0,0
1.181000,294.30,16.507,9.920,267,375,72.000,71,71,18.000,39.000,55.000,119,222,355,160,162,162,162,162,162,162,1,0,0,3,30,1,28.000,1,1,3,3,78,1,0,0,78,0,0,78,0,0,0,0,1,1,1,1,1,1,0,0,0,18896,0,0,0,0,0,0,0,0,0
1.181250,294.41,16.477,9.860,267,375,72.000,71,71,18.000,39.000,55.000,118,222,355,160,162,162,162,162,162,162,1,0,0,3,30,1,28.000,1,1,3,3,78,1,0,0,78,0,0,78,0,0,0,0,1,1,1,1,1,1,0,0,0,18900,0,0,0,0,0,0,0,0,0
1.181500,294.52,16.448,9.860,266,375,72.000,71,71,18.000,39.000,55.000,118,222,355,160,162,162,162,162,162,162,1,0,0,3,30,1,28.000,1,1,3,3,78,1,0,0,78,0,0,78,0,0,0,0,1,1,1,1,1,1,0,0,0,18904,0,0,0,0,0,0,0,0,0
1.181750,294.62,16.419,9.860,266,375,72.000,71,71,18.000,39.000,55.000,118,222,355,160,162,162,162,162,162,162,1,0,0,3,30,1,28.000,1,1,3,3,78,1,0,0,78,0,0,78,0,0,0,0,1,1,1,1,1,1,0,0,0,18908,0,0,0,0,0,0,0,0,0
1.182000,294.73,16.389,9.810,265,375,72.000,71,71,18.000,39.000,55.000,117,222,355,160,162,162,162,162,162,162,1,0,0,3,30,1,28.000,1,1,3,3,78,1,0,0,78,0,0,78,0,0,0,0,1,1,1,1,1,1,0,0,0,18912,0,0,0,0,0,0,0,0,0
1.182250,294.84,16.360,9.810,265,375,72.000,71,71,18.000,39.000,55.000,117,222,355,160,162,162,162,162,162,162,1,0,0,3,30,1,28.000,1,1,3,3,78,1,0,0,78,0,0,78,0,0,0,0,1,1,1,1,1,1,0,0,0,18916,0,0,0,0,0,0,0,0,0
1.182500,294.95,16.332,9.810,265,375,72.000,71,71,18.000,39.000,55.000,117,222,355,160,162,162,162,162,162,162,1,0,0,3,30,1,28.000,1,1,3,3,78,1,0,0,78,0,0,78,0,0,0,0,1,1,1,1,1,1,0,0,0,18920,0,0,0,0,0,0,0,0,0
1.182750,295.06,16.303,9.750,264,375,72.000,71,71,18.000,39.000,55.000,117,222,355,160,162,162,162,162,162,162,1,0,0,3,30,1,28.000,1,1,3,3,78,1,0,0,78,0,0,78,0,0,0,0,1,1,1,1,1,1,0,0,0,18924,0,0,0,0,0,0,0,0,0
1.183000,295.16,16.274,9.750,264,375,72.000,71,71,18.000,39.000,55.000,117,222,355,160,162,162,162,162,162,162,1,0,0,3,30,1,28.000,1,1,3,3,78,1,0,0,78,0,0,78,0,0,0,0,1,1,1,1,1,1,0,0,0,18928,0,0,0,0,0,0,0,0,0
1.183250,295.27,16.246,9.750,263,374,72.000,71,71,18.000,39.000,55.000,117,221,354,160,161,161,161,161,161,161,1,0,0,3,30,1,28.000,1,1,3,3,78,1,0,0,78,0,0,78,0,0,0,0,1,1,1,1,1,1,0,0,0,18932,0,0,0,0,0,0,0,0,0
1.183500,295.38,16.217,9.750,263,374,72.000,71,71,18.000,39.000,55.000,117,221,354,160,161,161,161,161,161,161,1,0,0,3,30,1,28.000,1,1,3,3,78,1,0,0,78,0,0,78,0,0,0,0,1,1,1,1,1,1,0,0,0,18936,0,0,0,0,0,0,0,0,0
1.183750,295.49,16.189,9.700,263,374,72.000,71,71,18.000,39.000,55.000,116,221,354,160,161,161,161,161,161,161,1,0,0,3,30,1,28.000,1,1,3,3,78,1,0,0,78,0,0,78,0,0,0,0,1,1,1,1,1,1,0,0,0,18940,0,0,0,0,0,0,0,0,0
1.184000,295.60,16.161,9.700,262,374,72.000,71,71,18.000,39.000,55.000,116,221,354,160,161,161,161,161,161,161,1,0,0,3,30,1,28.000,1,1,3,3,78,1,0,0,78,0,0,78,0,0,0,0,1,1,1,1,1,1,0,0,0,18944,0,0,0,0,0,0,0,0,0
1.184250,295.70,16.133,9.700,262,374,72.000,71,71,18.000,39.000,55.000,116,221,354,160,161,161,161,161,161,161,1,0,0,3,30,1,28.000,1,1,3,3,78,1,0,0,78,0,0,78,0,0,0,0,1,1,1,1,1,1,0,0,0,18948,0,0,0,0,0,0,0,0,0
1.184500,295.81,16.106,9.640,261,374,72.000,71,71,18.000,39.000,55.000,115,221,354,160,161,161,161,161,161,161,1,0,0,3,30,1,28.000,1,1,3,3,78,1,0,0,78,0,0,78,0,0,0,0,1,1,1,1,1,1,0,0,0,18952,0,0,0,0,0,0,0,0,0
1.184750,295.92,16.078,9.640,261,374,72.000,71,71,18.000,39.000,55.000,115,221,354,160,161,161,161,161,161,161,1,0,0,3,30,1,28.000,1,1,3,3,78,1,0,0,78,0,0,78,0,0,0,0,1,1,1,1,1,1,0,0,0,18956,0,0,0,0,0,0,0,0,0
1.185000,296.03,16.051,9.640,260,374,72.000,71,71,18.000,39.000,55.000,115,221,354,160,161,161,161,161,161,161,1,0,0,3,30,1,28.000,1,1,3,3,78,1,0,0,78,0,0,78,0,0,0,0,1,1,1,1,1,1,0,0,0,18960,0,0,0,0,0,0,0,0,0
1.185250,296.14,16.023,9.590,260,374,72.000,71,71,18.000,39.000,55.000,115,221,354,160,161,161,161,161,161,161,1,0,0,3,30,1,28.000,1,1,3,3,78,1,0,0,78,0,0,78,0,0,0,0,1,1,1,1,1,1,0,0,0,18964,0,0,0,0,0,0,0,0,0
1.185500,296.24,15.996,9.590,260,373,72.000,71,71,18.000,39.000,55.000,115,220,353,160,161,161,161,161,161,161,1,0,0,3,30,1,28.000,1,1,3,3,78,1,0,0,78,0,0,78,0,0,0,0,1,1,1,1,1,1,0,0,0,18968,0,0,0,0,0,0,0,0,0
1.185750,296.35,15.969,9.590,259,373,72.000,71,71,18.000,39.000,55.000,115,220,353,160,161,161,161,161,161,161,1,0,0,3,30,1,28.000,1,1,1,1,79,1,0,0,79,0,0,79,0,0,0,0,1,1,1,1,1,1,0,0,0,18972,0,0,0,0,0,0,0,0,0
1.186000,296.46,15.942,9.540,259,373,72.000,71,71,18.000,39.000,55.000,114,220,353,160,161,161,161,161,161,161,1,0,0,3,30,1,28.000,1,1,1,1,79,1,0,0,79,0,0,79,0,0,0,0,1,1,1,1,1,1,0,0,0,18976,0,0,0,0,0,0,0,0,0
1.186250,296.57,15.916,9.540,258,373,72.000,71,71,18.000,39.000,55.000,114,220,353,160,161,161,161,161,161,161,1,0,0,3,30,1,28.000,1,1,1,1,79,1,0,0,79,0,0,79,0,0,0,0,1,1,1,1,1,1,0,0,0,18980,0,0,0,0,0,0,0,0,0
1.186500,296.68,15.889,9.540,258,373,72.000,71,71,18.000,39.000,55.000,114,220,353,160,161,161,161,161,161,161,1,0,0,3,30,1,28.000,1,1,1,1,79,1,0,0,79,0,0,79,0,0,0,0,1,1,1,1,1,1,0,0,0,18984,0,0,0,0,0,0,0,0,0
1.186750,296.78,15.863,9.540,258,373,72.000,71,71,18.000,39.000,55.000,114,220,353,160,161,161,161,161,161,161,1,0,0,3,30,1,28.000,1,1,1,1,79,1,0,0,79,0,0,79,0,0,0,0,1,1,1,1,1,1,0,0,0,18988,0,0,0,0,0,0,0,0,0
1.187000,296.89,15.837,9.480,257,373,72.000,71,71,18.000,39.000,55.000,114,220,353,160,161,161,161,161,161,161,1,0,0,3,30,1,28.000,1,1,1,1,79,1,0,0,79,0,0,79,0,0,0,0,1,1,1,1,1,1,0,0,0,18992,0,0,0,0,0,0,0,0,0
1.187250,297.00,15.811,9.480,257,373,72.000,71,71,18.000,39.000,55.000,114,220,353,160,161,161,161,161,161,161,1,0,0,3,30,1,28.000,1,1,1,1,79,1,0,0,79,0,0,79,0,0,0,0,1,1,1,1,1,1,0,0,0,18996,0,0,0,0,0,0,0,0,0
1.187500,297.11,15.785,9.480,256,373,72.000,71,71,18.000,39.000,55.000,114,220,353,160,161,161,161,161,161,161,1,0,0,3,30,1,28.000,1,1,1,1,79,1,0,0,79,0,0,79,0,0,0,0,1,1,1,1,1,1,0,0,0,19000,0,0,0,0,0,0,0,0,0
1.187750,297.22,15.759,9.430,256,372,72.000,71,71,18.000,39.000,55.000,113,219,351,160,160,160,160,160,160,160,1,0,0,3,30,1,28.000,1,1,1,1,79,1,0,0,79,0,0,79,0,0,0,0,1,1,1,1,1,1,0,0,0,19004,0,0,0,0,0,0,0,0,0
1.188000,297.32,15.733,9.430,256,372,72.000,71,71,18.000,39.000,55.000,113,219,351,160,160,160,160,160,160,160,1,0,0,3,30,1,28.000,1,1,1,1,79,1,0,0,79,0,0,79,0,0,0,0,1,1,1,1,1,1,0,0,0,19008,0,0,0,0,0,0,0,0,0
1.188250,297.43,15.708,9.430,255,372,72.000,71,71,18.000,39.000,55.000,113,219,351,160,160,160,160,160,160,160,1,0,0,3,30,1,28.000,1,1,1,1,79,1,0,0,79,0,0,79,0,0,0,0,1,1,1,1,1,1,0,0,0,19012,0,0,0,0,0,0,0,0,0
1.188500,297.54,15.682,9.430,255,372,72.000,71,71,18.000,39.000,55.000,113,219,351,160,160,160,160,160,160,160,1,0,0,3,30,1,28.000,1,1,1,1,79,1,0,0,79,0,0,79,0,0,0,0,1,1,1,1,1,1,0,0,0,19016,0,0,0,0,0,0,0,0,0
1.188750,297.65,15.657,9.370,254,372,72.000,71,71,18.000,39.000,55.000,112,219,351,160,160,160,160,160,160,160,1,0,0,3,30,1,28.000,1,1,1,1,79,1,0,0,79,0,0,79,0,0,0,0,1,1,1,1,1,1,0,0,0,19020,0,0,0,0,0,0,0,0,0
1.189000,297.76,15.632,9.370,254,372,72.000,71,71,18.000,39.000,55.000,112,219,351,160,160,160,160,160,160,160,1,0,0,3,30,1,28.000,1,1,1,1,79,1,0,0,79,0,0,79,0,0,0,0,1,1,1,1,1,1,0,0,0,19024,0,0,0,0,0,0,0,0,0
1.189250,297.86,15.607,9.370,254,372,72.000,71,71,18.000,39.000,55.000,112,219,351,160,160,160,160,160,160,160,1,0,0,3,30,1,28.000,1,1,1,1,79,1,0,0,79,0,0,79,0,0,0,0,1,1,1,1,1,1,0,0,0,19028,0,0,0,0,0,0,0,0,0
1.189500,297.97,15.583,9.370,253,372,72.000,71,71,18.000,39.000,55.000,112,219,351,160,160,160,160,160,160,160,1,0,0,3,30,1,28.000,1,1,1,1,79,1,0,0,79,0,0,79,0,0,0,0,1,1,1,1,1,1,0,0,0,19032,0,0,0,0,0,0,0,0,0
1.189750,298.08,15.558,9.320,253,371,72.000,71,71,18.000,39.000,55.000,112,219,351,160,160,160,160,160,160,160,1,0,0,3,30,1,28.000,1,1,1,1,79,1,0,0,79,0,0,79,0,0,0,0,1,1,1,1,1,1,0,0,0,19036,0,0,0,0,0,0,0,0,0
1.190000,298.19,15.534,9.320,252,371,72.000,71,71,18.000,39.000,55.000,112,219,351,160,160,160,160,160,160,160,1,0,0,3,30,1,28.000,1,1,1,1,79,1,0,0,79,0,0,79,0,0,0,0,1,1,1,1,1,1,0,0,0,19040,0,0,0,0,0,0,0,0,0
1.190250,298.30,15.510,9.320,252,371,72.000,71,71,18.000,39.000,55.000,112,219,351,160,160,160,160,160,160,160,1,0,0,3,30,1,28.000,1,1,1,1,79,1,0,0,79,0,0,79,0,0,0,0,1,1,1,1,1,1,0,0,0,19044,0,0,0,0,0,0,0,0,0
1.190500,298.40,15.485,9.260,252,371,72.000,71,71,18.000,39.000,55.000,111,219,351,160,160,160,160,160,160,160,1,0,0,3,30,1,28.000,1,1,1,1,79,1,0,0,79,0,0,79,0,0,0,0,1,1,1,1,1,1,0,0,0,19048,0,0,0,0,0,0,0,0,0
1.190750,298.51,15.462,9.260,251,371,72.000,71,71,18.000,39.000,55.000,111,219,351,160,160,160,160,160,160,160,1,0,0,3,30,1,28.000,1,1,1,1,79,1,0,0,79,0,0,79,0,0,0,0,1,1,1,1,1,1,0,0,0,19052,0,0,0,0,0,0,0,0,0
1.191000,298.62,15.438,9.260,251,371,72.000,71,71,18.000,39.000,55.000,111,219,351,160,160,160,160,160,160,160,1,0,0,3,30,1,28.000,1,1,1,1,79,1,0,0,79,0,0,79,0,0,0,0,1,1,1,1,1,1,0,0,0,19056,0,0,0,0,0,0,0,0,0
1.191250,298.73,15.414,9.260,250,371,72.000,71,71,18.000,39.000,55.000,111,219,351,160,160,160,160,160,160,160,1,0,0,3,30,1,28.000,1,1,1,1,79,1,0,0,79,0,0,79,0,0,0,0,1,1,1,1,1,1,0,0,0,19060,0,0,0,0,0,0,0,0,0
1.191500,298.84,15.391,9.210,250,371,72.000,71,71,18.000,39.000,55.000,110,219,351,160,160,160,160,160,160,160,1,0,0,3,30,1,28.000,1,1,1,1,79,1,0,0,79,0,0,79,0,0,0,0,1,1,1,1,1,1,0,0,0,19064,0,0,0,0,0,0,0,0,0
1.191750,298.94,15.367,9.210,250,371,72.000,71,71,18.000,39.000,55.000,110,219,351,160,160,160,160,160,160,160,1,0,0,3,30,1,28.000,1,1,1,1,79,1,0,0,79,0,0,79,0,0,0,0,1,1,1,1,1,1,0,0,0,19068,0,0,0,0,0,0,0,0,0
1.192000,299.05,15.344,9.210,249,370,72.000,71,71,18.000,39.000,55.000,110,218,349,160,159,159,159,159,159,159,1,0,0,3,30,1,28.000,1,1,1,1,79,1,0,0,79,0,0,79,0,0,0,0,1,1,1,1,1,1,0,0,0,19072,0,0,0,0,0,0,0,0,0
1.192250,299.16,15.321,9.210,249,370,72.000,71,71,18.000,39.000,55.000,110,218,349,160,159,159,159,159,159,159,1,0,0,3,30,1,28.000,1,1,1,1,79,1,0,0,79,0,0,79,0,0,0,0,1,1,1,1,1,1,0,0,0,19076,0,0,0,0,0,0,0,0,0
1.192500,299.27,15.299,9.150,248,370,72.000,71,71,18.000,39.000,55.000,110,218,349,160,159,159,159,159,159,159,1,0,0,3,30,1,28.000,1,1,1,1,79,1,0,0,79,0,0,79,0,0,0,0,1,1,1,1,1,1,0,0,0,19080,0,0,0,0,0,0,0,0,0
1.192750,299.38,15.276,9.150,248,370,72.000,71,71,18.000,39.000,55.000,110,218,349,160,159,159,159,159,159,159,1,0,0,3,30,1,28.000,1,1,1,1,79,1,0,0,79,0,0,79,0,0,0,0,1,1,1,1,1,1,0,0,0,19084,0,0,0,0,0,0,0,0,0
1.193000,299.48,15.253,9.150,248,370,72.000,71,71,18.000,39.000,55.000,110,218,349,160,159,159,159,159,159,159,1,0,0,3,30,1,28.000,1,1,1,1,79,1,0,0,79,0,0,79,0,0,0,0,1,1,1,1,1,1,0,0,0,19088,0,0,0,0,0,0,0,0,0
1.193250,299.59,15.231,9.150,247,370,72.000,71,71,18.000,39.000,55.000,110,218,349,160,159,159,159,159,159,159,1,0,0,3,30,1,28.000,1,1,1,1,79,1,0,0,79,0,0,79,0,0,0,0,1,1,1,1,1,1,0,0,0,19092,0,0,0,0,0,0,0,0,0
1.193500,299.70,15.209,9.100,247,370,72.000,71,71,18.000,39.000,55.000,109,218,349,160,159,159,159,159,159,159,1,0,0,3,30,1,28.000,1,1,1,1,79,1,0,0,79,0,0,79,0,0,0,0,1,1,1,1,1,1,0,0,0,19096,0,0,0,0,0,0,0,0,0
1.193750,299.81,15.187,9.100,247,370,72.000,71,71,18.000,39.000,55.000,109,218,349,160,159,159,159,159,159,159,1,0,0,3,30,1,28.000,1,1,1,1,79,1,0,0,79,0,0,79,0,0,0,0,1,1,1,1,1,1,0,0,0,19100,0,0,0,0,0,0,0,0,0
1.194000,299.92,15.165,9.100,246,369,72.000,71,71,18.000,39.000,55.000,109,218,348,160,159,159,159,159,159,159,1,0,0,3,30,1,28.000,1,1,1,1,79,1,0,0,79,0,0,79,0,0,0,0,1,1,1,1,1,1,0,0,0,19104,0,0,0,0,0,0,0,0,0
1.194250,300.02,15.143,9.100,246,369,72.000,71,71,18.000,39.000,55.000,109,218,348,160,159,159,159,159,159,159,1,0,0,3,30,1,28.000,1,1,0,0,80,1,0,0,80,0,0,80,0,0,0,0,1,1,1,1,1,1,0,0,0,19108,0,0,0,0,0,0,0,0,0
1.194500,300.13,15.122,9.050,245,369,72.000,71,71,18.000,39.000,55.000,108,218,348,160,159,159,159,159,159,159,1,0,0,3,30,1,28.000,1,1,0,0,80,1,0,0,80,0,0,80,0,0,0,0,1,1,1,1,1,1,0,0,0,19112,0,0,0,0,0,0,0,0,0
1.194750,300.24,15.100,9.050,245,369,72.000,71,71,18.000,39.000,55.000,108,218,348,160,159,159,159,159,159,159,1,0,0,3,30,1,28.000,1,1,0,0,80,1,0,0,80,0,0,80,0,0,0,0,1,1,1,1,1,1,0,0,0,19116,0,0,0,0,0,0,0,0,0
1.195000,300.35,15.079,9.050,245,369,72.000,71,71,18.000,39.000,55.000,108,218,348,160,159,159,159,159,159,159,1,0,0,3,30,1,28.000,1,1,0,0,80,1,0,0,80,0,0,80,0,0,0,0,1,1,1,1,1,1,0,0,0,19120,0,0,0,0,0,0,0,0,0
1.195250,300.46,15.058,9.050,244,369,72.000,71,71,18.000,39.000,55.000,108,218,348,160,159,159,159,159,159,159,1,0,0,3,30,1,28.000,1,1,0,0,80,1,0,0,80,0,0,80,0,0,0,0,1,1,1,1,1,1,0,0,0,19124,0,0,0,0,0,0,0,0,0
1.195500,300.56,15.037,9.050,244,369,72.000,71,71,18.000,39.000,55.000,108,218,348,160,159,159,159,159,159,159,1,0,0,3,30,1,28.000,1,1,0,0,80,1,0,0,80,0,0,80,0,0,0,0,1,1,1,1,1,1,0,0,0,19128,0,0,0,0,0,0,0,0,0
1.195750,300.67,15.017,8.990,243,369,72.000,71,71,18.000,39.000,55.000,108,218,348,160,159,159,159,159,159,159,1,0,0,3,30,1,28.000,1,1,0,0,80,1,0,0,80,0,0,80,0,0,0,0,1,1,1,1,1,1,0,0,0,19132,0,0,0,0,0,0,0,0,0
1.196000,300.78,14.996,8.990,243,368,72.000,71,71,18.000,39.000,55.000,108,217,347,160,158,158,158,158,158,158,1,0,0,3,30,1,28.000,1,1,0,0,80,1,0,0,80,0,0,80,0,0,0,0,1,1,1,1,1,1,0,0,0,19136,0,0,0,0,0,0,0,0,0
1.196250,300.89,14.976,8.990,243,368,72.000,71,71,18.000,39.000,55.000,108,217,347,160,158,158,158,158,158,158,1,0,0,3,30,1,28.000,1,1,0,0,80,1,0,0,80,0,0,80,0,0,0,0,1,1,1,1,1,1,0,0,0,19140,0,0,0,0,0,0,0,0,0
1.196500,301.00,14.956,8.990,242,368,72.000,71,71,18.000,39.000,55.000,108,217,347,160,158,158,158,158,158,158,1,0,0,3,30,1,28.000,1,1,0,0,80,1,0,0,80,0,0,80,0,0,0,0,1,1,1,1,1,1,0,0,0,19144,0,0,0,0,0,0,0,0,0
1.196750,301.10,14.936,8.940,242,368,72.000,71,71,18.000,39.000,55.000,107,217,347,160,158,158,158,158,158,158,1,0,0,3,30,1,28.000,1,1,0,0,80,1,0,0,80,0,0,80,0,0,0,0,1,1,1,1,1,1,0,0,0,19148,0,0,0,0,0,0,0,0,0
1.197000,301.21,14.916,8.940,242,368,72.000,71,71,18.000,39.000,55.000,107,217,347,160,158,158,158,158,158,158,1,0,0,3,30,1,28.000,1,1,0,0,80,1,0,0,80,0,0,80,0,0,0,0,1,1,1,1,1,1,0,0,0,19152,0,0,0,0,0,0,0,0,0
1.197250,301.32,14.896,8.940,241,368,72.000,71,71,18.000,39.000,55.000,107,217,347,160,158,158,158,158,158,158,1,0,0,3,30,1,28.000,1,1,0,0,80,1,0,0,80,0,0,80,0,0,0,0,1,1,1,1,1,1,0,0,0,19156,0,0,0,0,0,0,0,0,0
1.197500,301.43,14.876,8.940,241,368,72.000,71,71,18.000,39.000,55.000,107,217,347,160,158,158,158,158,158,158,1,0,0,3,30,1,28.000,1,1,0,0,80,1,0,0,80,0,0,80,0,0,0,0,1,1,1,1,1,1,0,0,0,19160,0,0,0,0,0,0,0,0,0
1.197750,301.54,14.857,8.880,241,368,72.000,71,71,18.000,39.000,55.000,106,217,347,160,158,158,158,158,158,158,1,0,0,3,30,1,28.000,1,1,0,0,80,1,0,0,80,0,0,80,0,0,0,0,1,1,1,1,1,1,0,0,0,19164,0,0,0,0,0,0,0,0,0
1.198000,301.64,14.838,8.880,240,367,72.000,71,71,18.000,39.000,55.000,106,216,346,160,158,158,158,158,158,158,1,0,0,3,30,1,28.000,1,1,0,0,80,1,0,0,80,0,0,80,0,0,0,0,1,1,1,1,1,1,0,0,0,19168,0,0,0,0,0,0,0,0,0
1.198250,301.75,14.819,8.880,240,367,72.000,71,71,18.000,39.000,55.000,106,216,346,160,158,158,158,158,158,158,1,0,0,3,30,1,28.000,1,1,0,0,80,1,0,0,80,0,0,80,0,0,0,0,1,1,1,1,1,1,0,0,0,19172,0,0,0,0,0,0,0,0,0
1.198500,301.86,14.800,8.880,239,367,72.000,71,71,18.000,39.000,55.000,106,216,346,160,158,158,158,158,158,158,1,0,0,3,30,1,28.000,1,1,0,0,80,1,0,0,80,0,0,80,0,0,0,0,1,1,1,1,1,1,0,0,0,19176,0,0,0,0,0,0,0,0,0
1.198750,301.97,14.781,8.880,239,367,72.000,71,71,18.000,39.000,55.000,106,216,346,160,158,158,158,158,158,158,1,0,0,3,30,1,28.000,1,1,0,0,80,1,0,0,80,0,0,80,0,0,0,0,1,1,1,1,1,1,0,0,0,19180,0,0,0,0,0,0,0,0,0
1.199000,302.08,14.763,8.880,239,367,72.000,71,71,18.000,39.000,55.000,106,216,346,160,158,158,158,158,158,158,1,0,0,3,30,1,28.000,1,1,0,0,80,1,0,0,80,0,0,80,0,0,0,0,1,1,1,1,1,1,0,0,0,19184,0,0,0,0,0,0,0,0,0
1.199250,302.18,14.744,8.830,238,367,72.000,71,71,18.000,39.000,55.000,106,216,346,160,158,158,158,158,158,158,1,0,0,3,30,1,28.000,1,1,0,0,80,1,0,0,80,0,0,80,0,0,0,0,1,1,1,1,1,1,0,0,0,19188,0,0,0,0,0,0,0,0,0
1.199500,302.29,14.726,8.830,238,367,72.000,71,71,18.000,39.000,55.000,106,216,346,160,158,158,158,158,158,158,1,0,0,3,30,1,28.000,1,1,0,0,80,1,0,0,80,0,0,80,0,0,0,0,1,1,1,1,1,1,0,0,0,19192,0,0,0,0,0,0,0,0,0
1.199750,302.40,14.708,8.830,238,367,72.000,71,71,18.000,39.000,55.000,106,216,346,160,158,158,158,158,158,158,1,0,0,3,30,1,28.000,1,1,0,0,80,1,0,0,80,0,0,80,0,0,0,0,1,1,1,1,1,1,0,0,0,19196,0,0,0,0,0,0,0,0,0
1.200000,302.51,14.690,8.830,237,366,72.000,71,71,18.000,39.000,55.000,106,216,345,160,157,157,0,0,0,158,2,20,0,3,30,1,28.000,1,1,1,0,80,1,2,1,1,0,0,81,1,0,0,0,1,1,1,1,1,1,0,1,0,19200,0,0,0,0,0,0,0,0,1
1.200250,302.62,14.672,8.770,237,366,72.000,71,71,18.000,39.000,55.000,105,216,345,160,157,157,0,0,0,158,2,20,0,3,30,1,28.000,1,1,1,0,80,1,2,1,1,0,0,81,1,0,1,0,1,1,1,1,1,1,0,1,0,19204,0,0,0,0,0,0,0,0,2
1.200500,302.72,14.655,8.770,237,366,72.000,71,71,18.000,39.000,55.000,105,216,345,160,157,157,0,0,0,157,2,20,0,3,30,1,28.000,1,1,1,0,80,1,2,1,1,0,0,81,1,0,2,0,1,1,1,1,1,1,0,1,0,19208,0,0,0,0,0,0,0,0,3
1.200750,302.83,14.637,8.770,236,366,72.000,71,71,18.000,39.000,55.000,105,216,345,160,157,157,0,0,0,157,2,20,0,3,30,1,28.000,1,1,0,0,80,1,2,1,1,0,0,81,1,0,2,0,1,1,1,1,1,1,0,0,0,19212,0,0,0,0,0,0,0,0,3
1.201000,302.94,14.620,8.770,236,366,72.000,71,71,18.000,39.000,55.000,105,216,345,160,157,157,0,0,0,157,2,20,0,3,30,1,28.000,1,1,0,0,80,1,2,1,1,0,0,81,1,0,2,0,1,1,1,1,1,1,0,0,0,19216,0,0,0,0,0,0,0,0,3
1.201250,303.05,14.603,8.770,236,366,72.000,71,71,18.000,39.000,55.000,105,216,345,160,157,157,0,0,0,157,2,20,0,3,30,1,28.000,1,1,0,0,80,1,2,1,1,0,0,81,1,0,2,0,1,1,1,1,1,1,0,0,0,19220,0,0,0,0,0,0,0,0,3
1.201500,303.16,14.586,8.770,235,366,72.000,71,71,18.000,39.000,55.000,105,216,345,160,157,157,0,0,0,157,2,20,0,3,30,1,28.000,1,1,0,0,80,1,2,1,1,0,0,81,1,0,2,0,1,1,1,1,1,1,0,0,0,19224,0,0,0,0,0,0,0,0,3
1.201750,303.26,14.570,8.720,235,366,72.000,71,71,18.000,39.000,55.000,104,216,345,160,157,157,0,0,0,156,2,20,0,3,30,1,28.000,1,1,0,0,80,1,2,1,1,0,0,81,1,0,2,0,1,1,1,1,1,1,0,0,0,19228,0,0,0,0,0,0,0,0,3
1.202000,303.37,14.553,8.720,235,365,72.000,71,71,18.000,39.000,55.000,104,215,344,160,157,157,0,0,0,156,2,20,0,3,30,1,28.000,1,1,0,0,80,1,2,1,1,0,0,81,1,0,2,0,1,1,1,1,1,1,0,0,0,19232,0,0,0,0,0,0,0,0,3
1.202250,303.48,14.537,8.720,234,365,72.000,71,71,18.000,39.000,55.000,104,215,344,160,157,157,0,0,0,156,2,20,0,3,30,1,28.000,1,1,0,0,80,1,2,1,1,0,0,81,1,0,2,0,1,1,1,1,1,1,0,0,0,19236,0,0,0,0,0,0,0,0,3
1.202500,303.59,14.521,8.720,234,365,72.000,71,71,18.000,39.000,55.000,104,215,344,160,157,157,0,0,0,156,2,20,0,3,30,1,28.000,1,1,0,0,80,1,2,1,1,0,0,81,1,0,2,0,1,1,1,1,1,1,0,0,0,19240,0,0,0,0,0,0,0,0,3
1.202750,303.70,14.505,8.720,233,365,72.000,71,71,18.000,39.000,55.000,104,215,344,160,157,157,0,0,0,156,2,20,0,3,30,1,28.000,1,1,0,0,80,1,2,1,1,0,0,81,1,0,2,0,1,1,1,1,1,1,0,0,0,19244,0,0,0,0,0,0,0,0,3
1.203000,303.80,14.489,8.670,233,365,72.000,71,71,18.000,39.000,55.000,104,129,206,160,94,94,94,94,94,155,1,0,0,3,30,1,28.000,1,1,2,2,81,1,0,0,2,0,0,82,1,0,2,0,1,1,1,1,1,1,0,0,0,19248,0,0,0,0,0,0,0,0,3
1.203250,303.91,14.473,8.670,233,233,72.000,71,71,18.000,39.000,55.000,104,129,206,160,94,94,94,94,94,154,1,0,0,3,30,1,28.000,1,1,2,2,81,1,0,0,2,0,0,82,1,0,2,0,1,1,1,1,1,1,0,0,0,19252,0,0,0,0,0,0,0,0,3
1.203500,304.02,14.458,8.670,232,232,72.000,71,71,18.000,39.000,55.000,104,128,205,160,93,93,93,93,93,153,1,0,0,3,30,1,28.000,1,1,2,2,81,1,0,0,2,0,0,82,1,0,2,0,1,1,1,1,1,1,0,0,0,19256,0,0,0,0,0,0,0,0,3
1.203750,304.13,14.442,8.670,232,232,72.000,71,71,18.000,39.000,55.000,104,128,205,160,93,93,93,93,93,152,1,0,0,3,30,1,28.000,1,1,2,2,81,1,0,0,2,0,0,82,1,0,2,0,1,1,1,1,1,1,0,0,0,19260,0,0,0,0,0,0,0,0,3
1.204000,304.24,14.427,8.670,232,232,72.000,71,71,18.000,39.000,55.000,104,128,205,160,93,93,93,93,93,151,1,0,0,3,30,1,28.000,1,1,2,2,81,1,0,0,2,0,0,82,1,0,2,0,1,1,1,1,1,1,0,0,0,19264,0,0,0,0,0,0,0,0,3
1.204250,304.34,14.412,8.670,231,231,72.000,71,71,18.000,39.000,55.000,104,127,204,160,93,93,93,93,93,150,1,0,0,3,30,1,28.000,1,1,2,2,81,1,0,0,2,0,0,82,1,0,2,0,1,1,1,1,1,1,0,0,0,19268,0,0,0,0,0,0,0,0,3
1.204500,304.45,14.397,8.670,231,231,72.000,71,71,18.000,39.000,55.000,104,127,204,160,93,93,93,93,93,149,1,0,0,3,30,1,28.000,1,1,2,2,81,1,0,0,2,0,0,82,1,0,2,0,1,1,1,1,1,1,0,0,0,19272,0,0,0,0,0,0,0,0,3
1.204750,304.56,14.383,8.610,231,231,72.000,71,71,18.000,39.000,55.000,103,127,204,160,93,93,93,93,93,148,1,0,0,3,30,1,28.000,1,1,2,2,81,1,0,0,2,0,0,82,1,0,2,0,1,1,1,1,1,1,0,0,0,19276,0,0,0,0,0,0,0,0,3
1.205000,304.67,14.368,8.610,230,230,72.000,71,71,18.000,39.000,55.000,103,127,203,160,92,92,92,92,92,147,1,0,0,3,30,1,28.000,1,1,2,2,81,1,0,0,2,0,0,82,1,0,2,0,1,1,1,1,1,1,0,0,0,19280,0,0,0,0,0,0,0,0,3
1.205250,304.78,14.354,8.610,230,230,72.000,71,71,18.000,39.000,55.000,103,127,203,160,92,92,92,92,92,146,1,0,0,3,30,1,28.000,1,1,2,2,81,1,0,0,2,0,0,82,1,0,2,0,1,1,1,1,1,1,0,0,0,19284,0,0,0,0,0,0,0,0,3
1.205500,304.88,14.340,8.610,230,230,72.000,71,71,18.000,39.000,55.000,103,127,203,160,92,92,92,92,92,145,1,0,0,3,30,1,28.000,1,1,2,2,81,1,0,0,2,0,0,82,1,0,2,0,1,1,1,1,1,1,0,0,0,19288,0,0,0,0,0,0,0,0,3
1.205750,304.99,14.326,8.610,229,229,72.000,71,71,18.000,39.000,55.000,103,126,202,160,92,92,92,92,92,144,1,0,0,3,30,1,28.000,1,1,2,2,81,1,0,0,2,0,0,82,1,0,2,0,1,1,1,1,1,1,0,0,0,19292,0,0,0,0,0,0,0,0,3
1.206000,305.10,14.312,8.560,229,229,72.000,71,71,18.000,39.000,55.000,102,126,202,160,92,92,92,92,92,143,1,0,0,3,30,1,28.000,1,1,2,2,81,1,0,0,2,0,0,82,1,0,2,0,1,1,1,1,1,1,0,0,0,19296,0,0,0,0,0,0,0,0,3
1.206250,305.21,14.299,8.560,229,229,72.000,71,71,18.000,39.000,55.000,102,126,202,160,92,92,92,92,92,142,1,0,0,3,30,1,28.000,1,1,2,2,81,1,0,0,2,0,0,82,1,0,2,0,1,1,1,1,1,1,0,0,0,19300,0,0,0,0,0,0,0,0,3
1.206500,305.32,14.285,8.560,228,228,72.000,71,71,18.000,39.000,55.000,102,125,201,160,91,91,91,91,91,141,1,0,0,3,30,1,28.000,1,1,2,2,81,1,0,0,2,0,0,82,1,0,2,0,1,1,1,1,1,1,0,0,0,19304,0,0,0,0,0,0,0,0,3
1.206750,305.42,14.272,8.560,228,228,72.000,71,71,18.000,39.000,55.000,102,125,201,160,91,91,91,91,91,140,1,0,0,3,30,1,28.000,1,1,2,2,81,1,0,0,2,0,0,82,1,0,2,0,1,1,1,1,1,1,0,0,0,19308,0,0,0,0,0,0,0,0,3
1.207000,305.53,14.259,8.560,228,228,72.000,71,71,18.000,39.000,55.000,102,125,201,160,91,91,91,91,91,139,1,0,0,3,30,1,28.000,1,1,2,2,81,1,0,0,2,0,0,82,1,0,2,0,1,1,1,1,1,1,0,0,0,19312,0,0,0,0,0,0,0,0,3
1.207250,305.64,14.246,8.560,228,228,72.000,71,71,18.000,39.000,55.000,102,125,201,160,91,91,91,91,91,138,1,0,0,3,30,1,28.000,1,1,2,2,81,1,0,0,2,0,0,82,1,0,2,0,1,1,1,1,1,1,0,0,0,19316,0,0,0,0,0,0,0,0,3
1.207500,305.75,14.233,8.560,227,227,72.000,71,71,18.000,39.000,55.000,102,125,200,160,91,91,91,91,91,137,1,0,0,3,30,1,28.000,1,1,2,2,81,1,0,0,2,0,0,82,1,0,2,0,1,1,1,1,1,1,0,0,0,19320,0,0,0,0,0,0,0,0,3
1.207750,305.86,14.221,8.560,227,227,72.000,71,71,18.000,39.000,55.000,102,125,200,160,91,91,91,91,91,136,1,0,0,3,30,1,28.000,1,1,2,2,81,1,0,0,2,0,0,82,1,0,2,0,1,1,1,1,1,1,0,0,0,19324,0,0,0,0,0,0,0,0,3
1.208000,305.96,14.209,8.500,227,227,72.000,71,71,18.000,39.000,55.000,102,125,200,160,91,91,91,91,91,135,1,0,0,3,30,1,28.000,1,1,2,2,81,1,0,0,2,0,0,82,1,0,2,0,1,1,1,1,1,1,0,0,0,19328,0,0,0,0,0,0,0,0,3
1.208250,306.07,14.196,8.500,226,226,72.000,71,71,18.000,39.000,55.000,102,124,199,160,90,90,90,90,90,134,1,0,0,3,30,1,28.000,1,1,2,2,81,1,0,0,2,0,0,82,1,0,2,0,1,1,1,1,1,1,0,0,0,19332,0,0,0,0,0,0,0,0,3
1.208500,306.18,14.184,8.500,226,226,72.000,71,71,18.000,39.000,55.000,102,124,199,160,90,90,90,90,90,133,1,0,0,3,30,1,28.000,1,1,2,2,81,1,0,0,2,0,0,82,1,0,2,0,1,1,1,1,1,1,0,0,0,19336,0,0,0,0,0,0,0,0,3
1.208750,306.29,14.173,8.500,226,226,72.000,71,71,18.000,39.000,55.000,102,124,199,160,90,90,90,90,90,132,1,0,0,3,30,1,28.000,1,1,2,2,81,1,0,0,2,0,0,82,1,0,2,0,1,1,1,1,1,1,0,0,0,19340,0,0,0,0,0,0,0,0,3
1.209000,306.40,14.161,8.500,225,225,72.000,71,71,18.000,39.000,55.000,102,123,198,160,90,90,90,90,90,131,1,0,0,3,30,1,28.000,1,1,2,2,81,1,0,0,2,0,0,82,1,0,2,0,1,1,1,1,1,1,0,0,0,19344,0,0,0,0,0,0,0,0,3
1.209250,306.50,14.149,8.500,225,225,72.000,71,71,18.000,39.000,55.000,102,123,198,160,90,90,90,90,90,130,1,0,0,3,30,1,28.000,1,1,2,2,81,1,0,0,2,0,0,82,1,0,2,0,1,1,1,1,1,1,0,0,0,19348,0,0,0,0,0,0,0,0,3
1.209500,306.61,14.138,8.500,225,225,72.000,71,71,18.000,39.000,55.000,102,123,198,160,90,90,90,90,90,129,1,0,0,3,30,1,28.000,1,1,2,2,81,1,0,0,2,0,0,82,1,0,2,0,1,1,1,1,1,1,0,0,0,19352,0,0,0,0,0,0,0,0,3
1.209750,306.72,14.127,8.450,224,224,72.000,71,71,18.000,39.000,55.000,101,123,197,160,89,89,89,89,89,128,1,0,0,3,30,1,28.000,1,1,2,2,81,1,0,0,2,0,0,82,1,0,2,0,1,1,1,1,1,1,0,0,0,19356,0,0,0,0,0,0,0,0,3
1.210000,306.83,14.116,8.450,224,224,72.000,71,71,18.000,39.000,55.000,101,123,197,160,89,89,89,89,89,127,1,0,0,3,30,1,28.000,1,1,2,2,81,1,0,0,2,0,0,82,1,0,2,0,1,1,1,1,1,1,0,0,0,19360,0,0,0,0,0,0,0,0,3
1.210250,306.94,14.105,8.450,224,224,72.000,71,71,18.000,39.000,55.000,101,123,197,160,89,89,89,89,89,126,1,0,0,3,30,1,28.000,1,1,2,2,81,1,0,0,2,0,0,82,1,0,2,0,1,1,1,1,1,1,0,0,0,19364,0,0,0,0,0,0,0,0,3
1.210500,307.04,14.095,8.450,223,223,72.000,71,71,18.000,39.000,55.000,101,122,196,160,89,89,89,89,89,125,1,0,0,3,30,1,28.000,1,1,2,2,81,1,0,0,2,0,0,82,1,0,2,0,1,1,1,1,1,1,0,0,0,19368,0,0,0,0,0,0,0,0,3
1.210750,307.15,14.084,8.450,223,223,72.000,71,71,18.000,39.000,55.000,101,122,196,160,89,89,89,89,89,124,1,0,0,3,30,1,28.000,1,1,2,2,81,1,0,0,2,0,0,82,1,0,2,0,1,1,1,1,1,1,0,0,0,19372,0,0,0,0,0,0,0,0,3
1.211000,307.26,14.074,8.450,223,223,72.000,71,71,18.000,39.000,55.000,101,122,196,160,89,89,89,89,89,123,1,0,0,3,30,1,28.000,1,1,2,2,81,1,0,0,2,0,0,82,1,0,2,0,1,1,1,1,1,1,0,0,0,19376,0,0,0,0,0,0,0,0,3
1.211250,307.37,14.064,8.450,223,223,72.000,71,71,18.000,39.000,55.000,101,122,196,160,89,89,89,89,89,122,1,0,0,3,30,1,28.000,1,1,2,2,81,1,0,0,2,0,0,82,1,0,2,0,1,1,1,1,1,1,0,0,0,19380,0,0,0,0,0,0,0,0,3
1.211500,307.48,14.054,8.450,222,222,72.000,71,71,18.000,39.000,55.000,101,121,194,160,88,88,88,88,88,121,1,0,0,3,30,1,28.000,1,1,2,2,81,1,0,0,2,0,0,82,1,0,2,0,1,1,1,1,1,1,0,0,0,19384,0,0,0,0,0,0,0,0,3
1.211750,307.58,14.045,8.390,222,222,72.000,71,71,18.000,39.000,55.000,100,121,194,160,88,88,88,88,88,120,1,0,0,3,30,1,28.000,1,1,3,3,82,1,0,0,3,0,0,83,1,0,2,0,1,1,1,1,1,1,0,0,0,19388,0,0,0,0,0,0,0,0,3
1.212000,307.69,14.035,8.390,222,222,72.000,71,71,18.000,39.000,55.000,100,121,194,160,88,88,88,88,88,119,1,0,0,3,30,1,28.000,1,1,3,3,82,1,0,0,3,0,0,83,1,0,2,0,1,1,1,1,1,1,0,0,0,19392,0,0,0,0,0,0,0,0,3
1.212250,307.80,14.026,8.390,221,221,72.000,71,71,18.000,39.000,55.000,100,121,193,160,88,88,88,88,88,118,1,0,0,3,30,1,28.000,1,1,3,3,82,1,0,0,3,0,0,83,1,0,2,0,1,1,1,1,1,1,0,0,0,19396,0,0,0,0,0,0,0,0,3
1.212500,307.91,14.017,8.390,221,221,72.000,71,71,18.000,39.000,55.000,100,121,193,160,88,88,88,88,88,117,1,0,0,3,30,1,28.000,1,1,3,3,82,1,0,0,3,0,0,83,1,0,2,0,1,1,1,1,1,1,0,0,0,19400,0,0,0,0,0,0,0,0,3
1.212750,308.02,14.008,8.390,221,221,72.000,71,71,18.000,39.000,55.000,100,121,193,160,88,88,88,88,88,116,1,0,0,3,30,1,28.000,1,1,3,3,82,1,0,0,3,0,0,83,1,0,2,0,1,1,1,1,1,1,0,0,0,19404,0,0,0,0,0,0,0,0,3
1.213000,308.12,13.999,8.390,221,221,72.000,71,71,18.000,39.000,55.000,100,121,193,160,88,88,88,88,88,115,1,0,0,3,30,1,28.000,1,1,3,3,82,1,0,0,3,0,0,83,1,0,2,0,1,1,1,1,1,1,0,0,0,19408,0,0,0,0,0,0,0,0,3
1.213250,308.23,13.990,8.390,220,220,72.000,71,71,18.000,39.000,55.000,100,120,193,160,88,88,88,88,88,114,1,0,0,3,30,1,28.000,1,1,3,3,82,1,0,0,3,0,0,83,1,0,2,0,1,1,1,1,1,1,0,0,0,19412,0,0,0,0,0,0,0,0,3
1.213500,308.34,13.982,8.390,220,220,72.000,71,71,18.000,39.000,55.000,100,120,193,160,88,88,88,88,88,113,1,0,0,3,30,1,28.000,1,1,3,3,82,1,0,0,3,0,0,83,1,0,2,0,1,1,1,1,1,1,0,0,0,19416,0,0,0,0,0,0,0,0,3
1.213750,308.45,13.974,8.390,220,220,72.000,71,71,18.000,39.000,55.000,100,120,193,160,88,88,88,88,88,112,1,0,0,3,30,1,28.000,1,1,3,3,82,1,0,0,3,0,0,83,1,0,2,0,1,1,1,1,1,1,0,0,0,19420,0,0,0,0,0,0,0,0,3
1.214000,308.56,13.966,8.390,219,219,72.000,71,71,18.000,39.000,55.000,100,119,191,160,87,87,87,87,87,111,1,0,0,3,30,1,28.000,1,1,3,3,82,1,0,0,3,0,0,83,1,0,2,0,1,1,1,1,1,1,0,0,0,19424,0,0,0,0,0,0,0,0,3
1.214250,308.66,13.958,8.390,219,219,72.000,71,71,18.000,39.000,55.000,100,119,191,160,87,87,87,87,87,110,1,0,0,3,30,1,28.000,1,1,3,3,82,1,0,0,3,0,0,83,1,0,2,0,1,1,1,1,1,1,0,0,0,19428,0,0,0,0,0,0,0,0,3
1.214500,308.77,13.950,8.390,219,219,72.000,71,71,18.000,39.000,55.000,100,119,191,160,87,87,87,87,87,109,1,0,0,3,30,1,28.000,1,1,3,3,82,1,0,0,3,0,0,83,1,0,2,0,1,1,1,1,1,1,0,0,0,19432,0,0,0,0,0,0,0,0,3
1.214750,308.88,13.943,8.340,219,219,72.000,71,71,18.000,39.000,55.000,100,119,191,160,87,87,87,87,87,108,1,0,0,3,30,1,28.000,1,1,3,3,82,1,0,0,3,0,0,83,1,0,2,0,1,1,1,1,1,1,0,0,0,19436,0,0,0,0,0,0,0,0,3
1.215000,308.99,13.935,8.340,218,218,72.000,71,71,18.000,39.000,55.000,100,119,190,160,87,87,87,87,87,107,1,0,0,3,30,1,28.000,1,1,3,3,82,1,0,0,3,0,0,83,1,0,2,0,1,1,1,1,1,1,0,0,0,19440,0,0,0,0,0,0,0,0,3
1.215250,309.10,13.928,8.340,218,218,72.000,71,71,18.000,39.000,55.000,100,119,190,160,87,87,87,87,87,106,1,0,0,3,30,1,28.000,1,1,3,3,82,1,0,0,3,0,0,83,1,0,2,0,1,1,1,1,1,1,0,0,0,19444,0,0,0,0,0,0,0,0,3
1.215500,309.20,13.921,8.340,218,218,72.000,71,71,18.000,39.000,55.000,100,119,190,160,87,87,87,87,87,105,1,0,0,3,30,1,28.000,1,1,3,3,82,1,0,0,3,0,0,83,1,0,2,0,1,1,1,1,1,1,0,0,0,19448,0,0,0,0,0,0,0,0,3
1.215750,309.31,13.914,8.340,217,217,72.000,71,71,18.000,39.000,55.000,100,118,189,160,86,86,86,86,86,104,1,0,0,3,30,1,28.000,1,1,3,3,82,1,0,0,3,0,0,83,1,0,2,0,1,1,1,1,1,1,0,0,0,19452,0,0,0,0,0,0,0,0,3
1.216000,309.42,13.908,8.340,217,217,72.000,71,71,18.000,39.000,55.000,100,118,189,160,86,86,86,86,86,103,1,0,0,3,30,1,28.000,1,1,3,3,82,1,0,0,3,0,0,83,1,0,2,0,1,1,1,1,1,1,0,0,0,19456,0,0,0,0,0,0,0,0,3
1.216250,309.53,13.901,8.340,217,217,72.000,71,71,18.000,39.000,55.000,100,118,189,160,86,86,86,86,86,102,1,0,0,3,30,1,28.000,1,1,3,3,82,1,0,0,3,0,0,83,1,0,2,0,1,1,1,1,1,1,0,0,0,19460,0,0,0,0,0,0,0,0,3
1.216500,309.64,13.895,8.340,217,217,72.000,71,71,18.000,39.000,55.000,100,118,189,160,86,86,86,86,86,101,1,0,0,3,30,1,28.000,1,1,3,3,82,1,0,0,3,0,0,83,1,0,2,0,1,1,1,1,1,1,0,0,0,19464,0,0,0,0,0,0,0,0,3
1.216750,309.74,13.889,8.340,216,216,72.000,71,71,18.000,39.000,55.000,100,117,188,160,86,86,86,86,86,100,1,0,0,3,30,1,28.000,1,1,3,3,82,1,0,0,3,0,0,83,1,0,2,0,1,1,1,1,1,1,0,0,0,19468,0,0,0,0,0,0,0,0,3
1.217000,309.85,13.883,8.340,216,216,72.000,71,71,18.000,39.000,55.000,100,117,188,160,86,86,86,86,86,99,1,0,0,3,30,1,28.000,1,1,3,3,82,1,0,0,3,0,0,83,1,0,2,0,1,1,1,1,1,1,0,0,0,19472,0,0,0,0,0,0,0,0,3
1.217250,309.96,13.878,8.340,216,216,72.000,71,71,18.000,39.000,55.000,100,117,188,160,86,86,86,86,86,98,1,0,0,3,30,1,28.000,1,1,3,3,82,1,0,0,3,0,0,83,1,0,2,0,1,1,1,1,1,1,0,0,0,19476,0,0,0,0,0,0,0,0,3
1.217500,310.07,13.872,8.340,216,216,72.000,71,71,18.000,39.000,55.000,100,117,188,160,86,86,86,86,86,97,1,0,0,3,30,1,28.000,1,1,3,3,82,1,0,0,3,0,0,83,1,0,2,0,1,1,1,1,1,1,0,0,0,19480,0,0,0,0,0,0,0,0,3
1.217750,310.18,13.867,8.340,215,215,72.000,71,71,18.000,39.000,55.000,100,117,187,160,85,85,85,85,85,96,1,0,0,3,30,1,28.000,1,1,3,3,82,1,0,0,3,0,0,83,1,0,2,0,1,1,1,1,1,1,0,0,0,19484,0,0,0,0,0,0,0,0,3
1.218000,310.28,13.862,8.280,215,215,72.000,71,71,18.000,39.000,55.000,99,117,187,160,85,85,85,85,85,95,1,0,0,3,30,1,28.000,1,1,3,3,82,1,0,0,3,0,0,83,1,0,2,0,1,1,1,1,1,1,0,0,0,19488,0,0,0,0,0,0,0,0,3
1.218250,310.39,13.857,8.280,215,215,72.000,71,71,18.000,39.000,55.000,99,117,187,160,85,85,85,85,85,94,1,0,0,3,30,1,28.000,1,1,3,3,82,1,0,0,3,0,0,83,1,0,2,0,1,1,1,1,1,1,0,0,0,19492,0,0,0,0,0,0,0,0,3
1.218500,310.50,13.852,8.280,215,215,72.000,71,71,18.000,39.000,55.000,99,117,187,160,85,85,85,85,85,93,1,0,0,3,30,1,28.000,1,1,3,3,82,1,0,0,3,0,0,83,1,0,2,0,1,1,1,1,1,1,0,0,0,19496,0,0,0,0,0,0,0,0,3
1.218750,310.61,13.847,8.280,214,214,72.000,71,71,18.000,39.000,55.000,99,116,186,160,85,85,85,85,85,92,1,0,0,3,30,1,28.000,1,1,3,3,82,1,0,0,3,0,0,83,1,0,2,0,1,1,1,1,1,1,0,0,0,19500,0,0,0,0,0,0,0,0,3
1.219000,310.72,13.843,8.280,214,214,72.000,71,71,18.000,39.000,55.000,99,116,186,160,85,85,85,85,85,91,1,0,0,3,30,1,28.000,1,1,3,3,82,1,0,0,3,0,0,83,1,0,2,0,1,1,1,1,1,1,0,0,0,19504,0,0,0,0,0,0,0,0,3
1.219250,310.82,13.839,8.280,214,214,72.000,71,71,18.000,39.000,55.000,99,116,186,160,85,85,85,85,85,90,1,0,0,3,30,1,28.000,1,1,3,3,82,1,0,0,3,0,0,83,1,0,2,0,1,1,1,1,1,1,0,0,0,19508,0,0,0,0,0,0,0,0,3
1.219500,310.93,13.835,8.280,213,213,72.000,71,71,18.000,39.000,55.000,99,115,185,160,84,84,84,84,84,89,1,0,0,3,30,1,28.000,1,1,3,3,82,1,0,0,3,0,0,83,1,0,2,0,1,1,1,1,1,1,0,0,0,19512,0,0,0,0,0,0,0,0,3
1.219750,311.04,13.831,8.280,213,213,72.000,71,71,18.000,39.000,55.000,99,115,185,160,84,84,84,84,84,88,1,0,0,3,30,1,28.000,1,1,3,3,82,1,0,0,3,0,0,83,1,0,2,0,1,1,1,1,1,1,0,0,0,19516,0,0,0,0,0,0,0,0,3
1.220000,311.15,13.827,8.280,213,213,72.000,71,71,18.000,39.000,55.000,99,115,185,160,84,84,84,84,84,87,1,0,0,3,30,1,28.000,1,1,3,3,82,1,0,0,3,0,0,83,1,0,2,0,1,1,1,1,1,1,0,0,0,19520,0,0,0,0,0,0,0,0,3
1.220250,311.26,13.823,8.280,213,213,72.000,71,71,18.000,39.000,55.000,99,115,185,160,84,84,84,84,84,86,1,0,0,3,30,1,28.000,1,1,1,1,83,1,0,0,4,0,0,84,1,0,2,0,1,1,1,1,1,1,0,0,0,19524,0,0,0,0,0,0,0,0,3
1.220500,311.36,13.820,8.280,213,213,72.000,71,71,18.000,39.000,55.000,99,115,185,160,84,84,84,84,84,85,1,0,0,3,30,1,28.000,1,1,1,1,83,1,0,0,4,0,0,84,1,0,2,0,1,1,1,1,1,1,0,0,0,19528,0,0,0,0,0,0,0,0,3
1.220750,311.47,13.817,8.280,212,212,72.000,71,71,18.000,39.000,55.000,99,115,184,160,84,84,84,84,84,84,1,0,0,3,30,1,28.000,1,1,1,1,83,1,0,0,4,0,0,84,1,0,2,0,1,1,1,1,1,1,0,0,0,19532,0,0,0,0,0,0,0,0,3
1.221000,311.58,13.814,8.280,212,212,72.000,71,71,18.000,39.000,55.000,99,115,184,160,84,84,84,84,84,84,1,0,0,3,30,1,28.000,1,1,1,1,83,1,0,0,4,0,0,84,1,0,2,0,1,1,1,1,1,1,0,0,0,19536,0,0,0,0,0,0,0,0,3
1.221250,311.69,13.811,8.280,212,212,72.000,71,71,18.000,39.000,55.000,99,115,184,160,84,84,84,84,84,84,1,0,0,3,30,1,28.000,1,1,1,1,83,1,0,0,4,0,0,84,1,0,2,0,1,1,1,1,1,1,0,0,0,19540,0,0,0,0,0,0,0,0,3
1.221500,311.80,13.809,8.280,212,212,72.000,71,71,18.000,39.000,55.000,99,115,184,160,84,84,84,84,84,84,1,0,0,3,30,1,28.000,1,1,1,1,83,1,0,0,4,0,0,84,1,0,2,0,1,1,1,1,1,1,0,0,0,19544,0,0,0,0,0,0,0,0,3
1.221750,311.90,13.806,8.280,211,211,72.000,71,71,18.000,39.000,55.000,99,114,183,160,83,83,83,83,83,83,1,0,0,3,30,1,28.000,1,1,1,1,83,1,0,0,4,0,0,84,1,0,2,0,1,1,1,1,1,1,0,0,0,19548,0,0,0,0,0,0,0,0,3
1.222000,312.01,13.804,8.280,211,211,72.000,71,71,18.000,39.000,55.000,99,114,183,160,83,83,83,83,83,83,1,0,0,3,30,1,28.000,1,1,1,1,83,1,0,0,4,0,0,84,1,0,2,0,1,1,1,1,1,1,0,0,0,19552,0,0,0,0,0,0,0,0,3
1.222250,312.12,13.802,8.280,211,211,72.000,71,71,18.000,39.000,55.000,99,114,183,160,83,83,83,83,83,83,1,0,0,3,30,1,28.000,1,1,1,1,83,1,0,0,4,0,0,84,1,0,2,0,1,1,1,1,1,1,0,0,0,19556,0,0,0,0,0,0,0,0,3
1.222500,312.23,13.800,8.280,211,211,72.000,71,71,18.000,39.000,55.000,99,114,183,160,83,83,83,83,83,83,1,0,0,3,30,1,28.000,1,1,1,1,83,1,0,0,4,0,0,84,1,0,2,0,1,1,1,1,1,1,0,0,0,19560,0,0,0,0,0,0,0,0,3
1.222750,312.34,13.799,8.280,210,210,72.000,71,71,18.000,39.000,55.000,99,114,182,160,83,83,83,83,83,83,1,0,0,3,30,1,28.000,1,1,1,1,83,1,0,0,4,0,0,84,1,0,2,0,1,1,1,1,1,1,0,0,0,19564,0,0,0,0,0,0,0,0,3
1.223000,312.44,13.797,8.280,210,210,72.000,71,71,18.000,39.000,55.000,99,114,182,160,83,83,83,83,83,83,1,0,0,3,30,1,28.000,1,1,1,1,83,1,0,0,4,0,0,84,1,0,2,0,1,1,1,1,1,1,0,0,0,19568,0,0,0,0,0,0,0,0,3
1.223250,312.55,13.796,8.280,210,210,72.000,71,71,18.000,39.000,55.000,99,114,182,160,83,83,83,83,83,83,1,0,0,3,30,1,28.000,1,1,1,1,83,1,0,0,4,0,0,84,1,0,2,0,1,1,1,1,1,1,0,0,0,19572,0,0,0,0,0,0,0,0,3
1.223500,312.66,13.795,8.280,210,210,72.000,71,71,18.000,39.000,55.000,99,114,182,160,83,83,83,83,83,83,1,0,0,3,30,1,28.000,1,1,1,1,83,1,0,0,4,0,0,84,1,0,2,0,1,1,1,1,1,1,0,0,0,19576,0,0,0,0,0,0,0,0,3
1.223750,312.77,13.794,8.280,209,209,72.000,71,71,18.000,39.000,55.000,99,113,181,160,82,82,82,82,82,82,1,0,0,3,30,1,28.000,1,1,1,1,83,1,0,0,4,0,0,84,1,0,2,0,1,1,1,1,1,1,0,0,0,19580,0,0,0,0,0,0,0,0,3
1.224000,312.88,13.793,8.280,209,209,72.000,71,71,18.000,39.000,55.000,99,113,181,160,82,82,82,82,82,82,1,0,0,3,30,1,28.000,1,1,1,1,83,1,0,0,4,0,0,84,1,0,2,0,1,1,1,1,1,1,0,0,0,19584,0,0,0,0,0,0,0,0,3
1.224250,312.98,13.793,8.280,209,209,72.000,71,71,18.000,39.000,55.000,99,113,181,160,82,82,82,82,82,82,1,0,0,3,30,1,28.000,1,1,1,1,83,1,0,0,4,0,0,84,1,0,2,0,1,1,1,1,1,1,0,0,0,19588,0,0,0,0,0,0,0,0,3
1.224500,313.09,13.792,8.280,209,209,72.000,71,71,18.000,39.000,55.000,99,113,181,160,82,82,82,82,82,82,1,0,0,3,30,1,28.000,1,1,1,1,83,1,0,0,4,0,0,84,1,0,2,0,1,1,1,1,1,1,0,0,0,19592,0,0,0,0,0,0,0,0,3
1.224750,313.20,13.792,8.280,209,209,72.000,71,71,18.000,39.000,55.000,99,113,181,160,82,82,82,82,82,82,1,0,0,3,30,1,28.000,1,1,1,1,83,1,0,0,4,0,0,84,1,0,2,0,1,1,1,1,1,1,0,0,0,19596,0,0,0,0,0,0,0,0,3
1.225000,313.31,13.792,8.280,208,208,72.000,71,71,18.000,39.000,55.000,99,112,180,160,82,82,82,82,82,82,1,0,0,3,30,1,28.000,1,1,1,1,83,1,0,0,4,0,0,84,1,0,2,0,1,1,1,1,1,1,0,0,0,19600,0,0,0,0,0,0,0,0,3
1.225250,313.42,13.792,8.280,208,208,72.000,71,71,18.000,39.000,55.000,99,112,180,160,82,82,82,82,82,82,1,0,0,3,30,1,28.000,1,1,1,1,83,1,0,0,4,0,0,84,1,0,2,0,1,1,1,1,1,1,0,0,0,19604,0,0,0,0,0,0,0,0,3
1.225500,313.52,13.793,8.280,208,208,72.000,71,71,18.000,39.000,55.000,99,112,180,160,82,82,82,82,82,82,1,0,0,3,30,1,28.000,1,1,1,1,83,1,0,0,4,0,0,84,1,0,2,0,1,1,1,1,1,1,0,0,0,19608,0,0,0,0,0,0,0,0,3
1.225750,313.63,13.793,8.280,208,208,72.000,71,71,18.000,39.000,55.000,99,112,180,160,82,82,82,82,82,82,1,0,0,3,30,1,28.000,1,1,1,1,83,1,0,0,4,0,0,84,1,0,2,0,1,1,1,1,1,1,0,0,0,19612,0,0,0,0,0,0,0,0,3
1.226000,313.74,13.794,8.280,208,208,72.000,71,71,18.000,39.000,55.000,99,112,180,160,82,82,82,82,82,82,1,0,0,3,30,1,28.000,1,1,1,1,83,1,0,0,4,0,0,84,1,0,2,0,1,1,1,1,1,1,0,0,0,19616,0,0,0,0,0,0,0,0,3
1.226250,313.85,13.795,8.280,207,207,72.000,71,71,18.000,39.000,55.000,99,112,179,160,81,81,81,81,81,81,1,0,0,3,30,1,28.000,1,1,1,1,83,1,0,0,4,0,0,84,1,0,2,0,1,1,1,1,1,1,0,0,0,19620,0,0,0,0,0,0,0,0,3
1.226500,313.96,13.796,8.280,207,207,72.000,71,71,18.000,39.000,55.000,99,112,179,160,81,81,81,81,81,81,1,0,0,3,30,1,28.000,1,1,1,1,83,1,0,0,4,0,0,84,1,0,2,0,1,1,1,1,1,1,0,0,0,19624,0,0,0,0,0,0,0,0,3
1.226750,314.06,13.797,8.280,207,207,72.000,71,71,18.000,39.000,55.000,99,112,179,160,81,81,81,81,81,81,1,0,0,3,30,1,28.000,1,1,1,1,83,1,0,0,4,0,0,84,1,0,2,0,1,1,1,1,1,1,0,0,0,19628,0,0,0,0,0,0,0,0,3
1.227000,314.17,13.799,8.280,207,207,72.000,71,71,18.000,39.000,55.000,99,112,179,160,81,81,81,81,81,81,1,0,0,3,30,1,28.000,1,1,1,1,83,1,0,0,4,0,0,84,1,0,2,0,1,1,1,1,1,1,0,0,0,19632,0,0,0,0,0,0,0,0,3
1.227250,314.28,13.800,8.280,206,206,72.000,71,71,18.000,39.000,55.000,99,111,178,160,81,81,81,81,81,81,1,0,0,3,30,1,28.000,1,1,1,1,83,1,0,0,4,0,0,84,1,0,2,0,1,1,1,1,1,1,0,0,0,19636,0,0,0,0,0,0,0,0,3
1.227500,314.39,13.802,8.280,206,206,72.000,71,71,18.000,39.000,55.000,99,111,178,160,81,81,81,81,81,81,1,0,0,3,30,1,28.000,1,1,1,1,83,1,0,0,4,0,0,84,1,0,2,0,1,1,1,1,1,1,0,0,0,19640,0,0,0,0,0,0,0,0,3
1.227750,314.50,13.804,8.280,206,206,72.000,71,71,18.000,39.000,55.000,99,111,178,160,81,81,81,81,81,81,1,0,0,3,30,1,28.000,1,1,1,1,83,1,0,0,4,0,0,84,1,0,2,0,1,1,1,1,1,1,0,0,0,19644,0,0,0,0,0,0,0,0,3
1.228000,314.60,13.806,8.280,206,206,72.000,71,71,18.000,39.000,55.000,99,111,178,160,81,81,81,81,81,81,1,0,0,3,30,1,28.000,1,1,1,1,83,1,0,0,4,0,0,84,1,0,2,0,1,1,1,1,1,1,0,0,0,19648,0,0,0,0,0,0,0,0,3
1.228250,314.71,13.809,8.280,206,206,72.000,71,71,18.000,39.000,55.000,99,111,178,160,81,81,81,81,81,81,1,0,0,3,30,1,28.000,1,1,1,1,83,1,0,0,4,0,0,84,1,0,2,0,1,1,1,1,1,1,0,0,0,19652,0,0,0,0,0,0,0,0,3
1.228500,314.82,13.811,8.280,205,205,72.000,71,71,18.000,39.000,55.000,99,110,177,160,80,80,80,80,80,80,1,0,0,3,30,1,28.000,1,1,1,1,83,1,0,0,4,0,0,84,1,0,2,0,1,1,1,1,1,1,0,0,0,19656,0,0,0,0,0,0,0,0,3
1.228750,314.93,13.814,8.280,205,205,72.000,71,71,18.000,39.000,55.000,99,110,177,160,80,80,80,80,80,80,1,0,0,3,30,1,28.000,1,1,1,1,83,1,0,0,4,0,0,84,1,0,2,0,1,1,1,1,1,1,0,0,0,19660,0,0,0,0,0,0,0,0,3
1.229000,315.04,13.817,8.280,205,205,72.000,86,73,18.000,39.000,55.000,102,113,182,160,80,80,80,80,80,80,1,0,0,3,30,1,28.000,1,1,0,0,84,1,0,0,5,0,0,85,1,0,2,0,1,1,1,1,1,1,0,0,0,19664,0,0,0,0,0,0,0,0,3
1.229250,315.14,13.820,8.280,205,205,72.000,86,73,18.000,39.000,55.000,102,113,182,160,80,80,80,80,80,80,1,0,0,3,30,1,28.000,1,1,0,0,84,1,0,0,5,0,0,85,1,0,2,0,1,1,1,1,1,1,0,0,0,19668,0,0,0,0,0,0,0,0,3
1.229500,315.25,13.824,8.280,205,205,72.000,86,73,18.000,39.000,55.000,102,113,182,160,80,80,80,80,80,80,1,0,0,3,30,1,28.000,1,1,0,0,84,1,0,0,5,0,0,85,1,0,2,0,1,1,1,1,1,1,0,0,0,19672,0,0,0,0,0,0,0,0,3
1.229750,315.36,13.827,8.280,205,205,72.000,86,73,18.000,39.000,55.000,102,113,182,160,80,80,80,80,80,80,1,0,0,3,30,1,28.000,1,1,0,0,84,1,0,0,5,0,0,85,1,0,2,0,1,1,1,1,1,1,0,0,0,19676,0,0,0,0,0,0,0,0,3
1.230000,315.47,13.831,8.280,204,204,72.000,86,73,18.000,39.000,55.000,102,113,181,160,80,80,80,80,80,80,1,0,0,3,30,1,28.000,1,1,0,0,84,1,0,0,5,0,0,85,1,0,2,0,1,1,1,1,1,1,0,0,0,19680,0,0,0,0,0,0,0,0,3
1.230250,315.58,13.835,8.280,204,204,72.000,86,73,18.000,39.000,55.000,102,113,181,160,80,80,80,80,80,80,1,0,0,3,30,1,28.000,1,1,0,0,84,1,0,0,5,0,0,85,1,0,2,0,1,1,1,1,1,1,0,0,0,19684,0,0,0,0,0,0,0,0,3
1.230500,315.68,13.839,8.280,204,204,72.000,86,73,18.000,39.000,55.000,102,113,181,160,80,80,80,80,80,80,1,0,0,3,30,1,28.000,1,1,0,0,84,1,0,0,5,0,0,85,1,0,2,0,1,1,1,1,1,1,0,0,0,19688,0,0,0,0,0,0,0,0,3
1.230750,315.79,13.843,8.280,204,204,72.000,86,73,18.000,39.000,55.000,102,113,181,160,80,80,80,80,80,80,1,0,0,3,30,1,28.000,1,1,0,0,84,1,0,0,5,0,0,85,1,0,2,0,1,1,1,1,1,1,0,0,0,19692,0,0,0,0,0,0,0,0,3
1.231000,315.90,13.847,8.280,204,204,72.000,86,73,18.000,39.000,55.000,102,113,181,160,80,80,80,80,80,80,1,0,0,3,30,1,28.000,1,1,0,0,84,1,0,0,5,0,0,85,1,0,2,0,1,1,1,1,1,1,0,0,0,19696,0,0,0,0,0,0,0,0,3
1.231250,316.01,13.852,8.280,203,203,72.000,86,73,18.000,39.000,55.000,102,112,180,160,79,79,79,79,79,79,1,0,0,3,30,1,28.000,1,1,0,0,84,1,0,0,5,0,0,85,1,0,2,0,1,1,1,1,1,1,0,0,0,19700,0,0,0,0,0,0,0,0,3
1.231500,316.12,13.857,8.280,203,203,72.000,86,73,18.000,39.000,55.000,102,112,180,160,79,79,79,79,79,79,1,0,0,3,30,1,28.000,1,1,0,0,84,1,0,0,5,0,0,85,1,0,2,0,1,1,1,1,1,1,0,0,0,19704,0,0,0,0,0,0,0,0,3
1.231750,316.22,13.862,8.280,203,203,72.000,86,73,18.000,39.000,55.000,102,112,180,160,79,79,79,79,79,79,1,0,0,3,30,1,28.000,1,1,0,0,84,1,0,0,5,0,0,85,1,0,2,0,1,1,1,1,1,1,0,0,0,19708,0,0,0,0,0,0,0,0,3
1.232000,316.33,13.867,8.340,203,203,72.000,86,73,18.000,39.000,55.000,103,112,180,160,79,79,79,79,79,79,1,0,0,3,30,1,28.000,1,1,0,0,84,1,0,0,5,0,0,85,1,0,2,0,1,1,1,1,1,1,0,0,0,19712,0,0,0,0,0,0,0,0,3
1.232250,316.44,13.872,8.340,203,203,72.000,86,73,18.000,39.000,55.000,103,112,180,160,79,79,79,79,79,79,1,0,0,3,30,1,28.000,1,1,0,0,84,1,0,0,5,0,0,85,1,0,2,0,1,1,1,1,1,1,0,0,0,19716,0,0,0,0,0,0,0,0,3
1.232500,316.55,13.878,8.340,203,203,72.000,86,73,18.000,39.000,55.000,103,112,180,160,79,79,79,79,79,79,1,0,0,3,30,1,28.000,1,1,0,0,84,1,0,0,5,0,0,85,1,0,2,0,1,1,1,1,1,1,0,0,0,19720,0,0,0,0,0,0,0,0,3
1.232750,316.66,13.884,8.340,202,202,72.000,86,73,18.000,39.000,55.000,103,111,179,160,79,79,79,79,79,79,1,0,0,3,30,1,28.000,1,1,0,0,84,1,0,0,5,0,0,85,1,0,2,0,1,1,1,1,1,1,0,0,0,19724,0,0,0,0,0,0,0,0,3
1.233000,316.76,13.889,8.340,202,202,72.000,86,73,18.000,39.000,55.000,103,111,179,160,79,79,79,79,79,79,1,0,0,3,30,1,28.000,1,1,0,0,84,1,0,0,5,0,0,85,1,0,2,0,1,1,1,1,1,1,0,0,0,19728,0,0,0,0,0,0,0,0,3
1.233250,316.87,13.896,8.340,202,202,72.000,86,73,18.000,39.000,55.000,103,111,179,160,79,79,79,79,79,79,1,0,0,3,30,1,28.000,1,1,0,0,84,1,0,0,5,0,0,85,1,0,2,0,1,1,1,1,1,1,0,0,0,19732,0,0,0,0,0,0,0,0,3
1.233500,316.98,13.902,8.340,202,202,72.000,86,73,18.000,39.000,55.000,103,111,179,160,79,79,79,79,79,79,1,0,0,3,30,1,28.000,1,1,0,0,84,1,0,0,5,0,0,85,1,0,2,0,1,1,1,1,1,1,0,0,0,19736,0,0,0,0,0,0,0,0,3
1.233750,317.09,13.908,8.340,202,202,72.000,86,73,18.000,39.000,55.000,103,111,179,160,79,79,79,79,79,79,1,0,0,3,30,1,28.000,1,1,0,0,84,1,0,0,5,0,0,85,1,0,2,0,1,1,1,1,1,1,0,0,0,19740,0,0,0,0,0,0,0,0,3
1.234000,317.20,13.915,8.340,202,202,72.000,86,73,18.000,39.000,55.000,103,111,179,160,79,79,79,79,79,79,1,0,0,3,30,1,28.000,1,1,0,0,84,1,0,0,5,0,0,85,1,0,2,0,1,1,1,1,1,1,0,0,0,19744,0,0,0,0,0,0,0,0,3
1.234250,317.30,13.922,8.340,201,201,72.000,86,73,18.000,39.000,55.000,103,111,177,160,78,78,78,78,78,78,1,0,0,3,30,1,28.000,1,1,0,0,84,1,0,0,5,0,0,85,1,0,2,0,1,1,1,1,1,1,0,0,0,19748,0,0,0,0,0,0,0,0,3
1.234500,317.41,13.929,8.340,201,201,72.000,86,73,18.000,39.000,55.000,103,111,177,160,78,78,78,78,78,78,1,0,0,3,30,1,28.000,1,1,0,0,84,1,0,0,5,0,0,85,1,0,2,0,1,1,1,1,1,1,0,0,0,19752,0,0,0,0,0,0,0,0,3
1.234750,317.52,13.936,8.340,201,201,72.000,86,73,18.000,39.000,55.000,103,111,177,160,78,78,78,78,78,78,1,0,0,3,30,1,28.000,1,1,0,0,84,1,0,0,5,0,0,85,1,0,2,0,1,1,1,1,1,1,0,0,0,19756,0,0,0,0,0,0,0,0,3
1.235000,317.63,13.943,8.340,201,201,72.000,86,73,18.000,39.000,55.000,103,111,177,160,78,78,78,78,78,78,1,0,0,3,30,1,28.000,1,1,0,0,84,1,0,0,5,0,0,85,1,0,2,0,1,1,1,1,1,1,0,0,0,19760,0,0,0,0,0,0,0,0,3
1.235250,317.74,13.951,8.390,201,201,72.000,86,73,18.000,39.000,55.000,103,111,177,160,78,78,78,78,78,78,1,0,0,3,30,1,28.000,1,1,0,0,84,1,0,0,5,0,0,85,1,0,2,0,1,1,1,1,1,1,0,0,0,19764,0,0,0,0,0,0,0,0,3
1.235500,317.84,13.959,8.390,201,201,72.000,86,73,18.000,39.000,55.000,103,111,177,160,78,78,78,78,78,78,1,0,0,3,30,1,28.000,1,1,0,0,84,1,0,0,5,0,0,85,1,0,2,0,1,1,1,1,1,1,0,0,0,19768,0,0,0,0,0,0,0,0,3
1.235750,317.95,13.967,8.390,201,201,72.000,86,73,18.000,39.000,55.000,103,111,177,160,78,78,78,78,78,78,1,0,0,3,30,1,28.000,1,1,0,0,84,1,0,0,5,0,0,85,1,0,2,0,1,1,1,1,1,1,0,0,0,19772,0,0,0,0,0,0,0,0,3
1.236000,318.06,13.975,8.390,200,200,72.000,86,73,18.000,39.000,55.000,103,110,176,160,78,78,78,78,78,78,1,0,0,3,30,1,28.000,1,1,0,0,84,1,0,0,5,0,0,85,1,0,2,0,1,1,1,1,1,1,0,0,0,19776,0,0,0,0,0,0,0,0,3
1.236250,318.17,13.983,8.390,200,200,72.000,86,73,18.000,39.000,55.000,103,110,176,160,78,78,78,78,78,78,1,0,0,3,30,1,28.000,1,1,0,0,84,1,0,0,5,0,0,85,1,0,2,0,1,1,1,1,1,1,0,0,0,19780,0,0,0,0,0,0,0,0,3
1.236500,318.28,13.991,8.390,200,200,72.000,86,73,18.000,39.000,55.000,103,110,176,160,78,78,78,78,78,78,1,0,0,3,30,1,28.000,1,1,0,0,84,1,0,0,5,0,0,85,1,0,2,0,1,1,1,1,1,1,0,0,0,19784,0,0,0,0,0,0,0,0,3
1.236750,318.38,14.000,8.390,200,200,72.000,86,73,18.000,39.000,55.000,103,110,176,160,78,78,78,78,78,78,1,0,0,3,30,1,28.000,1,1,0,0,84,1,0,0,5,0,0,85,1,0,2,0,1,1,1,1,1,1,0,0,0,19788,0,0,0,0,0,0,0,0,3
1.237000,318.49,14.009,8.390,200,200,72.000,86,73,18.000,39.000,55.000,103,110,176,160,78,78,78,78,78,78,1,0,0,3,30,1,28.000,1,1,0,0,84,1,0,0,5,0,0,85,1,0,2,0,1,1,1,1,1,1,0,0,0,19792,0,0,0,0,0,0,0,0,3
1.237250,318.60,14.018,8.390,200,200,72.000,86,73,18.000,39.000,55.000,103,110,176,160,78,78,78,78,78,78,1,0,0,3,30,1,28.000,1,1,0,0,84,1,0,0,5,0,0,85,1,0,2,0,1,1,1,1,1,1,0,0,0,19796,0,0,0,0,0,0,0,0,3
1.237500,318.71,14.027,8.390,200,200,72.000,86,73,18.000,39.000,55.000,103,110,176,160,78,78,78,78,78,78,1,0,0,3,30,1,28.000,1,1,0,0,84,1,0,0,5,0,0,85,1,0,2,0,1,1,1,1,1,1,0,0,0,19800,0,0,0,0,0,0,0,0,3
1.237750,318.82,14.037,8.390,199,199,72.000,86,73,18.000,39.000,55.000,103,109,175,160,77,77,77,77,77,77,1,0,0,3,30,1,28.000,1,1,2,2,85,1,0,0,6,0,0,86,1,0,2,0,1,1,1,1,1,1,0,0,0,19804,0,0,0,0,0,0,0,0,3
1.238000,318.92,14.046,8.450,199,199,72.000,86,73,18.000,39.000,55.000,104,109,175,160,77,77,77,77,77,77,1,0,0,3,30,1,28.000,1,1,2,2,85,1,0,0,6,0,0,86,1,0,2,0,1,1,1,1,1,1,0,0,0,19808,0,0,0,0,0,0,0,0,3
1.238250,319.03,14.056,8.450,199,199,72.000,86,73,18.000,39.000,55.000,104,109,175,160,77,77,77,77,77,77,1,0,0,3,30,1,28.000,1,1,2,2,85,1,0,0,6,0,0,86,1,0,2,0,1,1,1,1,1,1,0,0,0,19812,0,0,0,0,0,0,0,0,3
1.238500,319.14,14.066,8.450,199,199,72.000,86,73,18.000,39.000,55.000,104,109,175,160,77,77,77,77,77,77,1,0,0,3,30,1,28.000,1,1,2,2,85,1,0,0,6,0,0,86,1,0,2,0,1,1,1,1,1,1,0,0,0,19816,0,0,0,0,0,0,0,0,3
1.238750,319.25,14.076,8.450,199,199,72.000,86,73,18.000,39.000,55.000,104,109,175,160,77,77,77,77,77,77,1,0,0,3,30,1,28.000,1,1,2,2,85,1,0,0,6,0,0,86,1,0,2,0,1,1,1,1,1,1,0,0,0,19820,0,0,0,0,0,0,0,0,3
1.239000,319.36,14.086,8.450,199,199,72.000,86,73,18.000,39.000,55.000,104,109,175,160,77,77,77,77,77,77,1,0,0,3,30,1,28.000,1,1,2,2,85,1,0,0,6,0,0,86,1,0,2,0,1,1,1,1,1,1,0,0,0,19824,0,0,0,0,0,0,0,0,3
1.239250,319.46,14.097,8.450,199,199,72.000,86,73,18.000,39.000,55.000,104,109,175,160,77,77,77,77,77,77,1,0,0,3,30,1,28.000,1,1,2,2,85,1,0,0,6,0,0,86,1,0,2,0,1,1,1,1,1,1,0,0,0,19828,0,0,0,0,0,0,0,0,3
1.239500,319.57,14.107,8.450,198,198,72.000,86,73,18.000,39.000,55.000,104,109,174,160,77,77,77,77,77,77,1,0,0,3,30,1,28.000,1,1,2,2,85,1,0,0,6,0,0,86,1,0,2,0,1,1,1,1,1,1,0,0,0,19832,0,0,0,0,0,0,0,0,3
1.239750,319.68,14.118,8.450,198,198,72.000,86,73,18.000,39.000,55.000,104,109,174,160,77,77,77,77,77,77,1,0,0,3,30,1,28.000,1,1,2,2,85,1,0,0,6,0,0,86,1,0,2,0,1,1,1,1,1,1,0,0,0,19836,0,0,0,0,0,0,0,0,3
1.240000,319.79,14.129,8.500,198,198,72.000,86,73,18.000,39.000,55.000,105,109,174,160,77,77,77,77,77,77,1,0,0,3,30,1,28.000,1,1,2,2,85,1,0,0,6,0,0,86,1,0,2,0,1,1,1,1,1,1,0,0,0,19840,0,0,0,0,0,0,0,0,3
1.240250,319.90,14.141,8.500,198,198,72.000,86,73,18.000,39.000,55.000,105,109,174,160,77,77,77,77,77,77,1,0,0,3,30,1,28.000,1,1,2,2,85,1,0,0,6,0,0,86,1,0,2,0,1,1,1,1,1,1,0,0,0,19844,0,0,0,0,0,0,0,0,3
1.240500,320.00,14.152,8.500,198,198,72.000,86,73,18.000,39.000,55.000,105,109,174,160,77,77,77,77,77,77,1,0,0,3,30,1,28.000,1,1,2,2,85,1,0,0,6,0,0,86,1,0,2,0,1,1,1,1,1,1,0,0,0,19848,0,0,0,0,0,0,0,0,3
1.240750,320.11,14.164,8.500,198,198,72.000,86,73,18.000,39.000,55.000,105,109,174,160,77,77,77,77,77,77,1,0,0,3,30,1,28.000,1,1,2,2,85,1,0,0,6,0,0,86,1,0,2,0,1,1,1,1,1,1,0,0,0,19852,0,0,0,0,0,0,0,0,3
1.241000,320.22,14.175,8.500,198,198,72.000,86,73,18.000,39.000,55.000,105,109,174,160,77,77,77,77,77,77,1,0,0,3,30,1,28.000,1,1,2,2,85,1,0,0,6,0,0,86,1,0,2,0,1,1,1,1,1,1,0,0,0,19856,0,0,0,0,0,0,0,0,3
1.241250,320.33,14.187,8.500,198,198,72.000,86,73,18.000,39.000,55.000,105,109,174,160,77,77,77,77,77,77,1,0,0,3,30,1,28.000,1,1,2,2,85,1,0,0,6,0,0,86,1,0,2,0,1,1,1,1,1,1,0,0,0,19860,0,0,0,0,0,0,0,0,3
1.241500,320.44,14.199,8.500,198,198,72.000,86,73,18.000,39.000,55.000,105,109,174,160,77,77,77,77,77,77,1,0,0,3,30,1,28.000,1,1,2,2,85,1,0,0,6,0,0,86,1,0,2,0,1,1,1,1,1,1,0,0,0,19864,0,0,0,0,0,0,0,0,3
1.241750,320.54,14.212,8.500,197,197,72.000,86,73,18.000,39.000,55.000,105,108,173,160,76,76,76,76,76,76,1,0,0,3,30,1,28.000,1,1,2,2,85,1,0,0,6,0,0,86,1,0,2,0,1,1,1,1,1,1,0,0,0,19868,0,0,0,0,0,0,0,0,3
1.242000,320.65,14.224,8.560,197,197,72.000,86,73,18.000,39.000,55.000,105,108,173,160,76,76,76,76,76,76,1,0,0,3,30,1,28.000,1,1,2,2,85,1,0,0,6,0,0,86,1,0,2,0,1,1,1,1,1,1,0,0,0,19872,0,0,0,0,0,0,0,0,3
1.242250,320.76,14.237,8.560,197,197,72.000,86,73,18.000,39.000,55.000,105,108,173,160,76,76,76,76,76,76,1,0,0,3,30,1,28.000,1,1,2,2,85,1,0,0,6,0,0,86,1,0,2,0,1,1,1,1,1,1,0,0,0,19876,0,0,0,0,0,0,0,0,3
1.242500,320.87,14.250,8.560,197,197,72.000,86,73,18.000,39.000,55.000,105,108,173,160,76,76,76,76,76,76,1,0,0,3,30,1,28.000,1,1,2,2,85,1,0,0,6,0,0,86,1,0,2,0,1,1,1,1,1,1,0,0,0,19880,0,0,0,0,0,0,0,0,3
1.242750,320.98,14.263,8.560,197,197,72.000,86,73,18.000,39.000,55.000,105,108,173,160,76,76,76,76,76,76,1,0,0,3,30,1,28.000,1,1,2,2,85,1,0,0,6,0,0,86,1,0,2,0,1,1,1,1,1,1,0,0,0,19884,0,0,0,0,0,0,0,0,3
1.243000,321.08,14.276,8.560,197,197,72.000,86,73,18.000,39.000,55.000,105,108,173,160,76,76,76,76,76,76,1,0,0,3,30,1,28.000,1,1,2,2,85,1,0,0,6,0,0,86,1,0,2,0,1,1,1,1,1,1,0,0,0,19888,0,0,0,0,0,0,0,0,3
1.243250,321.19,14.289,8.560,197,197,72.000,86,73,18.000,39.000,55.000,105,108,173,160,76,76,76,76,76,76,1,0,0,3,30,1,28.000,1,1,2,2,85,1,0,0,6,0,0,86,1,0,2,0,1,1,1,1,1,1,0,0,0,19892,0,0,0,0,0,0,0,0,3
1.243500,321.30,14.303,8.560,197,197,72.000,86,73,18.000,39.000,55.000,105,108,173,160,76,76,76,76,76,76,1,0,0,3,30,1,28.000,1,1,2,2,85,1,0,0,6,0,0,86,1,0,2,0,1,1,1,1,1,1,0,0,0,19896,0,0,0,0,0,0,0,0,3
1.243750,321.41,14.317,8.610,197,197,72.000,86,73,18.000,39.000,55.000,106,108,173,160,76,76,76,76,76,76,1,0,0,3,30,1,28.000,1,1,2,2,85,1,0,0,6,0,0,86,1,0,2,0,1,1,1,1,1,1,0,0,0,19900,0,0,0,0,0,0,0,0,3
1.244000,321.52,14.331,8.610,197,197,72.000,86,73,18.000,39.000,55.000,106,108,173,160,76,76,76,76,76,76,1,0,0,3,30,1,28.000,1,1,2,2,85,1,0,0,6,0,0,86,1,0,2,0,1,1,1,1,1,1,0,0,0,19904,0,0,0,0,0,0,0,0,3
1.244250,321.62,14.345,8.610,197,197,72.000,86,73,18.000,39.000,55.000,106,108,173,160,76,76,76,76,76,76,1,0,0,3,30,1,28.000,1,1,2,2,85,1,0,0,6,0,0,86,1,0,2,0,1,1,1,1,1,1,0,0,0,19908,0,0,0,0,0,0,0,0,3
1.244500,321.73,14.359,8.610,196,196,72.000,86,73,18.000,39.000,55.000,106,107,172,160,76,76,76,76,76,76,1,0,0,3,30,1,28.000,1,1,2,2,85,1,0,0,6,0,0,86,1,0,2,0,1,1,1,1,1,1,0,0,0,19912,0,0,0,0,0,0,0,0,3
1.244750,321.84,14.373,8.610,196,196,72.000,86,73,18.000,39.000,55.000,106,107,172,160,76,76,76,76,76,76,1,0,0,3,30,1,28.000,1,1,2,2,85,1,0,0,6,0,0,86,1,0,2,0,1,1,1,1,1,1,0,0,0,19916,0,0,0,0,0,0,0,0,3
1.245000,321.95,14.388,8.610,196,196,72.000,86,73,18.000,39.000,55.000,106,107,172,160,76,76,76,76,76,76,1,0,0,3,30,1,28.000,1,1,2,2,85,1,0,0,6,0,0,86,1,0,2,0,1,1,1,1,1,1,0,0,0,19920,0,0,0,0,0,0,0,0,3
1.245250,322.06,14.403,8.670,196,196,72.000,86,73,18.000,39.000,55.000,107,107,172,160,76,76,76,76,76,76,1,0,0,3,30,1,28.000,1,1,2,2,85,1,0,0,6,0,0,86,1,0,2,0,1,1,1,1,1,1,0,0,0,19924,0,0,0,0,0,0,0,0,3
1.245500,322.16,14.418,8.670,196,196,72.000,86,73,18.000,39.000,55.000,107,107,172,160,76,76,76,76,76,76,1,0,0,3,30,1,28.000,1,1,2,2,85,1,0,0,6,0,0,86,1,0,2,0,1,1,1,1,1,1,0,0,0,19928,0,0,0,0,0,0,0,0,3
1.245750,322.27,14.433,8.670,196,196,72.000,86,73,18.000,39.000,55.000,107,107,172,160,76,76,76,76,76,76,1,0,0,3,30,1,28.000,1,1,2,2,85,1,0,0,6,0,0,86,1,0,2,0,1,1,1,1,1,1,0,0,0,19932,0,0,0,0,0,0,0,0,3
1.246000,322.38,14.448,8.670,196,196,72.000,86,73,18.000,39.000,55.000,107,107,172,160,76,76,76,76,76,76,1,0,0,3,30,1,28.000,1,1,2,2,85,1,0,0,6,0,0,86,1,0,2,0,1,1,1,1,1,1,0,0,0,19936,0,0,0,0,0,0,0,0,3
1.246250,322.49,14.464,8.670,196,196,72.000,86,73,18.000,39.000,55.000,107,107,172,160,76,76,76,76,76,76,1,0,0,3,30,1,28.000,1,1,2,2,85,1,0,0,6,0,0,86,1,0,2,0,1,1,1,1,1,1,0,0,0,19940,0,0,0,0,0,0,0,0,3
1.246500,322.60,14.480,8.670,196,196,72.000,86,73,18.000,39.000,55.000,107,107,172,160,76,76,76,76,76,76,1,0,0,3,30,1,28.000,1,1,3,3,86,1,0,0,7,0,0,87,1,0,2,0,1,1,1,1,1,1,0,0,0,19944,0,0,0,0,0,0,0,0,3
1.246750,322.70,14.496,8.670,196,196,72.000,86,73,18.000,39.000,55.000,107,107,172,160,76,76,76,76,76,76,1,0,0,3,30,1,28.000,1,1,3,3,86,1,0,0,7,0,0,87,1,0,2,0,1,1,1,1,1,1,0,0,0,19948,0,0,0,0,0,0,0,0,3
1.247000,322.81,14.512,8.720,196,196,72.000,86,73,18.000,39.000,55.000,107,107,172,160,76,76,76,76,76,76,1,0,0,3,30,1,28.000,1,1,3,3,86,1,0,0,7,0,0,87,1,0,2,0,1,1,1,1,1,1,0,0,0,19952,0,0,0,0,0,0,0,0,3
1.247250,322.92,14.528,8.720,196,196,72.000,86,73,18.000,39.000,55.000,107,107,172,160,76,76,76,76,76,76,1,0,0,3,30,1,28.000,1,1,3,3,86,1,0,0,7,0,0,87,1,0,2,0,1,1,1,1,1,1,0,0,0,19956,0,0,0,0,0,0,0,0,3
1.247500,323.03,14.544,8.720,196,196,72.000,86,73,18.000,39.000,55.000,107,107,172,160,76,76,76,76,76,76,1,0,0,3,30,1,28.000,1,1,3,3,86,1,0,0,7,0,0,87,1,0,2,0,1,1,1,1,1,1,0,0,0,19960,0,0,0,0,0,0,0,0,3
1.247750,323.14,14.561,8.720,195,195,72.000,86,73,18.000,39.000,55.000,107,107,171,160,76,76,76,76,76,76,1,0,0,3,30,1,28.000,1,1,3,3,86,1,0,0,7,0,0,87,1,0,2,0,1,1,1,1,1,1,0,0,0,19964,0,0,0,0,0,0,0,0,3
1.248000,323.24,14.578,8.720,195,195,72.000,86,73,18.000,39.000,55.000,107,107,171,160,76,76,76,76,76,76,1,0,0,3,30,1,28.000,1,1,3,3,86,1,0,0,7,0,0,87,1,0,2,0,1,1,1,1,1,1,0,0,0,19968,0,0,0,0,0,0,0,0,3
1.248250,323.35,14.595,8.770,195,195,72.000,86,73,18.000,39.000,55.000,108,107,171,160,76,76,76,76,76,76,1,0,0,3,30,1,28.000,1,1,3,3,86,1,0,0,7,0,0,87,1,0,2,0,1,1,1,1,1,1,0,0,0,19972,0,0,0,0,0,0,0,0,3
1.248500,323.46,14.612,8.770,195,195,72.000,86,73,18.000,39.000,55.000,108,107,171,160,76,76,76,76,76,76,1,0,0,3,30,1,28.000,1,1,3,3,86,1,0,0,7,0,0,87,1,0,2,0,1,1,1,1,1,1,0,0,0,19976,0,0,0,0,0,0,0,0,3
1.248750,323.57,14.629,8.770,195,195,72.000,86,73,18.000,39.000,55.000,108,107,171,160,76,76,76,76,76,76,1,0,0,3,30,1,28.000,1,1,3,3,86,1,0,0,7,0,0,87,1,0,2,0,1,1,1,1,1,1,0,0,0,19980,0,0,0,0,0,0,0,0,3
1.249000,323.68,14.647,8.770,195,195,72.000,86,73,18.000,39.000,55.000,108,107,171,160,76,76,76,76,76,76,1,0,0,3,30,1,28.000,1,1,3,3,86,1,0,0,7,0,0,87,1,0,2,0,1,1,1,1,1,1,0,0,0,19984,0,0,0,0,0,0,0,0,3
1.249250,323.78,14.664,8.770,195,195,72.000,86,73,18.000,39.000,55.000,108,107,171,160,76,76,76,76,76,76,1,0,0,3,30,1,28.000,1,1,3,3,86,1,0,0,7,0,0,87,1,0,2,0,1,1,1,1,1,1,0,0,0,19988,0,0,0,0,0,0,0,0,3
1.249500,323.89,14.682,8.830,195,195,72.000,86,73,18.000,39.000,55.000,109,107,171,160,76,76,76,76,76,76,1,0,0,3,30,1,28.000,1,1,3,3,86,1,0,0,7,0,0,87,1,0,2,0,1,1,1,1,1,1,0,0,0,19992,0,0,0,0,0,0,0,0,3
1.249750,324.00,14.700,8.830,195,195,72.000,86,73,18.000,39.000,55.000,109,107,171,160,76,76,76,76,76,76,1,0,0,3,30,1,28.000,1,1,3,3,86,1,0,0,7,0,0,87,1,0,2,0,1,1,1,1,1,1,0,0,0,19996,0,0,0,0,0,0,0,0,3
1.250000,324.11,14.718,8.830,195,195,72.000,86,73,18.000,39.000,55.000,109,107,171,160,76,76,76,76,76,76,1,0,0,3,30,1,28.000,1,1,3,3,86,1,0,0,7,0,0,87,1,0,2,0,1,1,1,1,1,1,0,0,0,20000,0,0,0,0,0,0,0,0,3
1.250250,324.22,14.737,8.830,195,195,72.000,86,73,18.000,39.000,55.000,109,107,171,160,76,76,76,76,76,76,1,0,0,3,30,1,28.000,1,1,3,3,86,1,0,0,7,0,0,87,1,0,2,0,1,1,1,1,1,1,0,0,0,20004,0,0,0,0,0,0,0,0,3
1.250500,324.32,14.755,8.830,195,195,72.000,86,73,18.000,39.000,55.000,109,107,171,160,76,76,76,76,76,76,1,0,0,3,30,1,28.000,1,1,3,3,86,1,0,0,7,0,0,87,1,0,2,0,1,1,1,1,1,1,0,0,0,20008,0,0,0,0,0,0,0,0,3
1.250750,324.43,14.774,8.880,195,195,72.000,86,73,18.000,39.000,55.000,109,107,171,160,76,76,76,76,76,76,1,0,0,3,30,1,28.000,1,1,3,3,86,1,0,0,7,0,0,87,1,0,2,0,1,1,1,1,1,1,0,0,0,20012,0,0,0,0,0,0,0,0,3
1.251000,324.54,14.793,8.880,195,195,72.000,86,73,18.000,39.000,55.000,109,107,171,160,76,76,76,76,76,76,1,0,0,3,30,1,28.000,1,1,3,3,86,1,0,0,7,0,0,87,1,0,2,0,1,1,1,1,1,1,0,0,0,20016,0,0,0,0,0,0,0,0,3
1.251250,324.65,14.812,8.880,195,195,72.000,86,73,18.000,39.000,55.000,109,107,171,160,76,76,76,76,76,76,1,0,0,3,30,1,28.000,1,1,3,3,86,1,0,0,7,0,0,87,1,0,2,0,1,1,1,1,1,1,0,0,0,20020,0,0,0,0,0,0,0,0,3
1.251500,324.76,14.831,8.880,195,195,72.000,86,73,18.000,39.000,55.000,109,107,171,160,76,76,76,76,76,76,1,0,0,3,30,1,28.000,1,1,3,3,86,1,0,0,7,0,0,87,1,0,2,0,1,1,1,1,1,1,0,0,0,20024,0,0,0,0,0,0,0,0,3
1.251750,324.86,14.850,8.880,195,195,72.000,86,73,18.000,39.000,55.000,109,107,171,160,76,76,76,76,76,76,1,0,0,3,30,1,28.000,1,1,3,3,86,1,0,0,7,0,0,87,1,0,2,0,1,1,1,1,1,1,0,0,0,20028,0,0,0,0,0,0,0,0,3
1.252000,324.97,14.870,8.940,195,195,72.000,86,73,18.000,39.000,55.000,110,107,171,160,76,76,76,76,76,76,1,0,0,3,30,1,28.000,1,1,3,3,86,1,0,0,7,0,0,87,1,0,2,0,1,1,1,1,1,1,0,0,0,20032,0,0,0,0,0,0,0,0,3
1.252250,325.08,14.890,8.940,195,195,72.000,86,73,18.000,39.000,55.000,110,107,171,160,76,76,76,76,76,76,1,0,0,3,30,1,28.000,1,1,3,3,86,1,0,0,7,0,0,87,1,0,2,0,1,1,1,1,1,1,0,0,0,20036,0,0,0,0,0,0,0,0,3
1.252500,325.19,14.910,8.940,195,195,72.000,86,73,18.000,39.000,55.000,110,107,171,160,76,76,76,76,76,76,1,0,0,3,30,1,28.000,1,1,3,3,86,1,0,0,7,0,0,87,1,0,2,0,1,1,1,1,1,1,0,0,0,20040,0,0,0,0,0,0,0,0,3
1.252750,325.30,14.930,8.940,195,195,72.000,86,73,18.000,39.000,55.000,110,107,171,160,76,76,76,76,76,76,1,0,0,3,30,1,28.000,1,1,3,3,86,1,0,0,7,0,0,87,1,0,2,0,1,1,1,1,1,1,0,0,0,20044,0,0,0,0,0,0,0,0,3
1.253000,325.40,14.950,8.990,195,195,72.000,86,73,18.000,39.000,55.000,111,107,171,160,76,76,76,76,76,76,1,0,0,3,30,1,28.000,1,1,3,3,86,1,0,0,7,0,0,87,1,0,2,0,1,1,1,1,1,1,0,0,0,20048,0,0,0,0,0,0,0,0,3
1.253250,325.51,14.970,8.990,194,194,72.000,86,73,18.000,39.000,55.000,111,106,170,160,75,75,75,75,75,75,1,0,0,3,30,1,28.000,1,1,3,3,86,1,0,0,7,0,0,87,1,0,2,0,1,1,1,1,1,1,0,0,0,20052,0,0,0,0,0,0,0,0,3
1.253500,325.62,14.991,8.990,194,194,72.000,86,73,18.000,39.000,55.000,111,106,170,160,75,75,75,75,75,75,1,0,0,3,30,1,28.000,1,1,3,3,86,1,0,0,7,0,0,87,1,0,2,0,1,1,1,1,1,1,0,0,0,20056,0,0,0,0,0,0,0,0,3
1.253750,325.73,15.012,8.990,194,194,72.000,86,73,18.000,39.000,55.000,111,106,170,160,75,75,75,75,75,75,1,0,0,3,30,1,28.000,1,1,3,3,86,1,0,0,7,0,0,87,1,0,2,0,1,1,1,1,1,1,0,0,0,20060,0,0,0,0,0,0,0,0,3
1.254000,325.84,15.033,9.050,194,194,72.000,86,73,18.000,39.000,55.000,111,106,170,160,75,75,75,75,75,75,1,0,0,3,30,1,28.000,1,1,3,3,86,1,0,0,7,0,0,87,1,0,2,0,1,1,1,1,1,1,0,0,0,20064,0,0,0,0,0,0,0,0,3
1.254250,325.94,15.054,9.050,194,194,72.000,86,73,18.000,39.000,55.000,111,106,170,160,75,75,75,75,75,75,1,0,0,3,30,1,28.000,1,1,3,3,86,1,0,0,7,0,0,87,1,0,2,0,1,1,1,1,1,1,0,0,0,20068,0,0,0,0,0,0,0,0,3
1.254500,326.05,15.075,9.050,194,194,72.000,86,73,18.000,39.000,55.000,111,106,170,160,75,75,75,75,75,75,1,0,0,3,30,1,28.000,1,1,3,3,86,1,0,0,7,0,0,87,1,0,2,0,1,1,1,1,1,1,0,0,0,20072,0,0,0,0,0,0,0,0,3
1.254750,326.16,15.097,9.050,194,194,72.000,86,73,18.000,39.000,55.000,111,106,170,160,75,75,75,75,75,75,1,0,0,3,30,1,28.000,1,1,3,3,86,1,0,0,7,0,0,87,1,0,2,0,1,1,1,1,1,1,0,0,0,20076,0,0,0,0,0,0,0,0,3
1.255000,326.27,15.118,9.050,194,194,72.000,86,73,18.000,39.000,55.000,111,106,170,160,75,75,75,75,75,75,1,0,0,3,30,1,28.000,1,1,1,1,87,1,0,0,8,0,0,88,1,0,2,0,1,1,1,1,1,1,0,0,0,20080,0,0,0,0,0,0,0,0,3
1.255250,326.38,15.140,9.100,194,194,72.000,86,73,18.000,39.000,55.000,112,106,170,160,75,75,75,75,75,75,1,0,0,3,30,1,28.000,1,1,1,1,87,1,0,0,8,0,0,88,1,0,2,0,1,1,1,1,1,1,0,0,0,20084,0,0,0,0,0,0,0,0,3
1.255500,326.48,15.162,9.100,194,194,72.000,86,73,18.000,39.000,55.000,112,106,170,160,75,75,75,75,75,75,1,0,0,3,30,1,28.000,1,1,1,1,87,1,0,0,8,0,0,88,1,0,2,0,1,1,1,1,1,1,0,0,0,20088,0,0,0,0,0,0,0,0,3
1.255750,326.59,15.184,9.100,194,194,72.000,86,73,18.000,39.000,55.000,112,106,170,160,75,75,75,75,75,75,1,0,0,3,30,1,28.000,1,1,1,1,87,1,0,0,8,0,0,88,1,0,2,0,1,1,1,1,1,1,0,0,0,20092,0,0,0,0,0,0,0,0,3
1.256000,326.70,15.206,9.100,194,194,72.000,86,73,18.000,39.000,55.000,112,106,170,160,75,75,75,75,75,75,1,0,0,3,30,1,28.000,1,1,1,1,87,1,0,0,8,0,0,88,1,0,2,0,1,1,1,1,1,1,0,0,0,20096,0,0,0,0,0,0,0,0,3
1.256250,326.81,15.229,9.150,194,194,72.000,86,73,18.000,39.000,55.000,113,106,170,160,75,75,75,75,75,75,1,0,0,3,30,1,28.000,1,1,1,1,87,1,0,0,8,0,0,88,1,0,2,0,1,1,1,1,1,1,0,0,0,20100,0,0,0,0,0,0,0,0,3
1.256500,326.92,15.252,9.150,194,194,72.000,86,73,18.000,39.000,55.000,113,106,170,160,75,75,75,75,75,75,1,0,0,3,30,1,28.000,1,1,1,1,87,1,0,0,8,0,0,88,1,0,2,0,1,1,1,1,1,1,0,0,0,20104,0,0,0,0,0,0,0,0,3
1.256750,327.02,15.274,9.150,194,194,72.000,86,73,18.000,39.000,55.000,113,106,170,160,75,75,75,75,75,75,1,0,0,3,30,1,28.000,1,1,1,1,87,1,0,0,8,0,0,88,1,0,2,0,1,1,1,1,1,1,0,0,0,20108,0,0,0,0,0,0,0,0,3
1.257000,327.13,15.297,9.150,194,194,72.000,86,73,18.000,39.000,55.000,113,106,170,160,75,75,75,75,75,75,1,0,0,3,30,1,28.000,1,1,1,1,87,1,0,0,8,0,0,88,1,0,2,0,1,1,1,1,1,1,0,0,0,20112,0,0,0,0,0,0,0,0,3
1.257250,327.24,15.321,9.210,194,194,72.000,86,73,18.000,39.000,55.000,113,106,170,160,75,75,75,75,75,75,1,0,0,3,30,1,28.000,1,1,1,1,87,1,0,0,8,0,0,88,1,0,2,0,1,1,1,1,1,1,0,0,0,20116,0,0,0,0,0,0,0,0,3
1.257500,327.35,15.344,9.210,194,194,72.000,86,73,18.000,39.000,55.000,113,106,170,160,75,75,75,75,75,75,1,0,0,3,30,1,28.000,1,1,1,1,87,1,0,0,8,0,0,88,1,0,2,0,1,1,1,1,1,1,0,0,0,20120,0,0,0,0,0,0,0,0,3
1.257750,327.46,15.367,9.210,194,194,72.000,86,73,18.000,39.000,55.000,113,106,170,160,75,75,75,75,75,75,1,0,0,3,30,1,28.000,1,1,1,1,87,1,0,0,8,0,0,88,1,0,2,0,1,1,1,1,1,1,0,0,0,20124,0,0,0,0,0,0,0,0,3
1.258000,327.56,15.391,9.210,194,194,72.000,86,73,18.000,39.000,55.000,113,106,170,160,75,75,75,75,75,75,1,0,0,3,30,1,28.000,1,1,1,1,87,1,0,0,8,0,0,88,1,0,2,0,1,1,1,1,1,1,0,0,0,20128,0,0,0,0,0,0,0,0,3
1.258250,327.67,15.415,9.260,194,194,72.000,86,73,18.000,39.000,55.000,114,106,170,160,75,75,75,75,75,75,1,0,0,3,30,1,28.000,1,1,1,1,87,1,0,0,8,0,0,88,1,0,2,0,1,1,1,1,1,1,0,0,0,20132,0,0,0,0,0,0,0,0,3
1.258500,327.78,15.439,9.260,194,194,72.000,86,73,18.000,39.000,55.000,114,106,170,160,75,75,75,75,75,75,1,0,0,3,30,1,28.000,1,1,1,1,87,1,0,0,8,0,0,88,1,0,2,0,1,1,1,1,1,1,0,0,0,20136,0,0,0,0,0,0,0,0,3
1.258750,327.89,15.463,9.260,194,194,72.000,86,73,18.000,39.000,55.000,114,106,170,160,75,75,75,75,75,75,1,0,0,3,30,1,28.000,1,1,1,1,87,1,0,0,8,0,0,88,1,0,2,0,1,1,1,1,1,1,0,0,0,20140,0,0,0,0,0,0,0,0,3
1.259000,328.00,15.487,9.260,194,194,72.000,86,73,18.000,39.000,55.000,114,106,170,160,75,75,75,75,75,75,1,0,0,3,30,1,28.000,1,1,1,1,87,1,0,0,8,0,0,88,1,0,2,0,1,1,1,1,1,1,0,0,0,20144,0,0,0,0,0,0,0,0,3
1.259250,328.10,15.512,9.320,194,194,72.000,86,73,18.000,39.000,55.000,115,106,170,160,75,75,75,75,75,75,1,0,0,3,30,1,28.000,1,1,1,1,87,1,0,0,8,0,0,88,1,0,2,0,1,1,1,1,1,1,0,0,0,20148,0,0,0,0,0,0,0,0,3
1.259500,328.21,15.536,9.320,194,194,72.000,86,73,18.000,39.000,55.000,115,106,170,160,75,75,75,75,75,75,1,0,0,3,30,1,28.000,1,1,1,1,87,1,0,0,8,0,0,88,1,0,2,0,1,1,1,1,1,1,0,0,0,20152,0,0,0,0,0,0,0,0,3
1.259750,328.32,15.561,9.320,194,194,72.000,86,73,18.000,39.000,55.000,115,106,170,160,75,75,75,75,75,75,1,0,0,3,30,1,28.000,1,1,1,1,87,1,0,0,8,0,0,88,1,0,2,0,1,1,1,1,1,1,0,0,0,20156,0,0,0,0,0,0,0,0,3
1.260000,328.43,15.586,9.370,194,194,72.000,86,73,18.000,39.000,55.000,115,106,170,160,75,75,75,75,75,75,1,0,0,3,30,1,28.000,1,1,1,1,87,1,0,0,8,0,0,88,1,0,2,0,1,1,1,1,1,1,0,0,0,20160,0,0,0,0,0,0,0,0,3
1.260250,328.54,15.611,9.370,194,194,72.000,86,73,18.000,39.000,55.000,115,106,170,160,75,75,75,75,75,75,1,0,0,3,30,1,28.000,1,1,1,1,87,1,0,0,8,0,0,88,1,0,2,0,1,1,1,1,1,1,0,0,0,20164,0,0,0,0,0,0,0,0,3
1.260500,328.64,15.637,9.370,194,194,72.000,86,73,18.000,39.000,55.000,115,106,170,160,75,75,75,75,75,75,1,0,0,3,30,1,28.000,1,1,1,1,87,1,0,0,8,0,0,88,1,0,2,0,1,1,1,1,1,1,0,0,0,20168,0,0,0,0,0,0,0,0,3
1.260750,328.75,15.662,9.370,195,195,72.000,86,73,18.000,39.000,55.000,115,107,171,160,76,76,76,76,76,76,1,0,0,3,30,1,28.000,1,1,1,1,87,1,0,0,8,0,0,88,1,0,2,0,1,1,1,1,1,1,0,0,0,20172,0,0,0,0,0,0,0,0,3
1.261000,328.86,15.688,9.430,195,195,72.000,86,73,18.000,39.000,55.000,116,107,171,160,76,76,76,76,76,76,1,0,0,3,30,1,28.000,1,1,1,1,87,1,0,0,8,0,0,88,1,0,2,0,1,1,1,1,1,1,0,0,0,20176,0,0,0,0,0,0,0,0,3
1.261250,328.97,15.714,9.430,195,195,72.000,86,73,18.000,39.000,55.000,116,107,171,160,76,76,76,76,76,76,1,0,0,3,30,1,28.000,1,1,1,1,87,1,0,0,8,0,0,88,1,0,2,0,1,1,1,1,1,1,0,0,0,20180,0,0,0,0,0,0,0,0,3
1.261500,329.08,15.739,9.430,195,195,72.000,86,73,18.000,39.000,55.000,116,107,171,160,76,76,76,76,76,76,1,0,0,3,30,1,28.000,1,1,1,1,87,1,0,0,8,0,0,88,1,0,2,0,1,1,1,1,1,1,0,0,0,20184,0,0,0,0,0,0,0,0,3
1.261750,329.18,15.766,9.480,195,195,72.000,86,73,18.000,39.000,55.000,117,107,171,160,76,76,76,76,76,76,1,0,0,3,30,1,28.000,1,1,1,1,87,1,0,0,8,0,0,88,1,0,2,0,1,1,1,1,1,1,0,0,0,20188,0,0,0,0,0,0,0,0,3
1.262000,329.29,15.792,9.480,195,195,72.000,86,73,18.000,39.000,55.000,117,107,171,160,76,76,76,76,76,76,1,0,0,3,30,1,28.000,1,1,1,1,87,1,0,0,8,0,0,88,1,0,2,0,1,1,1,1,1,1,0,0,0,20192,0,0,0,0,0,0,0,0,3
1.262250,329.40,15.818,9.480,195,195,72.000,86,73,18.000,39.000,55.000,117,107,171,160,76,76,76,76,76,76,1,0,0,3,30,1,28.000,1,1,1,1,87,1,0,0,8,0,0,88,1,0,2,0,1,1,1,1,1,1,0,0,0,20196,0,0,0,0,0,0,0,0,3
1.262500,329.51,15.845,9.480,195,195,72.000,86,73,18.000,39.000,55.000,117,107,171,160,76,76,76,76,76,76,1,0,0,3,30,1,28.000,1,1,1,1,87,1,0,0,8,0,0,88,1,0,2,0,1,1,1,1,1,1,0,0,0,20200,0,0,0,0,0,0,0,0,3
1.262750,329.62,15.872,9.540,195,195,72.000,86,73,18.000,39.000,55.000,117,107,171,160,76,76,76,76,76,76,1,0,0,3,30,1,28.000,1,1,1,1,87,1,0,0,8,0,0,88,1,0,2,0,1,1,1,1,1,1,0,0,0,20204,0,0,0,0,0,0,0,0,3
1.263000,329.72,15.899,9.540,195,195,72.000,86,73,18.000,39.000,55.000,117,107,171,160,76,76,76,76,76,76,1,0,0,3,30,1,28.000,1,1,1,1,87,1,0,0,8,0,0,88,1,0,2,0,1,1,1,1,1,1,0,0,0,20208,0,0,0,0,0,0,0,0,3
1.263250,329.83,15.926,9.540,195,195,72.000,86,73,18.000,39.000,55.000,117,107,171,160,76,76,76,76,76,76,1,0,0,3,30,1,28.000,1,1,1,1,87,1,0,0,8,0,0,88,1,0,2,0,1,1,1,1,1,1,0,0,0,20212,0,0,0,0,0,0,0,0,3
1.263500,329.94,15.953,9.590,195,195,72.000,86,73,18.000,39.000,55.000,118,107,171,160,76,76,76,76,76,76,1,0,0,3,30,1,28.000,1,1,1,1,87,1,0,0,8,0,0,88,1,0,2,0,1,1,1,1,1,1,0,0,0,20216,0,0,0,0,0,0,0,0,3
1.263750,330.05,15.980,9.590,195,195,72.000,71,72,18.000,39.000,55.000,116,105,169,160,76,76,76,76,76,76,1,0,0,3,30,1,28.000,1,1,0,0,88,1,0,0,9,0,0,89,1,0,2,0,1,1,1,1,1,1,0,0,0,20220,0,0,0,0,0,0,0,0,3
1.264000,330.16,16.008,9.590,195,195,72.000,71,72,18.000,39.000,55.000,116,105,169,160,76,76,76,76,76,76,1,0,0,3,30,1,28.000,1,1,0,0,88,1,0,0,9,0,0,89,1,0,2,0,1,1,1,1,1,1,0,0,0,20224,0,0,0,0,0,0,0,0,3
1.264250,330.26,16.036,9.640,195,195,72.000,71,72,18.000,39.000,55.000,117,105,169,160,76,76,76,76,76,76,1,0,0,3,30,1,28.000,1,1,0,0,88,1,0,0,9,0,0,89,1,0,2,0,1,1,1,1,1,1,0,0,0,20228,0,0,0,0,0,0,0,0,3
1.264500,330.37,16.063,9.640,195,195,72.000,71,72,18.000,39.000,55.000,117,105,169,160,76,76,76,76,76,76,1,0,0,3,30,1,28.000,1,1,0,0,88,1,0,0,9,0,0,89,1,0,2,0,1,1,1,1,1,1,0,0,0,20232,0,0,0,0,0,0,0,0,3
1.264750,330.48,16.091,9.640,195,195,72.000,71,72,18.000,39.000,55.000,117,105,169,160,76,76,76,76,76,76,1,0,0,3,30,1,28.000,1,1,0,0,88,1,0,0,9,0,0,89,1,0,2,0,1,1,1,1,1,1,0,0,0,20236,0,0,0,0,0,0,0,0,3
1.265000,330.59,16.120,9.640,195,195,72.000,71,72,18.000,39.000,55.000,117,105,169,160,76,76,76,76,76,76,1,0,0,3,30,1,28.000,1,1,0,0,88,1,0,0,9,0,0,89,1,0,2,0,1,1,1,1,1,1,0,0,0,20240,0,0,0,0,0,0,0,0,3
1.265250,330.70,16.148,9.700,195,195,72.000,71,72,18.000,39.000,55.000,118,105,169,160,76,76,76,76,76,76,1,0,0,3,30,1,28.000,1,1,0,0,88,1,0,0,9,0,0,89,1,0,2,0,1,1,1,1,1,1,0,0,0,20244,0,0,0,0,0,0,0,0,3
1.265500,330.80,16.176,9.700,195,195,72.000,71,72,18.000,39.000,55.000,118,105,169,160,76,76,76,76,76,76,1,0,0,3,30,1,28.000,1,1,0,0,88,1,0,0,9,0,0,89,1,0,2,0,1,1,1,1,1,1,0,0,0,20248,0,0,0,0,0,0,0,0,3
1.265750,330.91,16.205,9.700,195,195,72.000,71,72,18.000,39.000,55.000,118,105,169,160,76,76,76,76,76,76,1,0,0,3,30,1,28.000,1,1,0,0,88,1,0,0,9,0,0,89,1,0,2,0,1,1,1,1,1,1,0,0,0,20252,0,0,0,0,0,0,0,0,3
1.266000,331.02,16.234,9.750,195,195,72.000,71,72,18.000,39.000,55.000,118,105,169,160,76,76,76,76,76,76,1,0,0,3,30,1,28.000,1,1,0,0,88,1,0,0,9,0,0,89,1,0,2,0,1,1,1,1,1,1,0,0,0,20256,0,0,0,0,0,0,0,0,3
1.266250,331.13,16.263,9.750,196,196,72.000,71,72,18.000,39.000,55.000,118,106,170,160,76,76,76,76,76,76,1,0,0,3,30,1,28.000,1,1,0,0,88,1,0,0,9,0,0,89,1,0,2,0,1,1,1,1,1,1,0,0,0,20260,0,0,0,0,0,0,0,0,3
1.266500,331.24,16.292,9.750,196,196,72.000,71,72,18.000,39.000,55.000,118,106,170,160,76,76,76,76,76,76,1,0,0,3,30,1,28.000,1,1,0,0,88,1,0,0,9,0,0,89,1,0,2,0,1,1,1,1,1,1,0,0,0,20264,0,0,0,0,0,0,0,0,3
1.266750,331.34,16.321,9.810,196,196,72.000,71,72,18.000,39.000,55.000,119,106,170,160,76,76,76,76,76,76,1,0,0,3,30,1,28.000,1,1,0,0,88,1,0,0,9,0,0,89,1,0,2,0,1,1,1,1,1,1,0,0,0,20268,0,0,0,0,0,0,0,0,3
1.267000,331.45,16.351,9.810,196,196,72.000,71,72,18.000,39.000,55.000,119,106,170,160,76,76,76,76,76,76,1,0,0,3,30,1,28.000,1,1,0,0,88,1,0,0,9,0,0,89,1,0,2,0,1,1,1,1,1,1,0,0,0,20272,0,0,0,0,0,0,0,0,3
1.267250,331.56,16.380,9.810,196,196,72.000,71,72,18.000,39.000,55.000,119,106,170,160,76,76,76,76,76,76,1,0,0,3,30,1,28.000,1,1,0,0,88,1,0,0,9,0,0,89,1,0,2,0,1,1,1,1,1,1,0,0,0,20276,0,0,0,0,0,0,0,0,3
1.267500,331.67,16.410,9.860,196,196,72.000,71,72,18.000,39.000,55.000,120,106,170,160,76,76,76,76,76,76,1,0,0,3,30,1,28.000,1,1,0,0,88,1,0,0,9,0,0,89,1,0,2,0,1,1,1,1,1,1,0,0,0,20280,0,0,0,0,0,0,0,0,3
1.267750,331.78,16.440,9.860,196,196,72.000,71,72,18.000,39.000,55.000,120,106,170,160,76,76,76,76,76,76,1,0,0,3,30,1,28.000,1,1,0,0,88,1,0,0,9,0,0,89,1,0,2,0,1,1,1,1,1,1,0,0,0,20284,0,0,0,0,0,0,0,0,3
1.268000,331.88,16.470,9.860,196,196,72.000,71,72,18.000,39.000,55.000,120,106,170,160,76,76,76,76,76,76,1,0,0,3,30,1,28.000,1,1,0,0,88,1,0,0,9,0,0,89,1,0,2,0,1,1,1,1,1,1,0,0,0,20288,0,0,0,0,0,0,0,0,3
1.268250,331.99,16.500,9.920,196,196,72.000,71,72,18.000,39.000,55.000,120,106,170,160,76,76,76,76,76,76,1,0,0,3,30,1,28.000,1,1,0,0,88,1,0,0,9,0,0,89,1,0,2,0,1,1,1,1,1,1,0,0,0,20292,0,0,0,0,0,0,0,0,3
1.268500,332.10,16.531,9.920,196,196,72.000,71,72,18.000,39.000,55.000,120,106,170,160,76,76,76,76,76,76,1,0,0,3,30,1,28.000,1,1,0,0,88,1,0,0,9,0,0,89,1,0,2,0,1,1,1,1,1,1,0,0,0,20296,0,0,0,0,0,0,0,0,3
1.268750,332.21,16.561,9.920,196,196,72.000,71,72,18.000,39.000,55.000,120,106,170,160,76,76,76,76,76,76,1,0,0,3,30,1,28.000,1,1,0,0,88,1,0,0,9,0,0,89,1,0,2,0,1,1,1,1,1,1,0,0,0,20300,0,0,0,0,0,0,0,0,3
1.269000,332.32,16.592,9.970,196,196,72.000,71,72,18.000,39.000,55.000,121,106,170,160,76,76,76,76,76,76,1,0,0,3,30,1,28.000,1,1,0,0,88,1,0,0,9,0,0,89,1,0,2,0,1,1,1,1,1,1,0,0,0,20304,0,0,0,0,0,0,0,0,3
1.269250,332.42,16.623,9.970,196,196,72.000,71,72,18.000,39.000,55.000,121,106,170,160,76,76,76,76,76,76,1,0,0,3,30,1,28.000,1,1,0,0,88,1,0,0,9,0,0,89,1,0,2,0,1,1,1,1,1,1,0,0,0,20308,0,0,0,0,0,0,0,0,3
1.269500,332.53,16.654,9.970,197,197,72.000,71,72,18.000,39.000,55.000,121,106,171,160,76,76,76,76,76,76,1,0,0,3,30,1,28.000,1,1,0,0,88,1,0,0,9,0,0,89,1,0,2,0,1,1,1,1,1,1,0,0,0,20312,0,0,0,0,0,0,0,0,3
1.269750,332.64,16.685,10.030,197,197,72.000,71,72,18.000,39.000,55.000,122,106,171,160,76,76,76,76,76,76,1,0,0,3,30,1,28.000,1,1,0,0,88,1,0,0,9,0,0,89,1,0,2,0,1,1,1,1,1,1,0,0,0,20316,0,0,0,0,0,0,0,0,3
1.270000,332.75,16.716,10.030,197,197,72.000,71,72,18.000,39.000,55.000,122,106,171,160,76,76,76,76,76,76,1,0,0,3,30,1,28.000,1,1,0,0,88,1,0,0,9,0,0,89,1,0,2,0,1,1,1,1,1,1,0,0,0,20320,0,0,0,0,0,0,0,0,3
1.270250,332.86,16.747,10.030,197,197,72.000,71,72,18.000,39.000,55.000,122,106,171,160,76,76,76,76,76,76,1,0,0,3,30,1,28.000,1,1,0,0,88,1,0,0,9,0,0,89,1,0,2,0,1,1,1,1,1,1,0,0,0,20324,0,0,0,0,0,0,0,0,3
1.270500,332.96,16.779,10.080,197,197,72.000,71,72,18.000,39.000,55.000,122,106,171,160,76,76,76,76,76,76,1,0,0,3,30,1,28.000,1,1,0,0,88,1,0,0,9,0,0,89,1,0,2,0,1,1,1,1,1,1,0,0,0,20328,0,0,0,0,0,0,0,0,3
1.270750,333.07,16.811,10.080,197,197,72.000,71,72,18.000,39.000,55.000,122,106,171,160,76,76,76,76,76,76,1,0,0,3,30,1,28.000,1,1,0,0,88,1,0,0,9,0,0,89,1,0,2,0,1,1,1,1,1,1,0,0,0,20332,0,0,0,0,0,0,0,0,3
1.271000,333.18,16.842,10.080,197,197,72.000,71,72,18.000,39.000,55.000,122,106,171,160,76,76,76,76,76,76,1,0,0,3,30,1,28.000,1,1,0,0,88,1,0,0,9,0,0,89,1,0,2,0,1,1,1,1,1,1,0,0,0,20336,0,0,0,0,0,0,0,0,3
1.271250,333.29,16.874,10.130,197,197,72.000,71,72,18.000,39.000,55.000,123,106,171,160,76,76,76,76,76,76,1,0,0,3,30,1,28.000,1,1,0,0,88,1,0,0,9,0,0,89,1,0,2,0,1,1,1,1,1,1,0,0,0,20340,0,0,0,0,0,0,0,0,3
1.271500,333.40,16.907,10.130,197,197,72.000,71,72,18.000,39.000,55.000,123,106,171,160,76,76,76,76,76,76,1,0,0,3,30,1,28.000,1,1,0,0,88,1,0,0,9,0,0,89,1,0,2,0,1,1,1,1,1,1,0,0,0,20344,0,0,0,0,0,0,0,0,3
1.271750,333.50,16.939,10.130,197,197,72.000,71,72,18.000,39.000,55.000,123,106,171,160,76,76,76,76,76,76,1,0,0,3,30,1,28.000,1,1,0,0,88,1,0,0,9,0,0,89,1,0,2,0,1,1,1,1,1,1,0,0,0,20348,0,0,0,0,0,0,0,0,3
1.272000,333.61,16.971,10.190,198,198,72.000,71,72,18.000,39.000,55.000,124,107,172,160,77,77,77,77,77,77,1,0,0,3,30,1,28.000,1,1,0,0,88,1,0,0,9,0,0,89,1,0,2,0,1,1,1,1,1,1,0,0,0,20352,0,0,0,0,0,0,0,0,3
1.272250,333.72,17.004,10.190,198,198,72.000,71,72,18.000,39.000,55.000,124,107,172,160,77,77,77,77,77,77,1,0,0,3,30,1,28.000,1,1,0,0,88,1,0,0,9,0,0,89,1,0,2,0,1,1,1,1,1,1,0,0,0,20356,0,0,0,0,0,0,0,0,3
1.272500,333.83,17.037,10.240,198,198,72.000,71,72,18.000,39.000,55.000,124,107,172,160,77,77,77,77,77,77,1,0,0,3,30,1,28.000,1,1,2,2,89,1,0,0,10,0,0,90,1,0,2,0,1,1,1,1,1,1,0,0,0,20360,0,0,0,0,0,0,0,0,3
1.272750,333.94,17.070,10.240,198,198,72.000,71,72,18.000,39.000,55.000,124,107,172,160,77,77,77,77,77,77,1,0,0,3,30,1,28.000,1,1,2,2,89,1,0,0,10,0,0,90,1,0,2,0,1,1,1,1,1,1,0,0,0,20364,0,0,0,0,0,0,0,0,3
1.273000,334.04,17.103,10.240,198,198,72.000,71,72,18.000,39.000,55.000,124,107,172,160,77,77,77,77,77,77,1,0,0,3,30,1,28.000,1,1,2,2,89,1,0,0,10,0,0,90,1,0,2,0,1,1,1,1,1,1,0,0,0,20368,0,0,0,0,0,0,0,0,3
1.273250,334.15,17.136,10.300,198,198,72.000,71,72,18.000,39.000,55.000,125,107,172,160,77,77,77,77,77,77,1,0,0,3,30,1,28.000,1,1,2,2,89,1,0,0,10,0,0,90,1,0,2,0,1,1,1,1,1,1,0,0,0,20372,0,0,0,0,0,0,0,0,3
1.273500,334.26,17.169,10.300,198,198,72.000,71,72,18.000,39.000,55.000,125,107,172,160,77,77,77,77,77,77,1,0,0,3,30,1,28.000,1,1,2,2,89,1,0,0,10,0,0,90,1,0,2,0,1,1,1,1,1,1,0,0,0,20376,0,0,0,0,0,0,0,0,3
1.273750,334.37,17.203,10.300,198,198,72.000,71,72,18.000,39.000,55.000,125,107,172,160,77,77,77,77,77,77,1,0,0,3,30,1,28.000,1,1,2,2,89,1,0,0,10,0,0,90,1,0,2,0,1,1,1,1,1,1,0,0,0,20380,0,0,0,0,0,0,0,0,3
1.274000,334.48,17.236,10.350,199,199,72.000,71,72,18.000,39.000,55.000,126,108,173,160,77,77,77,77,77,77,1,0,0,3,30,1,28.000,1,1,2,2,89,1,0,0,10,0,0,90,1,0,2,0,1,1,1,1,1,1,0,0,0,20384,0,0,0,0,0,0,0,0,3
1.274250,334.58,17.270,10.350,199,199,72.000,71,72,18.000,39.000,55.000,126,108,173,160,77,77,77,77,77,77,1,0,0,3,30,1,28.000,1,1,2,2,89,1,0,0,10,0,0,90,1,0,2,0,1,1,1,1,1,1,0,0,0,20388,0,0,0,0,0,0,0,0,3
1.274500,334.69,17.304,10.410,199,199,72.000,71,72,18.000,39.000,55.000,126,108,173,160,77,77,77,77,77,77,1,0,0,3,30,1,28.000,1,1,2,2,89,1,0,0,10,0,0,90,1,0,2,0,1,1,1,1,1,1,0,0,0,20392,0,0,0,0,0,0,0,0,3
1.274750,334.80,17.338,10.410,199,199,72.000,71,72,18.000,39.000,55.000,126,108,173,160,77,77,77,77,77,77,1,0,0,3,30,1,28.000,1,1,2,2,89,1,0,0,10,0,0,90,1,0,2,0,1,1,1,1,1,1,0,0,0,20396,0,0,0,0,0,0,0,0,3
1.275000,334.91,17.372,10.410,199,199,72.000,71,72,18.000,39.000,55.000,126,108,173,160,77,77,77,77,77,77,1,0,0,3,30,1,28.000,1,1,2,2,89,1,0,0,10,0,0,90,1,0,2,0,1,1,1,1,1,1,0,0,0,20400,0,0,0,0,0,0,0,0,3
1.275250,335.02,17.406,10.460,199,199,72.000,71,72,18.000,39.000,55.000,127,108,173,160,77,77,77,77,77,77,1,0,0,3,30,1,28.000,1,1,2,2,89,1,0,0,10,0,0,90,1,0,2,0,1,1,1,1,1,1,0,0,0,20404,0,0,0,0,0,0,0,0,3
1.275500,335.12,17.441,10.460,199,199,72.000,71,72,18.000,39.000,55.000,127,108,173,160,77,77,77,77,77,77,1,0,0,3,30,1,28.000,1,1,2,2,89,1,0,0,10,0,0,90,1,0,2,0,1,1,1,1,1,1,0,0,0,20408,0,0,0,0,0,0,0,0,3
1.275750,335.23,17.475,10.460,199,199,72.000,71,72,18.000,39.000,55.000,127,108,173,160,77,77,77,77,77,77,1,0,0,3,30,1,28.000,1,1,2,2,89,1,0,0,10,0,0,90,1,0,2,0,1,1,1,1,1,1,0,0,0,20412,0,0,0,0,0,0,0,0,3
1.276000,335.34,17.510,10.510,200,200,72.000,71,72,18.000,39.000,55.000,128,109,174,160,78,78,78,78,78,78,1,0,0,3,30,1,28.000,1,1,2,2,89,1,0,0,10,0,0,90,1,0,2,0,1,1,1,1,1,1,0,0,0,20416,0,0,0,0,0,0,0,0,3
1.276250,335.45,17.545,10.510,200,200,72.000,71,72,18.000,39.000,55.000,128,109,174,160,78,78,78,78,78,78,1,0,0,3,30,1,28.000,1,1,2,2,89,1,0,0,10,0,0,90,1,0,2,0,1,1,1,1,1,1,0,0,0,20420,0,0,0,0,0,0,0,0,3
1.276500,335.56,17.580,10.570,200,200,72.000,71,72,18.000,39.000,55.000,128,109,174,160,78,78,78,78,78,78,1,0,0,3,30,1,28.000,1,1,2,2,89,1,0,0,10,0,0,90,1,0,2,0,1,1,1,1,1,1,0,0,0,20424,0,0,0,0,0,0,0,0,3
1.276750,335.66,17.615,10.570,200,200,72.000,71,72,18.000,39.000,55.000,128,109,174,160,78,78,78,78,78,78,1,0,0,3,30,1,28.000,1,1,2,2,89,1,0,0,10,0,0,90,1,0,2,0,1,1,1,1,1,1,0,0,0,20428,0,0,0,0,0,0,0,0,3
1.277000,335.77,17.650,10.570,200,200,72.000,71,72,18.000,39.000,55.000,128,109,174,160,78,78,78,78,78,78,1,0,0,3,30,1,28.000,1,1,2,2,89,1,0,0,10,0,0,90,1,0,2,0,1,1,1,1,1,1,0,0,0,20432,0,0,0,0,0,0,0,0,3
1.277250,335.88,17.686,10.620,200,200,72.000,71,72,18.000,39.000,55.000,129,109,174,160,78,78,78,78,78,78,1,0,0,3,30,1,28.000,1,1,2,2,89,1,0,0,10,0,0,90,1,0,2,0,1,1,1,1,1,1,0,0,0,20436,0,0,0,0,0,0,0,0,3
1.277500,335.99,17.721,10.620,200,200,72.000,71,72,18.000,39.000,55.000,129,109,174,160,78,78,78,78,78,78,1,0,0,3,30,1,28.000,1,1,2,2,89,1,0,0,10,0,0,90,1,0,2,0,1,1,1,1,1,1,0,0,0,20440,0,0,0,0,0,0,0,0,3
1.277750,336.10,17.757,10.620,201,201,72.000,71,72,18.000,39.000,55.000,129,109,175,160,78,78,78,78,78,78,1,0,0,3,30,1,28.000,1,1,2,2,89,1,0,0,10,0,0,90,1,0,2,0,1,1,1,1,1,1,0,0,0,20444,0,0,0,0,0,0,0,0,3
1.278000,336.20,17.793,10.680,201,201,72.000,71,72,18.000,39.000,55.000,130,109,175,160,78,78,78,78,78,78,1,0,0,3,30,1,28.000,1,1,2,2,89,1,0,0,10,0,0,90,1,0,2,0,1,1,1,1,1,1,0,0,0,20448,0,0,0,0,0,0,0,0,3
1.278250,336.31,17.829,10.680,201,201,72.000,71,72,18.000,39.000,55.000,130,109,175,160,78,78,78,78,78,78,1,0,0,3,30,1,28.000,1,1,2,2,89,1,0,0,10,0,0,90,1,0,2,0,1,1,1,1,1,1,0,0,0,20452,0,0,0,0,0,0,0,0,3
1.278500,336.42,17.865,10.730,201,201,72.000,71,72,18.000,39.000,55.000,130,109,175,160,78,78,78,78,78,78,1,0,0,3,30,1,28.000,1,1,2,2,89,1,0,0,10,0,0,90,1,0,2,0,1,1,1,1,1,1,0,0,0,20456,0,0,0,0,0,0,0,0,3
1.278750,336.53,17.901,10.730,201,201,72.000,71,72,18.000,39.000,55.000,130,109,175,160,78,78,78,78,78,78,1,0,0,3,30,1,28.000,1,1,2,2,89,1,0,0,10,0,0,90,1,0,2,0,1,1,1,1,1,1,0,0,0,20460,0,0,0,0,0,0,0,0,3
1.279000,336.64,17.938,10.790,201,201,72.000,71,72,18.000,39.000,55.000,131,109,175,160,78,78,78,78,78,78,1,0,0,3,30,1,28.000,1,1,2,2,89,1,0,0,10,0,0,90,1,0,2,0,1,1,1,1,1,1,0,0,0,20464,0,0,0,0,0,0,0,0,3
1.279250,336.74,17.974,10.790,201,201,72.000,71,72,18.000,39.000,55.000,131,109,175,160,78,78,78,78,78,78,1,0,0,3,30,1,28.000,1,1,2,2,89,1,0,0,10,0,0,90,1,0,2,0,1,1,1,1,1,1,0,0,0,20468,0,0,0,0,0,0,0,0,3
1.279500,336.85,18.011,10.790,202,202,72.000,71,72,18.000,39.000,55.000,131,110,176,160,79,79,79,79,79,79,1,0,0,3,30,1,28.000,1,1,2,2,89,1,0,0,10,0,0,90,1,0,2,0,1,1,1,1,1,1,0,0,0,20472,0,0,0,0,0,0,0,0,3
1.279750,336.96,18.047,10.840,202,202,72.000,71,72,18.000,39.000,55.000,132,110,176,160,79,79,79,79,79,79,1,0,0,3,30,1,28.000,1,1,2,2,89,1,0,0,10,0,0,90,1,0,2,0,1,1,1,1,1,1,0,0,0,20476,0,0,0,0,0,0,0,0,3
1.280000,337.07,18.084,10.840,202,202,72.000,71,72,18.000,39.000,55.000,132,110,176,160,79,79,79,79,79,79,1,0,0,3,30,1,28.000,1,1,2,2,89,1,0,0,10,0,0,90,1,0,2,0,1,1,1,1,1,1,0,0,0,20480,0,0,0,0,0,0,0,0,3
1.280250,337.18,18.121,10.900,202,202,72.000,71,72,18.000,39.000,55.000,132,110,176,160,79,79,79,79,79,79,1,0,0,3,30,1,28.000,1,1,2,2,89,1,0,0,10,0,0,90,1,0,2,0,1,1,1,1,1,1,0,0,0,20484,0,0,0,0,0,0,0,0,3
1.280500,337.28,18.159,10.900,202,202,72.000,71,72,18.000,39.000,55.000,132,110,176,160,79,79,79,79,79,79,1,0,0,3,30,1,28.000,1,1,2,2,89,1,0,0,10,0,0,90,1,0,2,0,1,1,1,1,1,1,0,0,0,20488,0,0,0,0,0,0,0,0,3
1.280750,337.39,18.196,10.900,202,202,72.000,71,72,18.000,39.000,55.000,132,110,176,160,79,79,79,79,79,79,1,0,0,3,30,1,28.000,1,1,2,2,89,1,0,0,10,0,0,90,1,0,2,0,1,1,1,1,1,1,0,0,0,20492,0,0,0,0,0,0,0,0,3
1.281000,337.50,18.233,10.950,203,203,72.000,71,72,18.000,39.000,55.000,133,110,177,160,79,79,79,79,79,79,1,0,0,3,30,1,28.000,1,1,2,2,89,1,0,0,10,0,0,90,1,0,2,0,1,1,1,1,1,1,0,0,0,20496,0,0,0,0,0,0,0,0,3
1.281250,337.61,18.271,10.950,203,203,72.000,71,72,18.000,39.000,55.000,133,110,177,160,79,79,79,79,79,79,1,0,0,3,30,1,28.000,1,1,3,3,90,1,0,0,11,0,0,91,1,0,2,0,1,1,1,1,1,1,0,0,0,20500,0,0,0,0,0,0,0,0,3
1.281500,337.72,18.308,11.000,203,203,72.000,71,72,18.000,39.000,55.000,134,110,177,160,79,79,79,79,79,79,1,0,0,3,30,1,28.000,1,1,3,3,90,1,0,0,11,0,0,91,1,0,2,0,1,1,1,1,1,1,0,0,0,20504,0,0,0,0,0,0,0,0,3
1.281750,337.82,18.346,11.000,203,203,72.000,71,72,18.000,39.000,55.000,134,110,177,160,79,79,79,79,79,79,1,0,0,3,30,1,28.000,1,1,3,3,90,1,0,0,11,0,0,91,1,0,2,0,1,1,1,1,1,1,0,0,0,20508,0,0,0,0,0,0,0,0,3
1.282000,337.93,18.384,11.000,203,203,72.000,71,72,18.000,39.000,55.000,134,110,177,160,79,79,79,79,79,79,1,0,0,3,30,1,28.000,1,1,3,3,90,1,0,0,11,0,0,91,1,0,2,0,1,1,1,1,1,1,0,0,0,20512,0,0,0,0,0,0,0,0,3
1.282250,338.04,18.422,11.060,204,204,72.000,71,72,18.000,39.000,55.000,134,111,178,160,80,80,80,80,80,80,1,0,0,3,30,1,28.000,1,1,3,3,90,1,0,0,11,0,0,91,1,0,2,0,1,1,1,1,1,1,0,0,0,20516,0,0,0,0,0,0,0,0,3
1.282500,338.15,18.460,11.060,204,204,72.000,71,72,18.000,39.000,55.000,134,111,178,160,80,80,80,80,80,80,1,0,0,3,30,1,28.000,1,1,3,3,90,1,0,0,11,0,0,91,1,0,2,0,1,1,1,1,1,1,0,0,0,20520,0,0,0,0,0,0,0,0,3
1.282750,338.26,18.499,11.110,204,204,72.000,71,72,18.000,39.000,55.000,135,111,178,160,80,80,80,80,80,80,1,0,0,3,30,1,28.000,1,1,3,3,90,1,0,0,11,0,0,91,1,0,2,0,1,1,1,1,1,1,0,0,0,20524,0,0,0,0,0,0,0,0,3
1.283000,338.36,18.537,11.110,204,204,72.000,71,72,18.000,39.000,55.000,135,111,178,160,80,80,80,80,80,80,1,0,0,3,30,1,28.000,1,1,3,3,90,1,0,0,11,0,0,91,1,0,2,0,1,1,1,1,1,1,0,0,0,20528,0,0,0,0,0,0,0,0,3
1.283250,338.47,18.576,11.110,204,204,72.000,71,72,18.000,39.000,55.000,135,111,178,160,80,80,80,80,80,80,1,0,0,3,30,1,28.000,1,1,3,3,90,1,0,0,11,0,0,91,1,0,2,0,1,1,1,1,1,1,0,0,0,20532,0,0,0,0,0,0,0,0,3
1.283500,338.58,18.615,11.170,204,204,72.000,71,72,18.000,39.000,55.000,136,111,178,160,80,80,80,80,80,80,1,0,0,3,30,1,28.000,1,1,3,3,90,1,0,0,11,0,0,91,1,0,2,0,1,1,1,1,1,1,0,0,0,20536,0,0,0,0,0,0,0,0,3
1.283750,338.69,18.653,11.170,205,205,72.000,71,72,18.000,39.000,55.000,136,112,179,160,80,80,80,80,80,80,1,0,0,3,30,1,28.000,1,1,3,3,90,1,0,0,11,0,0,91,1,0,2,0,1,1,1,1,1,1,0,0,0,20540,0,0,0,0,0,0,0,0,3
1.284000,338.80,18.692,11.220,205,205,72.000,71,72,18.000,39.000,55.000,136,112,179,160,80,80,80,80,80,80,1,0,0,3,30,1,28.000,1,1,3,3,90,1,0,0,11,0,0,91,1,0,2,0,1,1,1,1,1,1,0,0,0,20544,0,0,0,0,0,0,0,0,3
1.284250,338.90,18.731,11.220,205,205,72.000,71,72,18.000,39.000,55.000,136,112,179,160,80,80,80,80,80,80,1,0,0,3,30,1,28.000,1,1,3,3,90,1,0,0,11,0,0,91,1,0,2,0,1,1,1,1,1,1,0,0,0,20548,0,0,0,0,0,0,0,0,3
1.284500,339.01,18.771,11.280,205,205,72.000,71,72,18.000,39.000,55.000,137,112,179,160,80,80,80,80,80,80,1,0,0,3,30,1,28.000,1,1,3,3,90,1,0,0,11,0,0,91,1,0,2,0,1,1,1,1,1,1,0,0,0,20552,0,0,0,0,0,0,0,0,3
1.284750,339.12,18.810,11.280,205,205,72.000,71,72,18.000,39.000,55.000,137,112,179,160,80,80,80,80,80,80,1,0,0,3,30,1,28.000,1,1,3,3,90,1,0,0,11,0,0,91,1,0,2,0,1,1,1,1,1,1,0,0,0,20556,0,0,0,0,0,0,0,0,3
1.285000,339.23,18.849,11.330,206,206,72.000,71,72,18.000,39.000,55.000,138,112,180,160,81,81,81,81,81,81,1,0,0,3,30,1,28.000,1,1,3,3,90,1,0,0,11,0,0,91,1,0,2,0,1,1,1,1,1,1,0,0,0,20560,0,0,0,0,0,0,0,0,3
1.285250,339.34,18.889,11.330,206,206,72.000,71,72,18.000,39.000,55.000,138,112,180,160,81,81,81,81,81,81,1,0,0,3,30,1,28.000,1,1,3,3,90,1,0,0,11,0,0,91,1,0,2,0,1,1,1,1,1,1,0,0,0,20564,0,0,0,0,0,0,0,0,3
1.285500,339.44,18.929,11.330,206,206,72.000,71,72,18.000,39.000,55.000,138,112,180,160,81,81,81,81,81,81,1,0,0,3,30,1,28.000,1,1,3,3,90,1,0,0,11,0,0,91,1,0,2,0,1,1,1,1,1,1,0,0,0,20568,0,0,0,0,0,0,0,0,3
1.285750,339.55,18.968,11.380,206,206,72.000,71,72,18.000,39.000,55.000,138,112,180,160,81,81,81,81,81,81,1,0,0,3,30,1,28.000,1,1,3,3,90,1,0,0,11,0,0,91,1,0,2,0,1,1,1,1,1,1,0,0,0,20572,0,0,0,0,0,0,0,0,3
1.286000,339.66,19.008,11.380,206,206,72.000,71,72,18.000,39.000,55.000,138,112,180,160,81,81,81,81,81,81,1,0,0,3,30,1,28.000,1,1,3,3,90,1,0,0,11,0,0,91,1,0,2,0,1,1,1,1,1,1,0,0,0,20576,0,0,0,0,0,0,0,0,3
1.286250,339.77,19.048,11.440,207,207,72.000,71,72,18.000,39.000,55.000,139,113,181,160,81,81,81,81,81,81,1,0,0,3,30,1,28.000,1,1,3,3,90,1,0,0,11,0,0,91,1,0,2,0,1,1,1,1,1,1,0,0,0,20580,0,0,0,0,0,0,0,0,3
1.286500,339.88,19.088,11.440,207,207,72.000,71,72,18.000,39.000,55.000,139,113,181,160,81,81,81,81,81,81,1,0,0,3,30,1,28.000,1,1,3,3,90,1,0,0,11,0,0,91,1,0,2,0,1,1,1,1,1,1,0,0,0,20584,0,0,0,0,0,0,0,0,3
1.286750,339.98,19.129,11.490,207,207,72.000,71,72,18.000,39.000,55.000,140,113,181,160,81,81,81,81,81,81,1,0,0,3,30,1,28.000,1,1,3,3,90,1,0,0,11,0,0,91,1,0,2,0,1,1,1,1,1,1,0,0,0,20588,0,0,0,0,0,0,0,0,3
1.287000,340.09,19.169,11.490,207,207,72.000,71,72,18.000,39.000,55.000,140,113,181,160,81,81,81,81,81,81,1,0,0,3,30,1,28.000,1,1,3,3,90,1,0,0,11,0,0,91,1,0,2,0,1,1,1,1,1,1,0,0,0,20592,0,0,0,0,0,0,0,0,3
1.287250,340.20,19.210,11.490,207,207,72.000,71,72,18.000,39.000,55.000,140,113,181,160,81,81,81,81,81,81,1,0,0,3,30,1,28.000,1,1,3,3,90,1,0,0,11,0,0,91,1,0,2,0,1,1,1,1,1,1,0,0,0,20596,0,0,0,0,0,0,0,0,3
1.287500,340.31,19.250,11.550,208,208,72.000,71,72,18.000,39.000,55.000,140,114,182,160,82,82,82,82,82,82,1,0,0,3,30,1,28.000,1,1,3,3,90,1,0,0,11,0,0,91,1,0,2,0,1,1,1,1,1,1,0,0,0,20600,0,0,0,0,0,0,0,0,3
1.287750,340.42,19.291,11.550,208,208,72.000,71,72,18.000,39.000,55.000,140,114,182,160,82,82,82,82,82,82,1,0,0,3,30,1,28.000,1,1,3,3,90,1,0,0,11,0,0,91,1,0,2,0,1,1,1,1,1,1,0,0,0,20604,0,0,0,0,0,0,0,0,3
1.288000,340.52,19.332,11.600,208,208,72.000,71,72,18.000,39.000,55.000,141,114,182,160,82,82,82,82,82,82,1,0,0,3,30,1,28.000,1,1,3,3,90,1,0,0,11,0,0,91,1,0,2,0,1,1,1,1,1,1,0,0,0,20608,0,0,0,0,0,0,0,0,3
1.288250,340.63,19.373,11.600,208,208,72.000,71,72,18.000,39.000,55.000,141,114,182,160,82,82,82,82,82,82,1,0,0,3,30,1,28.000,1,1,3,3,90,1,0,0,11,0,0,91,1,0,2,0,1,1,1,1,1,1,0,0,0,20612,0,0,0,0,0,0,0,0,3
1.288500,340.74,19.414,11.660,209,209,72.000,71,72,18.000,39.000,55.000,142,115,184,160,82,82,82,82,82,82,1,0,0,3,30,1,28.000,1,1,3,3,90,1,0,0,11,0,0,91,1,0,2,0,1,1,1,1,1,1,0,0,0,20616,0,0,0,0,0,0,0,0,3
1.288750,340.85,19.455,11.660,209,209,72.000,71,72,18.000,39.000,55.000,142,115,184,160,82,82,82,82,82,82,1,0,0,3,30,1,28.000,1,1,3,3,90,1,0,0,11,0,0,91,1,0,2,0,1,1,1,1,1,1,0,0,0,20620,0,0,0,0,0,0,0,0,3
1.289000,340.96,19.497,11.710,209,209,72.000,71,72,18.000,39.000,55.000,142,115,184,160,82,82,82,82,82,82,1,0,0,3,30,1,28.000,1,1,3,3,90,1,0,0,11,0,0,91,1,0,2,0,1,1,1,1,1,1,0,0,0,20624,0,0,0,0,0,0,0,0,3
1.289250,341.06,19.538,11.710,209,209,72.000,71,72,18.000,39.000,55.000,142,115,184,160,82,82,82,82,82,82,1,0,0,3,30,1,28.000,1,1,3,3,90,1,0,0,11,0,0,91,1,0,2,0,1,1,1,1,1,1,0,0,0,20628,0,0,0,0,0,0,0,0,3
1.289500,341.17,19.580,11.770,209,209,72.000,71,72,18.000,39.000,55.000,143,115,184,160,82,82,82,82,82,82,1,0,0,3,30,1,28.000,1,1,3,3,90,1,0,0,11,0,0,91,1,0,2,0,1,1,1,1,1,1,0,0,0,20632,0,0,0,0,0,0,0,0,3
1.289750,341.28,19.621,11.770,210,210,72.000,71,72,18.000,39.000,55.000,143,115,185,160,83,83,83,83,83,83,1,0,0,3,30,1,28.000,1,1,1,1,91,1,0,0,12,0,0,92,1,0,2,0,1,1,1,1,1,1,0,0,0,20636,0,0,0,0,0,0,0,0,3
1.290000,341.39,19.663,11.770,210,210,72.000,71,72,18.000,39.000,55.000,143,115,185,160,83,83,83,83,83,83,1,0,0,3,30,1,28.000,1,1,1,1,91,1,0,0,12,0,0,92,1,0,2,0,1,1,1,1,1,1,0,0,0,20640,0,0,0,0,0,0,0,0,3
1.290250,341.50,19.705,11.820,210,210,72.000,71,72,18.000,39.000,55.000,144,115,185,160,83,83,83,83,83,83,1,0,0,3,30,1,28.000,1,1,1,1,91,1,0,0,12,0,0,92,1,0,2,0,1,1,1,1,1,1,0,0,0,20644,0,0,0,0,0,0,0,0,3
1.290500,341.60,19.747,11.820,210,210,72.000,71,72,18.000,39.000,55.000,144,115,185,160,83,83,83,83,83,83,1,0,0,3,30,1,28.000,1,1,1,1,91,1,0,0,12,0,0,92,1,0,2,0,1,1,1,1,1,1,0,0,0,20648,0,0,0,0,0,0,0,0,3
1.290750,341.71,19.789,11.870,211,211,72.000,71,72,18.000,39.000,55.000,144,116,186,160,83,83,83,83,83,83,1,0,0,3,30,1,28.000,1,1,1,1,91,1,0,0,12,0,0,92,1,0,2,0,1,1,1,1,1,1,0,0,0,20652,0,0,0,0,0,0,0,0,3
1.291000,341.82,19.831,11.870,211,211,72.000,71,72,18.000,39.000,55.000,144,116,186,160,83,83,83,83,83,83,1,0,0,3,30,1,28.000,1,1,1,1,91,1,0,0,12,0,0,92,1,0,2,0,1,1,1,1,1,1,0,0,0,20656,0,0,0,0,0,0,0,0,3
1.291250,341.93,19.873,11.930,211,211,72.000,71,72,18.000,39.000,55.000,145,116,186,160,83,83,83,83,83,83,1,0,0,3,30,1,28.000,1,1,1,1,91,1,0,0,12,0,0,92,1,0,2,0,1,1,1,1,1,1,0,0,0,20660,0,0,0,0,0,0,0,0,3
1.291500,342.04,19.916,11.930,211,211,72.000,71,72,18.000,39.000,55.000,145,116,186,160,83,83,83,83,83,83,1,0,0,3,30,1,28.000,1,1,1,1,91,1,0,0,12,0,0,92,1,0,2,0,1,1,1,1,1,1,0,0,0,20664,0,0,0,0,0,0,0,0,3
1.291750,342.14,19.958,11.980,212,212,72.000,71,72,18.000,39.000,55.000,146,116,187,160,84,84,84,84,84,84,1,0,0,3,30,1,28.000,1,1,1,1,91,1,0,0,12,0,0,92,1,0,2,0,1,1,1,1,1,1,0,0,0,20668,0,0,0,0,0,0,0,0,3
1.292000,342.25,20.001,11.980,212,212,72.000,71,72,18.000,39.000,55.000,146,116,187,160,84,84,84,84,84,84,1,0,0,3,30,1,28.000,1,1,1,1,91,1,0,0,12,0,0,92,1,0,2,0,1,1,1,1,1,1,0,0,0,20672,0,0,0,0,0,0,0,0,3
1.292250,342.36,20.044,12.040,212,212,72.000,71,72,18.000,39.000,55.000,146,116,187,160,84,84,84,84,84,84,1,0,0,3,30,1,28.000,1,1,1,1,91,1,0,0,12,0,0,92,1,0,2,0,1,1,1,1,1,1,0,0,0,20676,0,0,0,0,0,0,0,0,3
1.292500,342.47,20.087,12.040,212,212,72.000,71,72,18.000,39.000,55.000,146,116,187,160,84,84,84,84,84,84,1,0,0,3,30,1,28.000,1,1,1,1,91,1,0,0,12,0,0,92,1,0,2,0,1,1,1,1,1,1,0,0,0,20680,0,0,0,0,0,0,0,0,3
1.292750,342.58,20.130,12.090,213,213,72.000,71,72,18.000,39.000,55.000,147,117,188,160,84,84,84,84,84,84,1,0,0,3,30,1,28.000,1,1,1,1,91,1,0,0,12,0,0,92,1,0,2,0,1,1,1,1,1,1,0,0,0,20684,0,0,0,0,0,0,0,0,3
1.293000,342.68,20.173,12.090,213,213,72.000,71,72,18.000,39.000,55.000,147,117,188,160,84,84,84,84,84,84,1,0,0,3,30,1,28.000,1,1,1,1,91,1,0,0,12,0,0,92,1,0,2,0,1,1,1,1,1,1,0,0,0,20688,0,0,0,0,0,0,0,0,3
1.293250,342.79,20.216,12.150,213,213,72.000,71,72,18.000,39.000,55.000,148,117,188,160,84,84,84,84,84,84,1,0,0,3,30,1,28.000,1,1,1,1,91,1,0,0,12,0,0,92,1,0,2,0,1,1,1,1,1,1,0,0,0,20692,0,0,0,0,0,0,0,0,3
1.293500,342.90,20.259,12.150,213,213,72.000,71,72,18.000,39.000,55.000,148,117,188,160,84,84,84,84,84,84,1,0,0,3,30,1,28.000,1,1,1,1,91,1,0,0,12,0,0,92,1,0,2,0,1,1,1,1,1,1,0,0,0,20696,0,0,0,0,0,0,0,0,3
1.293750,343.01,20.302,12.200,214,214,72.000,71,72,18.000,39.000,55.000,148,118,189,160,85,85,85,85,85,85,1,0,0,3,30,1,28.000,1,1,1,1,91,1,0,0,12,0,0,92,1,0,2,0,1,1,1,1,1,1,0,0,0,20700,0,0,0,0,0,0,0,0,3
1.294000,343.12,20.346,12.200,214,214,72.000,71,72,18.000,39.000,55.000,148,118,189,160,85,85,85,85,85,85,1,0,0,3,30,1,28.000,1,1,1,1,91,1,0,0,12,0,0,92,1,0,2,0,1,1,1,1,1,1,0,0,0,20704,0,0,0,0,0,0,0,0,3
1.294250,343.22,20.390,12.260,214,214,72.000,71,72,18.000,39.000,55.000,149,118,189,160,85,85,85,85,85,85,1,0,0,3,30,1,28.000,1,1,1,1,91,1,0,0,12,0,0,92,1,0,2,0,1,1,1,1,1,1,0,0,0,20708,0,0,0,0,0,0,0,0,3
1.294500,343.33,20.433,12.260,214,214,72.000,71,72,18.000,39.000,55.000,149,118,189,160,85,85,85,85,85,85,1,0,0,3,30,1,28.000,1,1,1,1,91,1,0,0,12,0,0,92,1,0,2,0,1,1,1,1,1,1,0,0,0,20712,0,0,0,0,0,0,0,0,3
1.294750,343.44,20.477,12.260,215,215,72.000,71,72,18.000,39.000,55.000,149,118,190,160,85,85,85,85,85,85,1,0,0,3,30,1,28.000,1,1,1,1,91,1,0,0,12,0,0,92,1,0,2,0,1,1,1,1,1,1,0,0,0,20716,0,0,0,0,0,0,0,0,3
1.295000,343.55,20.521,12.310,215,215,72.000,71,72,18.000,39.000,55.000,150,118,190,160,85,85,85,85,85,85,1,0,0,3,30,1,28.000,1,1,1,1,91,1,0,0,12,0,0,92,1,0,2,0,1,1,1,1,1,1,0,0,0,20720,0,0,0,0,0,0,0,0,3
1.295250,343.66,20.565,12.360,215,215,72.000,71,72,18.000,39.000,55.000,150,118,190,160,85,85,85,85,85,85,1,0,0,3,30,1,28.000,1,1,1,1,91,1,0,0,12,0,0,92,1,0,2,0,1,1,1,1,1,1,0,0,0,20724,0,0,0,0,0,0,0,0,3
1.295500,343.76,20.609,12.360,215,215,72.000,71,72,18.000,39.000,55.000,150,118,190,160,85,85,85,85,85,85,1,0,0,3,30,1,28.000,1,1,1,1,91,1,0,0,12,0,0,92,1,0,2,0,1,1,1,1,1,1,0,0,0,20728,0,0,0,0,0,0,0,0,3
1.295750,343.87,20.653,12.360,216,216,72.000,71,72,18.000,39.000,55.000,150,119,191,160,86,86,86,86,86,86,1,0,0,3,30,1,28.000,1,1,1,1,91,1,0,0,12,0,0,92,1,0,2,0,1,1,1,1,1,1,0,0,0,20732,0,0,0,0,0,0,0,0,3
1.296000,343.98,20.697,12.420,216,216,72.000,71,72,18.000,39.000,55.000,151,119,191,160,86,86,86,86,86,86,1,0,0,3,30,1,28.000,1,1,1,1,91,1,0,0,12,0,0,92,1,0,2,0,1,1,1,1,1,1,0,0,0,20736,0,0,0,0,0,0,0,0,3
1.296250,344.09,20.742,12.420,216,216,72.000,71,72,18.000,39.000,55.000,151,119,191,160,86,86,86,86,86,86,1,0,0,3,30,1,28.000,1,1,1,1,91,1,0,0,12,0,0,92,1,0,2,0,1,1,1,1,1,1,0,0,0,20740,0,0,0,0,0,0,0,0,3
1.296500,344.20,20.786,12.470,217,217,72.000,71,72,18.000,39.000,55.000,152,120,192,160,86,86,86,86,86,86,1,0,0,3,30,1,28.000,1,1,1,1,91,1,0,0,12,0,0,92,1,0,2,0,1,1,1,1,1,1,0,0,0,20744,0,0,0,0,0,0,0,0,3
1.296750,344.30,20.831,12.470,217,217,72.000,71,72,18.000,39.000,55.000,152,120,192,160,86,86,86,86,86,86,1,0,0,3,30,1,28.000,1,1,1,1,91,1,0,0,12,0,0,92,1,0,2,0,1,1,1,1,1,1,0,0,0,20748,0,0,0,0,0,0,0,0,3
1.297000,344.41,20.875,12.530,217,217,72.000,71,72,18.000,39.000,55.000,152,120,192,160,86,86,86,86,86,86,1,0,0,3,30,1,28.000,1,1,1,1,91,1,0,0,12,0,0,92,1,0,2,0,1,1,1,1,1,1,0,0,0,20752,0,0,0,0,0,0,0,0,3
1.297250,344.52,20.920,12.530,217,217,72.000,71,72,18.000,39.000,55.000,152,120,192,160,86,86,86,86,86,86,1,0,0,3,30,1,28.000,1,1,1,1,91,1,0,0,12,0,0,92,1,0,2,0,1,1,1,1,1,1,0,0,0,20756,0,0,0,0,0,0,0,0,3
1.297500,344.63,20.965,12.580,218,218,72.000,71,72,18.000,39.000,55.000,153,120,193,160,87,87,87,87,87,87,1,0,0,3,30,1,28.000,1,1,1,1,91,1,0,0,12,0,0,92,1,0,2,0,1,1,1,1,1,1,0,0,0,20760,0,0,0,0,0,0,0,0,3
1.297750,344.74,21.010,12.580,218,218,72.000,71,72,18.000,39.000,55.000,153,120,193,160,87,87,87,87,87,87,1,0,0,3,30,1,28.000,1,1,1,1,91,1,0,0,12,0,0,92,1,0,2,0,1,1,1,1,1,1,0,0,0,20764,0,0,0,0,0,0,0,0,3
1.298000,344.84,21.055,12.640,218,218,72.000,71,72,18.000,39.000,55.000,154,120,193,160,87,87,87,87,87,87,1,0,0,3,30,1,28.000,1,1,1,1,91,1,0,0,12,0,0,92,1,0,2,0,1,1,1,1,1,1,0,0,0,20768,0,0,0,0,0,0,0,0,3
1.298250,344.95,21.100,12.640,218,218,72.000,71,72,18.000,39.000,55.000,154,120,193,160,87,87,87,87,87,87,1,0,0,3,30,1,28.000,1,1,1,1,91,1,0,0,12,0,0,92,1,0,2,0,1,1,1,1,1,1,0,0,0,20772,0,0,0,0,0,0,0,0,3
1.298500,345.06,21.145,12.690,219,219,72.000,71,72,18.000,39.000,55.000,154,121,194,160,87,87,87,87,87,87,1,0,0,3,30,1,28.000,1,1,0,0,92,1,0,0,13,0,0,93,1,0,2,0,1,1,1,1,1,1,0,0,0,20776,0,0,0,0,0,0,0,0,3
1.298750,345.17,21.191,12.690,219,219,72.000,71,72,18.000,39.000,55.000,154,121,194,160,87,87,87,87,87,87,1,0,0,3,30,1,28.000,1,1,0,0,92,1,0,0,13,0,0,93,1,0,2,0,1,1,1,1,1,1,0,0,0,20780,0,0,0,0,0,0,0,0,3
1.299000,345.28,21.236,12.740,219,219,72.000,71,72,18.000,39.000,55.000,155,121,194,160,87,87,87,87,87,87,1,0,0,3,30,1,28.000,1,1,0,0,92,1,0,0,13,0,0,93,1,0,2,0,1,1,1,1,1,1,0,0,0,20784,0,0,0,0,0,0,0,0,3
1.299250,345.38,21.282,12.740,220,220,72.000,71,72,18.000,39.000,55.000,155,122,195,160,88,88,88,88,88,88,1,0,0,3,30,1,28.000,1,1,0,0,92,1,0,0,13,0,0,93,1,0,2,0,1,1,1,1,1,1,0,0,0,20788,0,0,0,0,0,0,0,0,3
1.299500,345.49,21.327,12.800,220,220,72.000,71,72,18.000,39.000,55.000,156,122,195,160,88,88,88,88,88,88,1,0,0,3,30,1,28.000,1,1,0,0,92,1,0,0,13,0,0,93,1,0,2,0,1,1,1,1,1,1,0,0,0,20792,0,0,0,0,0,0,0,0,3
1.299750,345.60,21.373,12.800,220,220,72.000,71,72,18.000,39.000,55.000,156,122,195,160,88,88,88,88,88,88,1,0,0,3,30,1,28.000,1,1,0,0,92,1,0,0,13,0,0,93,1,0,2,0,1,1,1,1,1,1,0,0,0,20796,0,0,0,0,0,0,0,0,3
1.300000,345.71,21.419,12.850,221,221,72.000,71,72,18.000,39.000,55.000,156,122,196,160,88,88,88,88,88,88,1,0,0,3,30,1,28.000,1,1,0,0,92,1,0,0,13,0,0,93,1,0,2,0,1,1,1,1,1,1,0,0,0,20800,0,0,0,0,0,0,0,0,3
1.300250,345.82,21.464,12.850,221,221,72.000,71,72,18.000,39.000,55.000,156,122,196,160,88,88,88,88,88,88,1,0,0,3,30,1,28.000,1,1,0,0,92,1,0,0,13,0,0,93,1,0,2,0,1,1,1,1,1,1,0,0,0,20804,0,0,0,0,0,0,0,0,3
1.300500,345.92,21.510,12.910,221,221,72.000,71,72,18.000,39.000,55.000,157,122,196,160,88,88,88,88,88,88,1,0,0,3,30,1,28.000,1,1,0,0,92,1,0,0,13,0,0,93,1,0,2,0,1,1,1,1,1,1,0,0,0,20808,0,0,0,0,0,0,0,0,3
1.300750,346.03,21.556,12.910,221,221,72.000,71,72,18.000,39.000,55.000,157,122,196,160,88,88,88,88,88,88,1,0,0,3,30,1,28.000,1,1,0,0,92,1,0,0,13,0,0,93,1,0,2,0,1,1,1,1,1,1,0,0,0,20812,0,0,0,0,0,0,0,0,3
1.301000,346.14,21.603,12.960,222,222,72.000,71,72,18.000,39.000,55.000,158,123,197,160,88,88,88,88,88,88,1,0,0,3,30,1,28.000,1,1,0,0,92,1,0,0,13,0,0,93,1,0,2,0,1,1,1,1,1,1,0,0,0,20816,0,0,0,0,0,0,0,0,3
1.301250,346.25,21.649,13.020,222,222,72.000,71,72,18.000,39.000,55.000,158,123,197,160,88,88,88,88,88,88,1,0,0,3,30,1,28.000,1,1,0,0,92,1,0,0,13,0,0,93,1,0,2,0,1,1,1,1,1,1,0,0,0,20820,0,0,0,0,0,0,0,0,3
1.301500,346.36,21.695,13.020,222,222,72.000,71,72,18.000,39.000,55.000,158,123,197,160,88,88,88,88,88,88,1,0,0,3,30,1,28.000,1,1,0,0,92,1,0,0,13,0,0,93,1,0,2,0,1,1,1,1,1,1,0,0,0,20824,0,0,0,0,0,0,0,0,3
1.301750,346.46,21.741,13.020,223,223,72.000,71,72,18.000,39.000,55.000,158,124,198,160,89,89,89,89,89,89,1,0,0,3,30,1,28.000,1,1,0,0,92,1,0,0,13,0,0,93,1,0,2,0,1,1,1,1,1,1,0,0,0,20828,0,0,0,0,0,0,0,0,3
1.302000,346.57,21.788,13.070,223,223,72.000,71,72,18.000,39.000,55.000,159,124,198,160,89,89,89,89,89,89,1,0,0,3,30,1,28.000,1,1,0,0,92,1,0,0,13,0,0,93,1,0,2,0,1,1,1,1,1,1,0,0,0,20832,0,0,0,0,0,0,0,0,3
1.302250,346.68,21.834,13.130,223,223,72.000,71,72,18.000,39.000,55.000,160,124,198,160,89,89,89,89,89,89,1,0,0,3,30,1,28.000,1,1,0,0,92,1,0,0,13,0,0,93,1,0,2,0,1,1,1,1,1,1,0,0,0,20836,0,0,0,0,0,0,0,0,3
1.302500,346.79,21.881,13.130,224,224,72.000,71,72,18.000,39.000,55.000,160,124,199,160,89,89,89,89,89,89,1,0,0,3,30,1,28.000,1,1,0,0,92,1,0,0,13,0,0,93,1,0,2,0,1,1,1,1,1,1,0,0,0,20840,0,0,0,0,0,0,0,0,3
1.302750,346.90,21.928,13.130,224,224,72.000,71,72,18.000,39.000,55.000,160,124,199,160,89,89,89,89,89,89,1,0,0,3,30,1,28.000,1,1,0,0,92,1,0,0,13,0,0,93,1,0,2,0,1,1,1,1,1,1,0,0,0,20844,0,0,0,0,0,0,0,0,3
1.303000,347.00,21.974,13.180,224,224,72.000,71,72,18.000,39.000,55.000,160,124,199,160,89,89,89,89,89,89,1,0,0,3,30,1,28.000,1,1,0,0,92,1,0,0,13,0,0,93,1,0,2,0,1,1,1,1,1,1,0,0,0,20848,0,0,0,0,0,0,0,0,3
1.303250,347.11,22.021,13.230,225,225,72.000,71,72,18.000,39.000,55.000,161,125,201,160,90,90,90,90,90,90,1,0,0,3,30,1,28.000,1,1,0,0,92,1,0,0,13,0,0,93,1,0,2,0,1,1,1,1,1,1,0,0,0,20852,0,0,0,0,0,0,0,0,3
1.303500,347.22,22.068,13.230,225,225,72.000,71,72,18.000,39.000,55.000,161,125,201,160,90,90,90,90,90,90,1,0,0,3,30,1,28.000,1,1,0,0,92,1,0,0,13,0,0,93,1,0,2,0,1,1,1,1,1,1,0,0,0,20856,0,0,0,0,0,0,0,0,3
1.303750,347.33,22.115,13.290,225,225,72.000,71,72,18.000,39.000,55.000,162,125,201,160,90,90,90,90,90,90,1,0,0,3,30,1,28.000,1,1,0,0,92,1,0,0,13,0,0,93,1,0,2,0,1,1,1,1,1,1,0,0,0,20860,0,0,0,0,0,0,0,0,3
1.304000,347.44,22.162,13.290,225,225,72.000,71,72,18.000,39.000,55.000,162,125,201,160,90,90,90,90,90,90,1,0,0,3,30,1,28.000,1,1,0,0,92,1,0,0,13,0,0,93,1,0,2,0,1,1,1,1,1,1,0,0,0,20864,0,0,0,0,0,0,0,0,3
1.304250,347.54,22.209,13.340,226,226,72.000,71,72,18.000,39.000,55.000,162,126,201,160,90,90,90,90,90,90,1,0,0,3,30,1,28.000,1,1,0,0,92,1,0,0,13,0,0,93,1,0,2,0,1,1,1,1,1,1,0,0,0,20868,0,0,0,0,0,0,0,0,3
1.304500,347.65,22.257,13.340,226,226,72.000,71,72,18.000,39.000,55.000,162,126,201,160,90,90,90,90,90,90,1,0,0,3,30,1,28.000,1,1,0,0,92,1,0,0,13,0,0,93,1,0,2,0,1,1,1,1,1,1,0,0,0,20872,0,0,0,0,0,0,0,0,3
1.304750,347.76,22.304,13.400,226,226,72.000,71,72,18.000,39.000,55.000,163,126,201,160,90,90,90,90,90,90,1,0,0,3,30,1,28.000,1,1,0,0,92,1,0,0,13,0,0,93,1,0,2,0,1,1,1,1,1,1,0,0,0,20876,0,0,0,0,0,0,0,0,3
1.305000,347.87,22.351,13.400,227,227,72.000,71,72,18.000,39.000,55.000,163,126,203,160,91,91,91,91,91,91,1,0,0,3,30,1,28.000,1,1,0,0,92,1,0,0,13,0,0,93,1,0,2,0,1,1,1,1,1,1,0,0,0,20880,0,0,0,0,0,0,0,0,3
1.305250,347.98,22.399,13.450,227,227,72.000,71,72,18.000,39.000,55.000,164,126,203,160,91,91,91,91,91,91,1,0,0,3,30,1,28.000,1,1,0,0,92,1,0,0,13,0,0,93,1,0,2,0,1,1,1,1,1,1,0,0,0,20884,0,0,0,0,0,0,0,0,3
1.305500,348.08,22.446,13.450,227,227,72.000,71,72,18.000,39.000,55.000,164,126,203,160,91,91,91,91,91,91,1,0,0,3,30,1,28.000,1,1,0,0,92,1,0,0,13,0,0,93,1,0,2,0,1,1,1,1,1,1,0,0,0,20888,0,0,0,0,0,0,0,0,3
1.305750,348.19,22.494,13.510,228,228,72.000,71,72,18.000,39.000,55.000,164,127,204,160,91,91,91,91,91,91,1,0,0,3,30,1,28.000,1,1,0,0,92,1,0,0,13,0,0,93,1,0,2,0,1,1,1,1,1,1,0,0,0,20892,0,0,0,0,0,0,0,0,3
1.306000,348.30,22.542,13.510,228,228,72.000,71,72,18.000,39.000,55.000,164,127,204,160,91,91,91,91,91,91,1,0,0,3,30,1,28.000,1,1,0,0,92,1,0,0,13,0,0,93,1,0,2,0,1,1,1,1,1,1,0,0,0,20896,0,0,0,0,0,0,0,0,3
1.306250,348.41,22.589,13.560,228,228,72.000,71,72,18.000,39.000,55.000,165,127,204,160,91,91,91,91,91,91,1,0,0,3,30,1,28.000,1,1,0,0,92,1,0,0,13,0,0,93,1,0,2,0,1,1,1,1,1,1,0,0,0,20900,0,0,0,0,0,0,0,0,3
1.306500,348.52,22.637,13.560,229,229,72.000,71,72,18.000,39.000,55.000,165,128,205,160,92,92,92,92,92,92,1,0,0,3,30,1,28.000,1,1,0,0,92,1,0,0,13,0,0,93,1,0,2,0,1,1,1,1,1,1,0,0,0,20904,0,0,0,0,0,0,0,0,3
1.306750,348.62,22.685,13.620,229,229,72.000,71,72,18.000,39.000,55.000,166,128,205,160,92,92,92,92,92,92,1,0,0,3,30,1,28.000,1,1,0,0,92,1,0,0,13,0,0,93,1,0,2,0,1,1,1,1,1,1,0,0,0,20908,0,0,0,0,0,0,0,0,3
1.307000,348.73,22.733,13.620,229,229,72.000,71,72,18.000,39.000,55.000,166,128,205,160,92,92,92,92,92,92,1,0,0,3,30,1,28.000,1,1,0,0,92,1,0,0,13,0,0,93,1,0,2,0,1,1,1,1,1,1,0,0,0,20912,0,0,0,0,0,0,0,0,3
1.307250,348.84,22.781,13.670,230,230,72.000,71,72,18.000,39.000,55.000,166,128,206,160,92,92,92,92,92,92,1,0,0,3,30,1,28.000,1,1,2,2,93,1,0,0,14,0,0,94,1,0,2,0,1,1,1,1,1,1,0,0,0,20916,0,0,0,0,0,0,0,0,3
1.307500,348.95,22.829,13.670,230,230,72.000,71,72,18.000,39.000,55.000,166,128,206,160,92,92,92,92,92,92,1,0,0,3,30,1,28.000,1,1,2,2,93,1,0,0,14,0,0,94,1,0,2,0,1,1,1,1,1,1,0,0,0,20920,0,0,0,0,0,0,0,0,3
1.307750,349.06,22.878,13.720,230,230,72.000,71,72,18.000,39.000,55.000,167,128,206,160,92,92,92,92,92,92,1,0,0,3,30,1,28.000,1,1,2,2,93,1,0,0,14,0,0,94,1,0,2,0,1,1,1,1,1,1,0,0,0,20924,0,0,0,0,0,0,0,0,3
1.308000,349.16,22.926,13.720,231,231,72.000,71,72,18.000,39.000,55.000,167,129,207,160,93,93,93,93,93,93,1,0,0,3,30,1,28.000,1,1,2,2,93,1,0,0,14,0,0,94,1,0,2,0,1,1,1,1,1,1,0,0,0,20928,0,0,0,0,0,0,0,0,3
1.308250,349.27,22.974,13.780,231,231,72.000,71,72,18.000,39.000,55.000,168,129,207,160,93,93,93,93,93,93,1,0,0,3,30,1,28.000,1,1,2,2,93,1,0,0,14,0,0,94,1,0,2,0,1,1,1,1,1,1,0,0,0,20932,0,0,0,0,0,0,0,0,3
1.308500,349.38,23.023,13.830,231,231,72.000,71,72,18.000,39.000,55.000,168,129,207,160,93,93,93,93,93,93,1,0,0,3,30,1,28.000,1,1,2,2,93,1,0,0,14,0,0,94,1,0,2,0,1,1,1,1,1,1,0,0,0,20936,0,0,0,0,0,0,0,0,3
1.308750,349.49,23.071,13.830,232,232,72.000,71,72,18.000,39.000,55.000,168,130,208,160,93,93,93,93,93,93,1,0,0,3,30,1,28.000,1,1,2,2,93,1,0,0,14,0,0,94,1,0,2,0,1,1,1,1,1,1,0,0,0,20940,0,0,0,0,0,0,0,0,3
1.309000,349.60,23.119,13.890,232,232,72.000,71,72,18.000,39.000,55.000,169,130,208,160,93,93,93,93,93,93,1,0,0,3,30,1,28.000,1,1,2,2,93,1,0,0,14,0,0,94,1,0,2,0,1,1,1,1,1,1,0,0,0,20944,0,0,0,0,0,0,0,0,3
1.309250,349.70,23.168,13.890,232,232,72.000,71,72,18.000,39.000,55.000,169,130,208,160,93,93,93,93,93,93,1,0,0,3,30,1,28.000,1,1,2,2,93,1,0,0,14,0,0,94,1,0,2,0,1,1,1,1,1,1,0,0,0,20948,0,0,0,0,0,0,0,0,3
1.309500,349.81,23.217,13.940,233,233,72.000,71,72,18.000,39.000,55.000,170,130,209,160,94,94,94,94,94,94,1,0,0,3,30,1,28.000,1,1,2,2,93,1,0,0,14,0,0,94,1,0,2,0,1,1,1,1,1,1,0,0,0,20952,0,0,0,0,0,0,0,0,3
1.309750,349.92,23.265,13.940,233,233,72.000,71,72,18.000,39.000,55.000,170,130,209,160,94,94,94,94,94,94,1,0,0,3,30,1,28.000,1,1,2,2,93,1,0,0,14,0,0,94,1,0,2,0,1,1,1,1,1,1,0,0,0,20956,0,0,0,0,0,0,0,0,3
1.310000,350.03,23.314,14.000,234,234,72.000,71,72,18.000,39.000,55.000,170,131,210,160,94,94,94,94,94,94,1,0,0,3,30,1,28.000,1,1,2,2,93,1,0,0,14,0,0,94,1,0,2,0,1,1,1,1,1,1,0,0,0,20960,0,0,0,0,0,0,0,0,3
1.310250,350.14,23.363,14.000,234,234,72.000,71,72,18.000,39.000,55.000,170,131,210,160,94,94,94,94,94,94,1,0,0,3,30,1,28.000,1,1,2,2,93,1,0,0,14,0,0,94,1,0,2,0,1,1,1,1,1,1,0,0,0,20964,0,0,0,0,0,0,0,0,3
1.310500,350.24,23.412,14.050,234,234,72.000,71,72,18.000,39.000,55.000,171,131,210,160,94,94,94,94,94,94,1,0,0,3,30,1,28.000,1,1,2,2,93,1,0,0,14,0,0,94,1,0,2,0,1,1,1,1,1,1,0,0,0,20968,0,0,0,0,0,0,0,0,3
1.310750,350.35,23.461,14.050,235,235,72.000,71,72,18.000,39.000,55.000,171,132,211,160,95,95,95,95,95,95,1,0,0,3,30,1,28.000,1,1,2,2,93,1,0,0,14,0,0,94,1,0,2,0,1,1,1,1,1,1,0,0,0,20972,0,0,0,0,0,0,0,0,3
1.311000,350.46,23.510,14.100,235,235,72.000,71,72,18.000,39.000,55.000,171,132,211,160,95,95,95,95,95,95,1,0,0,3,30,1,28.000,1,1,2,2,93,1,0,0,14,0,0,94,1,0,2,0,1,1,1,1,1,1,0,0,0,20976,0,0,0,0,0,0,0,0,3
1.311250,350.57,23.559,14.100,235,235,72.000,71,72,18.000,39.000,55.000,171,132,211,160,95,95,95,95,95,95,1,0,0,3,30,1,28.000,1,1,2,2,93,1,0,0,14,0,0,94,1,0,2,0,1,1,1,1,1,1,0,0,0,20980,0,0,0,0,0,0,0,0,3
1.311500,350.68,23.608,14.160,236,236,72.000,71,72,18.000,39.000,55.000,172,132,212,160,95,95,95,95,95,95,1,0,0,3,30,1,28.000,1,1,2,2,93,1,0,0,14,0,0,94,1,0,2,0,1,1,1,1,1,1,0,0,0,20984,0,0,0,0,0,0,0,0,3
1.311750,350.78,23.657,14.210,236,236,72.000,71,72,18.000,39.000,55.000,173,132,212,160,95,95,95,95,95,95,1,0,0,3,30,1,28.000,1,1,2,2,93,1,0,0,14,0,0,94,1,0,2,0,1,1,1,1,1,1,0,0,0,20988,0,0,0,0,0,0,0,0,3
1.312000,350.89,23.707,14.210,236,236,72.000,71,72,18.000,39.000,55.000,173,132,212,160,95,95,95,95,95,95,1,0,0,3,30,1,28.000,1,1,2,2,93,1,0,0,14,0,0,94,1,0,2,0,1,1,1,1,1,1,0,0,0,20992,0,0,0,0,0,0,0,0,3
1.312250,351.00,23.756,14.270,237,237,72.000,71,72,18.000,39.000,55.000,174,133,213,160,96,96,96,96,96,96,1,0,0,3,30,1,28.000,1,1,2,2,93,1,0,0,14,0,0,94,1,0,2,0,1,1,1,1,1,1,0,0,0,20996,0,0,0,0,0,0,0,0,3
1.312500,351.11,23.805,14.270,237,237,72.000,71,72,18.000,39.000,55.000,174,133,213,160,96,96,96,96,96,96,1,0,0,3,30,1,28.000,1,1,2,2,93,1,0,0,14,0,0,94,1,0,2,0,1,1,1,1,1,1,0,0,0,21000,0,0,0,0,0,0,0,0,3
1.312750,351.22,23.855,14.320,238,238,72.000,71,72,18.000,39.000,55.000,174,134,214,160,96,96,96,96,96,96,1,0,0,3,30,1,28.000,1,1,2,2,93,1,0,0,14,0,0,94,1,0,2,0,1,1,1,1,1,1,0,0,0,21004,0,0,0,0,0,0,0,0,3
1.313000,351.32,23.904,14.320,238,238,72.000,71,72,18.000,39.000,55.000,174,134,214,160,96,96,96,96,96,96,1,0,0,3,30,1,28.000,1,1,2,2,93,1,0,0,14,0,0,94,1,0,2,0,1,1,1,1,1,1,0,0,0,21008,0,0,0,0,0,0,0,0,3
1.313250,351.43,23.954,14.380,238,238,72.000,71,72,18.000,39.000,55.000,175,134,214,160,96,96,96,96,96,96,1,0,0,3,30,1,28.000,1,1,2,2,93,1,0,0,14,0,0,94,1,0,2,0,1,1,1,1,1,1,0,0,0,21012,0,0,0,0,0,0,0,0,3
1.313500,351.54,24.003,14.380,239,239,72.000,71,72,18.000,39.000,55.000,175,134,215,160,97,97,97,97,97,97,1,0,0,3,30,1,28.000,1,1,2,2,93,1,0,0,14,0,0,94,1,0,2,0,1,1,1,1,1,1,0,0,0,21016,0,0,0,0,0,0,0,0,3
1.313750,351.65,24.053,14.430,239,239,72.000,71,72,18.000,39.000,55.000,176,134,215,160,97,97,97,97,97,97,1,0,0,3,30,1,28.000,1,1,2,2,93,1,0,0,14,0,0,94,1,0,2,0,1,1,1,1,1,1,0,0,0,21020,0,0,0,0,0,0,0,0,3
1.314000,351.76,24.103,14.490,239,239,72.000,71,72,18.000,39.000,55.000,176,134,215,160,97,97,97,97,97,97,1,0,0,3,30,1,28.000,1,1,2,2,93,1,0,0,14,0,0,94,1,0,2,0,1,1,1,1,1,1,0,0,0,21024,0,0,0,0,0,0,0,0,3
1.314250,351.86,24.152,14.490,240,240,72.000,71,72,18.000,39.000,55.000,176,135,216,160,97,97,97,97,97,97,1,0,0,3,30,1,28.000,1,1,2,2,93,1,0,0,14,0,0,94,1,0,2,0,1,1,1,1,1,1,0,0,0,21028,0,0,0,0,0,0,0,0,3
1.314500,351.97,24.202,14.540,240,240,72.000,71,72,18.000,39.000,55.000,177,135,216,160,97,97,97,97,97,97,1,0,0,3,30,1,28.000,1,1,2,2,93,1,0,0,14,0,0,94,1,0,2,0,1,1,1,1,1,1,0,0,0,21032,0,0,0,0,0,0,0,0,3
1.314750,352.08,24.252,14.540,240,240,72.000,71,72,18.000,39.000,55.000,177,135,216,160,97,97,97,97,97,97,1,0,0,3,30,1,28.000,1,1,2,2,93,1,0,0,14,0,0,94,1,0,2,0,1,1,1,1,1,1,0,0,0,21036,0,0,0,0,0,0,0,0,3
1.315000,352.19,24.302,14.590,241,241,72.000,71,72,18.000,39.000,55.000,177,136,217,160,98,98,98,98,98,98,1,0,0,3,30,1,28.000,1,1,2,2,93,1,0,0,14,0,0,94,1,0,2,0,1,1,1,1,1,1,0,0,0,21040,0,0,0,0,0,0,0,0,3
1.315250,352.30,24.352,14.590,241,241,72.000,71,72,18.000,39.000,55.000,177,136,217,160,98,98,98,98,98,98,1,0,0,3,30,1,28.000,1,1,2,2,93,1,0,0,14,0,0,94,1,0,2,0,1,1,1,1,1,1,0,0,0,21044,0,0,0,0,0,0,0,0,3
1.315500,352.40,24.402,14.650,242,242,72.000,71,72,18.000,39.000,55.000,178,136,218,160,98,98,98,98,98,98,1,0,0,3,30,1,28.000,1,1,2,2,93,1,0,0,14,0,0,94,1,0,2,0,1,1,1,1,1,1,0,0,0,21048,0,0,0,0,0,0,0,0,3
1.315750,352.51,24.452,14.650,242,242,72.000,71,72,18.000,39.000,55.000,178,136,218,160,98,98,98,98,98,98,1,0,0,3,30,1,28.000,1,1,3,3,94,1,0,0,15,0,0,95,1,0,2,0,1,1,1,1,1,1,0,0,0,21052,0,0,0,0,0,0,0,0,3
1.316000,352.62,24.502,14.700,242,242,72.000,71,72,18.000,39.000,55.000,179,136,218,160,98,98,98,98,98,98,1,0,0,3,30,1,28.000,1,1,3,3,94,1,0,0,15,0,0,95,1,0,2,0,1,1,1,1,1,1,0,0,0,21056,0,0,0,0,0,0,0,0,3
1.316250,352.73,24.552,14.700,243,243,72.000,71,72,18.000,39.000,55.000,179,137,220,160,99,99,99,99,99,99,1,0,0,3,30,1,28.000,1,1,3,3,94,1,0,0,15,0,0,95,1,0,2,0,1,1,1,1,1,1,0,0,0,21060,0,0,0,0,0,0,0,0,3
1.316500,352.84,24.602,14.760,243,243,72.000,71,72,18.000,39.000,55.000,180,137,220,160,99,99,99,99,99,99,1,0,0,3,30,1,28.000,1,1,3,3,94,1,0,0,15,0,0,95,1,0,2,0,1,1,1,1,1,1,0,0,0,21064,0,0,0,0,0,0,0,0,3
1.316750,352.94,24.653,14.810,244,244,72.000,71,72,18.000,39.000,55.000,180,138,221,160,99,99,99,99,99,99,1,0,0,3,30,1,28.000,1,1,3,3,94,1,0,0,15,0,0,95,1,0,2,0,1,1,1,1,1,1,0,0,0,21068,0,0,0,0,0,0,0,0,3
1.317000,353.05,24.703,14.810,244,244,72.000,71,72,18.000,39.000,55.000,180,138,221,160,99,99,99,99,99,99,1,0,0,3,30,1,28.000,1,1,3,3,94,1,0,0,15,0,0,95,1,0,2,0,1,1,1,1,1,1,0,0,0,21072,0,0,0,0,0,0,0,0,3
1.317250,353.16,24.753,14.870,244,244,72.000,71,72,18.000,39.000,55.000,181,138,221,160,99,99,99,99,99,99,1,0,0,3,30,1,28.000,1,1,3,3,94,1,0,0,15,0,0,95,1,0,2,0,1,1,1,1,1,1,0,0,0,21076,0,0,0,0,0,0,0,0,3
1.317500,353.27,24.804,14.870,245,245,72.000,71,72,18.000,39.000,55.000,181,138,222,160,99,99,99,99,99,99,1,0,0,3,30,1,28.000,1,1,3,3,94,1,0,0,15,0,0,95,1,0,2,0,1,1,1,1,1,1,0,0,0,21080,0,0,0,0,0,0,0,0,3
1.317750,353.38,24.854,14.920,245,245,72.000,71,72,18.000,39.000,55.000,181,138,222,160,99,99,99,99,99,99,1,0,0,3,30,1,28.000,1,1,3,3,94,1,0,0,15,0,0,95,1,0,2,0,1,1,1,1,1,1,0,0,0,21084,0,0,0,0,0,0,0,0,3
1.318000,353.48,24.905,14.920,245,245,72.000,71,72,18.000,39.000,55.000,181,138,222,160,99,99,99,99,99,99,1,0,0,3,30,1,28.000,1,1,3,3,94,1,0,0,15,0,0,95,1,0,2,0,1,1,1,1,1,1,0,0,0,21088,0,0,0,0,0,0,0,0,3
1.318250,353.59,24.955,14.970,246,246,72.000,71,72,18.000,39.000,55.000,182,139,223,160,100,100,100,100,100,100,1,0,0,3,30,1,28.000,1,1,3,3,94,1,0,0,15,0,0,95,1,0,2,0,1,1,1,1,1,1,0,0,0,21092,0,0,0,0,0,0,0,0,3
1.318500,353.70,25.006,14.970,246,246,72.000,71,72,18.000,39.000,55.000,182,139,223,160,100,100,100,100,100,100,1,0,0,3,30,1,28.000,1,1,3,3,94,1,0,0,15,0,0,95,1,0,2,0,1,1,1,1,1,1,0,0,0,21096,0,0,0,0,0,0,0,0,3
1.318750,353.81,25.056,15.030,247,247,72.000,71,72,18.000,39.000,55.000,183,140,224,160,100,100,100,100,100,100,1,0,0,3,30,1,28.000,1,1,3,3,94,1,0,0,15,0,0,95,1,0,2,0,1,1,1,1,1,1,0,0,0,21100,0,0,0,0,0,0,0,0,3
1.319000,353.92,25.107,15.080,247,247,72.000,71,72,18.000,39.000,55.000,183,140,224,160,100,100,100,100,100,100,1,0,0,3,30,1,28.000,1,1,3,3,94,1,0,0,15,0,0,95,1,0,2,0,1,1,1,1,1,1,0,0,0,21104,0,0,0,0,0,0,0,0,3
1.319250,354.02,25.157,15.080,247,247,72.000,71,72,18.000,39.000,55.000,183,140,224,160,100,100,100,100,100,100,1,0,0,3,30,1,28.000,1,1,3,3,94,1,0,0,15,0,0,95,1,0,2,0,1,1,1,1,1,1,0,0,0,21108,0,0,0,0,0,0,0,0,3
1.319500,354.13,25.208,15.140,248,248,72.000,71,72,18.000,39.000,55.000,184,140,225,160,101,101,101,101,101,101,1,0,0,3,30,1,28.000,1,1,3,3,94,1,0,0,15,0,0,95,1,0,2,0,1,1,1,1,1,1,0,0,0,21112,0,0,0,0,0,0,0,0,3
1.319750,354.24,25.259,15.140,248,248,72.000,71,72,18.000,39.000,55.000,184,140,225,160,101,101,101,101,101,101,1,0,0,3,30,1,28.000,1,1,3,3,94,1,0,0,15,0,0,95,1,0,2,0,1,1,1,1,1,1,0,0,0,21116,0,0,0,0,0,0,0,0,3
1.320000,354.35,25.310,15.190,249,249,72.000,71,72,18.000,39.000,55.000,185,141,226,160,101,101,101,101,101,101,1,0,0,3,30,1,28.000,1,1,3,3,94,1,0,0,15,0,0,95,1,0,2,0,1,1,1,1,1,1,0,0,0,21120,0,0,0,0,0,0,0,0,3
1.320250,354.46,25.360,15.190,249,249,72.000,71,72,18.000,39.000,55.000,185,141,226,160,101,101,101,101,101,101,1,0,0,3,30,1,28.000,1,1,3,3,94,1,0,0,15,0,0,95,1,0,2,0,1,1,1,1,1,1,0,0,0,21124,0,0,0,0,0,0,0,0,3
1.320500,354.56,25.411,15.250,249,249,72.000,71,72,18.000,39.000,55.000,186,141,226,160,101,101,101,101,101,101,1,0,0,3,30,1,28.000,1,1,3,3,94,1,0,0,15,0,0,95,1,0,2,0,1,1,1,1,1,1,0,0,0,21128,0,0,0,0,0,0,0,0,3
1.320750,354.67,25.462,15.250,250,250,72.000,71,72,18.000,39.000,55.000,186,142,227,160,102,102,102,102,102,102,1,0,0,3,30,1,28.000,1,1,3,3,94,1,0,0,15,0,0,95,1,0,2,0,1,1,1,1,1,1,0,0,0,21132,0,0,0,0,0,0,0,0,3
1.321000,354.78,25.513,15.300,250,250,72.000,71,72,18.000,39.000,55.000,186,142,227,160,102,102,102,102,102,102,1,0,0,3,30,1,28.000,1,1,3,3,94,1,0,0,15,0,0,95,1,0,2,0,1,1,1,1,1,1,0,0,0,21136,0,0,0,0,0,0,0,0,3
1.321250,354.89,25.564,15.360,251,251,72.000,71,72,18.000,39.000,55.000,187,142,228,160,102,102,102,102,102,102,1,0,0,3,30,1,28.000,1,1,3,3,94,1,0,0,15,0,0,95,1,0,2,0,1,1,1,1,1,1,0,0,0,21140,0,0,0,0,0,0,0,0,3
1.321500,355.00,25.615,15.360,251,251,72.000,71,72,18.000,39.000,55.000,187,142,228,160,102,102,102,102,102,102,1,0,0,3,30,1,28.000,1,1,3,3,94,1,0,0,15,0,0,95,1,0,2,0,1,1,1,1,1,1,0,0,0,21144,0,0,0,0,0,0,0,0,3
1.321750,355.10,25.666,15.410,252,252,72.000,71,72,18.000,39.000,55.000,187,143,229,160,103,103,103,103,103,103,1,0,0,3,30,1,28.000,1,1,3,3,94,1,0,0,15,0,0,95,1,0,2,0,1,1,1,1,1,1,0,0,0,21148,0,0,0,0,0,0,0,0,3
1.322000,355.21,25.717,15.410,252,252,72.000,71,72,18.000,39.000,55.000,187,143,229,160,103,103,103,103,103,103,1,0,0,3,30,1,28.000,1,1,3,3,94,1,0,0,15,0,0,95,1,0,2,0,1,1,1,1,1,1,0,0,0,21152,0,0,0,0,0,0,0,0,3
1.322250,355.32,25.768,15.460,252,252,72.000,71,72,18.000,39.000,55.000,188,143,229,160,103,103,103,103,103,103,1,0,0,3,30,1,28.000,1,1,3,3,94,1,0,0,15,0,0,95,1,0,2,0,1,1,1,1,1,1,0,0,0,21156,0,0,0,0,0,0,0,0,3
1.322500,355.43,25.819,15.460,253,253,72.000,71,72,18.000,39.000,55.000,188,144,230,160,103,103,103,103,103,103,1,0,0,3,30,1,28.000,1,1,3,3,94,1,0,0,15,0,0,95,1,0,2,0,1,1,1,1,1,1,0,0,0,21160,0,0,0,0,0,0,0,0,3
1.322750,355.54,25.870,15.520,253,253,72.000,71,72,18.000,39.000,55.000,189,144,230,160,103,103,103,103,103,103,1,0,0,3,30,1,28.000,1,1,3,3,94,1,0,0,15,0,0,95,1,0,2,0,1,1,1,1,1,1,0,0,0,21164,0,0,0,0,0,0,0,0,3
1.323000,355.64,25.921,15.570,254,254,72.000,71,72,18.000,39.000,55.000,189,144,231,160,104,104,104,104,104,104,1,0,0,3,30,1,28.000,1,1,3,3,94,1,0,0,15,0,0,95,1,0,2,0,1,1,1,1,1,1,0,0,0,21168,0,0,0,0,0,0,0,0,3
1.323250,355.75,25.973,15.570,254,254,72.000,71,72,18.000,39.000,55.000,189,144,231,160,104,104,104,104,104,104,1,0,0,3,30,1,28.000,1,1,3,3,94,1,0,0,15,0,0,95,1,0,2,0,1,1,1,1,1,1,0,0,0,21172,0,0,0,0,0,0,0,0,3
1.323500,355.86,26.024,15.630,254,254,72.000,71,72,18.000,39.000,55.000,190,144,231,160,104,104,104,104,104,104,1,0,0,3,30,1,28.000,1,1,3,3,94,1,0,0,15,0,0,95,1,0,2,0,1,1,1,1,1,1,0,0,0,21176,0,0,0,0,0,0,0,0,3
1.323750,355.97,26.075,15.630,255,255,72.000,71,72,18.000,39.000,55.000,190,145,232,160,104,104,104,104,104,104,1,0,0,3,30,1,28.000,1,1,3,3,94,1,0,0,15,0,0,95,1,0,2,0,1,1,1,1,1,1,0,0,0,21180,0,0,0,0,0,0,0,0,3
1.324000,356.08,26.126,15.680,255,255,72.000,71,72,18.000,39.000,55.000,191,145,232,160,104,104,104,104,104,104,1,0,0,3,30,1,28.000,1,1,3,3,94,1,0,0,15,0,0,95,1,0,2,0,1,1,1,1,1,1,0,0,0,21184,0,0,0,0,0,0,0,0,3
1.324250,356.18,26.178,15.680,256,256,72.000,71,72,18.000,39.000,55.000,191,146,233,160,105,105,105,105,105,105,1,0,0,3,30,1,28.000,1,1,3,3,94,1,0,0,15,0,0,95,1,0,2,0,1,1,1,1,1,1,0,0,0,21188,0,0,0,0,0,0,0,0,3
1.324500,356.29,26.229,15.740,256,256,72.000,71,72,18.000,39.000,55.000,191,146,233,160,105,105,105,105,105,105,1,0,0,3,30,1,28.000,1,1,1,1,95,1,0,0,16,0,0,96,1,0,2,0,1,1,1,1,1,1,0,0,0,21192,0,0,0,0,0,0,0,0,3
1.324750,356.40,26.280,15.740,257,257,72.000,71,72,18.000,39.000,55.000,191,146,234,160,105,105,105,105,105,105,1,0,0,3,30,1,28.000,1,1,1,1,95,1,0,0,16,0,0,96,1,0,2,0,1,1,1,1,1,1,0,0,0,21196,0,0,0,0,0,0,0,0,3
1.325000,356.51,26.332,15.790,257,257,72.000,71,72,18.000,39.000,55.000,192,146,234,160,105,105,105,105,105,105,1,0,0,3,30,1,28.000,1,1,1,1,95,1,0,0,16,0,0,96,1,0,2,0,1,1,1,1,1,1,0,0,0,21200,0,0,0,0,0,0,0,0,3
1.325250,356.62,26.383,15.850,257,257,72.000,71,72,18.000,39.000,55.000,193,146,234,160,105,105,105,105,105,105,1,0,0,3,30,1,28.000,1,1,1,1,95,1,0,0,16,0,0,96,1,0,2,0,1,1,1,1,1,1,0,0,0,21204,0,0,0,0,0,0,0,0,3
1.325500,356.72,26.434,15.850,258,258,72.000,71,72,18.000,39.000,55.000,193,147,235,160,106,106,106,106,106,106,1,0,0,3,30,1,28.000,1,1,1,1,95,1,0,0,16,0,0,96,1,0,2,0,1,1,1,1,1,1,0,0,0,21208,0,0,0,0,0,0,0,0,3
1.325750,356.83,26.486,15.900,258,258,72.000,71,72,18.000,39.000,55.000,193,147,235,160,106,106,106,106,106,106,1,0,0,3,30,1,28.000,1,1,1,1,95,1,0,0,16,0,0,96,1,0,2,0,1,1,1,1,1,1,0,0,0,21212,0,0,0,0,0,0,0,0,3
1.326000,356.94,26.537,15.900,259,259,72.000,71,72,18.000,39.000,55.000,193,148,237,160,106,106,106,106,106,106,1,0,0,3,30,1,28.000,1,1,1,1,95,1,0,0,16,0,0,96,1,0,2,0,1,1,1,1,1,1,0,0,0,21216,0,0,0,0,0,0,0,0,3
1.326250,357.05,26.589,15.950,259,259,72.000,71,72,18.000,39.000,55.000,194,148,237,160,106,106,106,106,106,106,1,0,0,3,30,1,28.000,1,1,1,1,95,1,0,0,16,0,0,96,1,0,2,0,1,1,1,1,1,1,0,0,0,21220,0,0,0,0,0,0,0,0,3
1.326500,357.16,26.640,15.950,259,259,72.000,71,72,18.000,39.000,55.000,194,148,237,160,106,106,106,106,106,106,1,0,0,3,30,1,28.000,1,1,1,1,95,1,0,0,16,0,0,96,1,0,2,0,1,1,1,1,1,1,0,0,0,21224,0,0,0,0,0,0,0,0,3
1.326750,357.26,26.692,16.010,260,260,72.000,71,72,18.000,39.000,55.000,195,148,238,160,107,107,107,107,107,107,1,0,0,3,30,1,28.000,1,1,1,1,95,1,0,0,16,0,0,96,1,0,2,0,1,1,1,1,1,1,0,0,0,21228,0,0,0,0,0,0,0,0,3
1.327000,357.37,26.743,16.060,260,260,72.000,71,72,18.000,39.000,55.000,195,148,238,160,107,107,107,107,107,107,1,0,0,3,30,1,28.000,1,1,1,1,95,1,0,0,16,0,0,96,1,0,2,0,1,1,1,1,1,1,0,0,0,21232,0,0,0,0,0,0,0,0,3
1.327250,357.48,26.795,16.060,261,261,72.000,71,72,18.000,39.000,55.000,195,149,239,160,107,107,107,107,107,107,1,0,0,3,30,1,28.000,1,1,1,1,95,1,0,0,16,0,0,96,1,0,2,0,1,1,1,1,1,1,0,0,0,21236,0,0,0,0,0,0,0,0,3
1.327500,357.59,26.846,16.120,261,261,72.000,71,72,18.000,39.000,55.000,196,149,239,160,107,107,107,107,107,107,1,0,0,3,30,1,28.000,1,1,1,1,95,1,0,0,16,0,0,96,1,0,2,0,1,1,1,1,1,1,0,0,0,21240,0,0,0,0,0,0,0,0,3
1.327750,357.70,26.898,16.120,262,262,72.000,71,72,18.000,39.000,55.000,196,150,240,160,108,108,108,108,108,108,1,0,0,3,30,1,28.000,1,1,1,1,95,1,0,0,16,0,0,96,1,0,2,0,1,1,1,1,1,1,0,0,0,21244,0,0,0,0,0,0,0,0,3
1.328000,357.80,26.949,16.170,262,262,72.000,71,72,18.000,39.000,55.000,197,150,240,160,108,108,108,108,108,108,1,0,0,3,30,1,28.000,1,1,1,1,95,1,0,0,16,0,0,96,1,0,2,0,1,1,1,1,1,1,0,0,0,21248,0,0,0,0,0,0,0,0,3
1.328250,357.91,27.001,16.230,263,263,72.000,71,72,18.000,39.000,55.000,197,150,241,160,108,108,108,108,108,108,1,0,0,3,30,1,28.000,1,1,1,1,95,1,0,0,16,0,0,96,1,0,2,0,1,1,1,1,1,1,0,0,0,21252,0,0,0,0,0,0,0,0,3
1.328500,358.02,27.052,16.230,263,263,72.000,71,72,18.000,39.000,55.000,197,150,241,160,108,108,108,108,108,108,1,0,0,3,30,1,28.000,1,1,1,1,95,1,0,0,16,0,0,96,1,0,2,0,1,1,1,1,1,1,0,0,0,21256,0,0,0,0,0,0,0,0,3
1.328750,358.13,27.104,16.280,263,263,72.000,71,72,18.000,39.000,55.000,198,150,241,160,108,108,108,108,108,108,1,0,0,3,30,1,28.000,1,1,1,1,95,1,0,0,16,0,0,96,1,0,2,0,1,1,1,1,1,1,0,0,0,21260,0,0,0,0,0,0,0,0,3
1.329000,358.24,27.156,16.280,264,264,72.000,71,72,18.000,39.000,55.000,198,151,242,160,109,109,109,109,109,109,1,0,0,3,30,1,28.000,1,1,1,1,95,1,0,0,16,0,0,96,1,0,2,0,1,1,1,1,1,1,0,0,0,21264,0,0,0,0,0,0,0,0,3
1.329250,358.34,27.207,16.330,264,264,72.000,71,72,18.000,39.000,55.000,199,151,242,160,109,109,109,109,109,109,1,0,0,3,30,1,28.000,1,1,1,1,95,1,0,0,16,0,0,96,1,0,2,0,1,1,1,1,1,1,0,0,0,21268,0,0,0,0,0,0,0,0,3
1.329500,358.45,27.259,16.330,265,265,72.000,71,72,18.000,39.000,55.000,199,152,243,160,109,109,109,109,109,109,1,0,0,3,30,1,28.000,1,1,1,1,95,1,0,0,16,0,0,96,1,0,2,0,1,1,1,1,1,1,0,0,0,21272,0,0,0,0,0,0,0,0,3
1.329750,358.56,27.311,16.390,265,265,72.000,71,72,18.000,39.000,55.000,199,152,243,160,109,109,109,109,109,109,1,0,0,3,30,1,28.000,1,1,1,1,95,1,0,0,16,0,0,96,1,0,2,0,1,1,1,1,1,1,0,0,0,21276,0,0,0,0,0,0,0,0,3
1.330000,358.67,27.362,16.390,266,266,72.000,71,72,18.000,39.000,55.000,199,152,244,160,109,109,109,109,109,109,1,0,0,3,30,1,28.000,1,1,1,1,95,1,0,0,16,0,0,96,1,0,2,0,1,1,1,1,1,1,0,0,0,21280,0,0,0,0,0,0,0,0,3
1.330250,358.78,27.414,16.440,266,266,72.000,71,72,18.000,39.000,55.000,200,152,244,160,109,109,109,109,109,109,1,0,0,3,30,1,28.000,1,1,1,1,95,1,0,0,16,0,0,96,1,0,2,0,1,1,1,1,1,1,0,0,0,21284,0,0,0,0,0,0,0,0,3
1.330500,358.88,27.466,16.440,267,267,72.000,71,72,18.000,39.000,55.000,200,153,245,160,110,110,110,110,110,110,1,0,0,3,30,1,28.000,1,1,1,1,95,1,0,0,16,0,0,96,1,0,2,0,1,1,1,1,1,1,0,0,0,21288,0,0,0,0,0,0,0,0,3
1.330750,358.99,27.517,16.500,267,267,72.000,71,72,18.000,39.000,55.000,201,153,245,160,110,110,110,110,110,110,1,0,0,3,30,1,28.000,1,1,1,1,95,1,0,0,16,0,0,96,1,0,2,0,1,1,1,1,1,1,0,0,0,21292,0,0,0,0,0,0,0,0,3
1.331000,359.10,27.569,16.550,267,267,72.000,71,72,18.000,39.000,55.000,201,153,245,160,110,110,110,110,110,110,1,0,0,3,30,1,28.000,1,1,1,1,95,1,0,0,16,0,0,96,1,0,2,0,1,1,1,1,1,1,0,0,0,21296,0,0,0,0,0,0,0,0,3
1.331250,359.21,27.621,16.550,268,268,72.000,71,72,18.000,39.000,55.000,201,154,246,160,110,110,110,110,110,110,1,0,0,3,30,1,28.000,1,1,1,1,95,1,0,0,16,0,0,96,1,0,2,0,1,1,1,1,1,1,0,0,0,21300,0,0,0,0,0,0,0,0,3
1.331500,359.32,27.672,16.610,268,268,72.000,71,72,18.000,39.000,55.000,202,154,246,160,110,110,110,110,110,110,1,0,0,3,30,1,28.000,1,1,1,1,95,1,0,0,16,0,0,96,1,0,2,0,1,1,1,1,1,1,0,0,0,21304,0,0,0,0,0,0,0,0,3
1.331750,359.42,27.724,16.610,269,269,72.000,71,72,18.000,39.000,55.000,202,154,247,160,111,111,111,111,111,111,1,0,0,3,30,1,28.000,1,1,1,1,95,1,0,0,16,0,0,96,1,0,2,0,1,1,1,1,1,1,0,0,0,21308,0,0,0,0,0,0,0,0,3
1.332000,359.53,27.776,16.660,269,269,72.000,71,72,18.000,39.000,55.000,203,154,247,160,111,111,111,111,111,111,1,0,0,3,30,1,28.000,1,1,1,1,95,1,0,0,16,0,0,96,1,0,2,0,1,1,1,1,1,1,0,0,0,21312,0,0,0,0,0,0,0,0,3
1.332250,359.64,27.828,16.720,270,270,72.000,71,72,18.000,39.000,55.000,203,155,248,160,111,111,111,111,111,111,1,0,0,3,30,1,28.000,1,1,1,1,95,1,0,0,16,0,0,96,1,0,2,0,1,1,1,1,1,1,0,0,0,21316,0,0,0,0,0,0,0,0,3
1.332500,359.75,27.879,16.720,270,270,72.000,71,72,18.000,39.000,55.000,203,155,248,160,111,111,111,111,111,111,1,0,0,3,30,1,28.000,1,1,1,1,95,1,0,0,16,0,0,96,1,0,2,0,1,1,1,1,1,1,0,0,0,21320,0,0,0,0,0,0,0,0,3
1.332750,359.86,27.931,16.770,271,271,72.000,71,72,18.000,39.000,55.000,204,156,249,160,112,112,112,112,112,112,1,0,0,3,30,1,28.000,1,1,1,1,95,1,0,0,16,0,0,96,1,0,2,0,1,1,1,1,1,1,0,0,0,21324,0,0,0,0,0,0,0,0,3
1.333000,359.96,27.983,16.770,271,271,72.000,71,72,18.000,39.000,55.000,204,156,249,160,112,112,112,112,112,112,1,0,0,3,30,1,28.000,1,1,1,1,95,1,0,0,16,0,0,96,1,0,2,0,1,1,1,1,1,1,0,0,0,21328,0,0,0,0,0,0,0,0,3
1.333250,0.07,28.034,16.820,271,271,72.000,71,72,18.000,39.000,55.000,205,156,249,160,112,112,112,112,112,112,1,0,0,3,30,1,28.000,1,1,0,0,96,1,0,0,17,0,0,97,1,0,2,0,1,1,1,1,1,1,0,0,0,21332,0,0,0,0,0,0,0,0,3
1.333500,0.18,28.086,16.820,272,272,72.000,71,72,18.000,39.000,55.000,205,156,250,160,112,112,112,112,112,112,1,0,0,3,30,1,28.000,1,1,0,0,96,1,0,0,17,0,0,97,1,0,2,0,1,1,1,1,1,1,0,0,0,21336,0,0,0,0,0,0,0,0,3
1.333750,0.29,28.138,16.880,272,272,72.000,71,72,18.000,39.000,55.000,205,156,250,160,112,112,112,112,112,112,1,0,0,3,30,1,28.000,1,1,0,0,96,1,0,0,17,0,0,97,1,0,2,0,1,1,1,1,1,1,0,0,0,21340,0,0,0,0,0,0,0,0,3
1.334000,0.40,28.190,16.930,273,273,72.000,71,72,18.000,39.000,55.000,206,157,251,160,113,113,113,113,113,113,1,0,0,3,30,1,28.000,1,1,0,0,96,1,0,0,17,0,0,97,1,0,2,0,1,1,1,1,1,1,0,0,0,21344,0,0,0,0,0,0,0,0,3
1.334250,0.50,28.241,16.930,273,273,72.000,71,72,18.000,39.000,55.000,206,157,251,160,113,113,113,113,113,113,1,0,0,3,30,1,28.000,1,1,0,0,96,1,0,0,17,0,0,97,1,0,2,0,1,1,1,1,1,1,0,0,0,21348,0,0,0,0,0,0,0,0,3
1.334500,0.61,28.293,16.990,274,274,72.000,71,72,18.000,39.000,55.000,207,158,252,160,113,113,113,113,113,113,1,0,0,3,30,1,28.000,1,1,0,0,96,1,0,0,17,0,0,97,1,0,2,0,1,1,1,1,1,1,0,0,0,21352,0,0,0,0,0,0,0,0,3
1.334750,0.72,28.345,16.990,274,274,72.000,71,72,18.000,39.000,55.000,207,158,252,160,113,113,113,113,113,113,1,0,0,3,30,1,28.000,1,1,0,0,96,1,0,0,17,0,0,97,1,0,2,0,1,1,1,1,1,1,0,0,0,21356,0,0,0,0,0,0,0,0,3
1.335000,0.83,28.396,17.040,275,275,72.000,71,72,18.000,39.000,55.000,207,158,254,160,114,114,114,114,114,114,1,0,0,3,30,1,28.000,1,1,0,0,96,1,0,0,17,0,0,97,1,0,2,0,1,1,1,1,1,1,0,0,0,21360,0,0,0,0,0,0,0,0,3
1.335250,0.94,28.448,17.040,275,275,72.000,71,72,18.000,39.000,55.000,207,158,254,160,114,114,114,114,114,114,1,0,0,3,30,1,28.000,1,1,0,0,96,1,0,0,17,0,0,97,1,0,2,0,1,1,1,1,1,1,0,0,0,21364,0,0,0,0,0,0,0,0,3
1.335500,1.04,28.500,17.100,276,276,72.000,71,72,18.000,39.000,55.000,208,159,255,160,114,114,114,114,114,114,1,0,0,3,30,1,28.000,1,1,0,0,96,1,0,0,17,0,0,97,1,0,2,0,1,1,1,1,1,1,0,0,0,21368,0,0,0,0,0,0,0,0,3
1.335750,1.15,28.552,17.150,276,276,72.000,71,72,18.000,39.000,55.000,209,159,255,160,114,114,114,114,114,114,1,0,0,3,30,1,28.000,1,1,0,0,96,1,0,0,17,0,0,97,1,0,2,0,1,1,1,1,1,1,0,0,0,21372,0,0,0,0,0,0,0,0,3
1.336000,1.26,28.603,17.150,277,277,72.000,71,72,18.000,39.000,55.000,209,160,256,160,115,115,115,115,115,115,1,0,0,3,30,1,28.000,1,1,0,0,96,1,0,0,17,0,0,97,1,0,2,0,1,1,1,1,1,1,0,0,0,21376,0,0,0,0,0,0,0,0,3
1.336250,1.37,28.655,17.210,277,277,72.000,71,72,18.000,39.000,55.000,209,160,256,160,115,115,115,115,115,115,1,0,0,3,30,1,28.000,1,1,0,0,96,1,0,0,17,0,0,97,1,0,2,0,1,1,1,1,1,1,0,0,0,21380,0,0,0,0,0,0,0,0,3
1.336500,1.48,28.707,17.210,277,277,72.000,71,72,18.000,39.000,55.000,209,160,256,160,115,115,115,115,115,115,1,0,0,3,30,1,28.000,1,1,0,0,96,1,0,0,17,0,0,97,1,0,2,0,1,1,1,1,1,1,0,0,0,21384,0,0,0,0,0,0,0,0,3
1.336750,1.58,28.758,17.260,278,278,72.000,71,72,18.000,39.000,55.000,210,160,257,160,115,115,115,115,115,115,1,0,0,3,30,1,28.000,1,1,0,0,96,1,0,0,17,0,0,97,1,0,2,0,1,1,1,1,1,1,0,0,0,21388,0,0,0,0,0,0,0,0,3
1.337000,1.69,28.810,17.260,278,278,72.000,71,72,18.000,39.000,55.000,210,160,257,160,115,115,115,115,115,115,1,0,0,3,30,1,28.000,1,1,0,0,96,1,0,0,17,0,0,97,1,0,2,0,1,1,1,1,1,1,0,0,0,21392,0,0,0,0,0,0,0,0,3
1.337250,1.80,28.862,17.310,279,279,72.000,71,72,18.000,39.000,55.000,211,161,258,160,116,116,116,116,116,116,1,0,0,3,30,1,28.000,1,1,0,0,96,1,0,0,17,0,0,97,1,0,2,0,1,1,1,1,1,1,0,0,0,21396,0,0,0,0,0,0,0,0,3
1.337500,1.91,28.913,17.310,279,279,72.000,71,72,18.000,39.000,55.000,211,161,258,160,116,116,116,116,116,116,1,0,0,3,30,1,28.000,1,1,0,0,96,1,0,0,17,0,0,97,1,0,2,0,1,1,1,1,1,1,0,0,0,21400,0,0,0,0,0,0,0,0,3
1.337750,2.02,28.965,17.370,280,280,72.000,71,72,18.000,39.000,55.000,211,162,259,160,116,116,116,116,116,116,1,0,0,3,30,1,28.000,1,1,0,0,96,1,0,0,17,0,0,97,1,0,2,0,1,1,1,1,1,1,0,0,0,21404,0,0,0,0,0,0,0,0,3
1.338000,2.12,29.016,17.420,280,280,72.000,71,72,18.000,39.000,55.000,212,162,259,160,116,116,116,116,116,116,1,0,0,3,30,1,28.000,1,1,0,0,96,1,0,0,17,0,0,97,1,0,2,0,1,1,1,1,1,1,0,0,0,21408,0,0,0,0,0,0,0,0,3
1.338250,2.23,29.068,17.420,281,281,72.000,71,72,18.000,39.000,55.000,212,162,260,160,117,117,117,117,117,117,1,0,0,3,30,1,28.000,1,1,0,0,96,1,0,0,17,0,0,97,1,0,2,0,1,1,1,1,1,1,0,0,0,21412,0,0,0,0,0,0,0,0,3
1.338500,2.34,29.119,17.480,281,281,72.000,71,72,18.000,39.000,55.000,213,162,260,160,117,117,117,117,117,117,1,0,0,3,30,1,28.000,1,1,0,0,96,1,0,0,17,0,0,97,1,0,2,0,1,1,1,1,1,1,0,0,0,21416,0,0,0,0,0,0,0,0,3
1.338750,2.45,29.171,17.480,282,282,72.000,71,72,18.000,39.000,55.000,213,163,261,160,117,117,117,117,117,117,1,0,0,3,30,1,28.000,1,1,0,0,96,1,0,0,17,0,0,97,1,0,2,0,1,1,1,1,1,1,0,0,0,21420,0,0,0,0,0,0,0,0,3
1.339000,2.56,29.223,17.530,282,282,72.000,71,72,18.000,39.000,55.000,213,163,261,160,117,117,117,117,117,117,1,0,0,3,30,1,28.000,1,1,0,0,96,1,0,0,17,0,0,97,1,0,2,0,1,1,1,1,1,1,0,0,0,21424,0,0,0,0,0,0,0,0,3
1.339250,2.66,29.274,17.590,283,283,72.000,71,72,18.000,39.000,55.000,214,164,262,160,118,118,118,118,118,118,1,0,0,3,30,1,28.000,1,1,0,0,96,1,0,0,17,0,0,97,1,0,2,0,1,1,1,1,1,1,0,0,0,21428,0,0,0,0,0,0,0,0,3
1.339500,2.77,29.326,17.590,283,283,72.000,71,72,18.000,39.000,55.000,214,164,262,160,118,118,118,118,118,118,1,0,0,3,30,1,28.000,1,1,0,0,96,1,0,0,17,0,0,97,1,0,2,0,1,1,1,1,1,1,0,0,0,21432,0,0,0,0,0,0,0,0,3
1.339750,2.88,29.377,17.640,284,284,72.000,71,72,18.000,39.000,55.000,215,164,263,160,118,118,118,118,118,118,1,0,0,3,30,1,28.000,1,1,0,0,96,1,0,0,17,0,0,97,1,0,2,0,1,1,1,1,1,1,0,0,0,21436,0,0,0,0,0,0,0,0,3
1.340000,2.99,29.429,17.640,284,284,72.000,71,72,18.000,39.000,55.000,215,164,263,160,118,118,118,118,118,118,1,0,0,3,30,1,28.000,1,1,0,0,96,1,0,0,17,0,0,97,1,0,2,0,1,1,1,1,1,1,0,0,0,21440,0,0,0,0,0,0,0,0,3
1.340250,3.10,29.480,17.690,284,284,72.000,71,72,18.000,39.000,55.000,215,164,263,160,118,118,118,118,118,118,1,0,0,3,30,1,28.000,1,1,0,0,96,1,0,0,17,0,0,97,1,0,2,0,1,1,1,1,1,1,0,0,0,21444,0,0,0,0,0,0,0,0,3
1.340500,3.20,29.531,17.690,285,285,72.000,71,72,18.000,39.000,55.000,215,165,264,160,119,119,119,119,119,119,1,0,0,3,30,1,28.000,1,1,0,0,96,1,0,0,17,0,0,97,1,0,2,0,1,1,1,1,1,1,0,0,0,21448,0,0,0,0,0,0,0,0,3
1.340750,3.31,29.583,17.750,285,285,72.000,71,72,18.000,39.000,55.000,216,165,264,160,119,119,119,119,119,119,1,0,0,3,30,1,28.000,1,1,0,0,96,1,0,0,17,0,0,97,1,0,2,0,1,1,1,1,1,1,0,0,0,21452,0,0,0,0,0,0,0,0,3
1.341000,3.42,29.634,17.800,286,286,72.000,71,72,18.000,39.000,55.000,217,166,265,160,119,119,119,119,119,119,1,0,0,3,30,1,28.000,1,1,0,0,96,1,0,0,17,0,0,97,1,0,2,0,1,1,1,1,1,1,0,0,0,21456,0,0,0,0,0,0,0,0,3
1.341250,3.53,29.686,17.800,286,286,72.000,71,72,18.000,39.000,55.000,217,166,265,160,119,119,119,119,119,119,1,0,0,3,30,1,28.000,1,1,0,0,96,1,0,0,17,0,0,97,1,0,2,0,1,1,1,1,1,1,0,0,0,21460,0,0,0,0,0,0,0,0,3
1.341500,3.64,29.737,17.860,287,287,72.000,71,72,18.000,39.000,55.000,217,166,266,160,120,120,120,120,120,120,1,0,0,3,30,1,28.000,1,1,0,0,96,1,0,0,17,0,0,97,1,0,2,0,1,1,1,1,1,1,0,0,0,21464,0,0,0,0,0,0,0,0,3
1.341750,3.74,29.788,17.860,287,287,72.000,71,72,18.000,39.000,55.000,217,166,266,160,120,120,120,120,120,120,1,0,0,3,30,1,28.000,1,1,0,0,96,1,0,0,17,0,0,97,1,0,2,0,1,1,1,1,1,1,0,0,0,21468,0,0,0,0,0,0,0,0,3
1.342000,3.85,29.840,17.910,288,288,72.000,71,72,18.000,39.000,55.000,218,167,267,160,120,120,120,120,120,120,1,0,0,3,30,1,28.000,1,1,2,2,97,1,0,0,18,0,0,98,1,0,2,0,1,1,1,1,1,1,0,0,0,21472,0,0,0,0,0,0,0,0,3
1.342250,3.96,29.891,17.910,288,288,72.000,71,72,18.000,39.000,55.000,218,167,267,160,120,120,120,120,120,120,1,0,0,3,30,1,28.000,1,1,2,2,97,1,0,0,18,0,0,98,1,0,2,0,1,1,1,1,1,1,0,0,0,21476,0,0,0,0,0,0,0,0,3
1.342500,4.07,29.942,17.970,289,289,72.000,71,72,18.000,39.000,55.000,219,168,268,160,120,120,120,120,120,120,1,0,0,3,30,1,28.000,1,1,2,2,97,1,0,0,18,0,0,98,1,0,2,0,1,1,1,1,1,1,0,0,0,21480,0,0,0,0,0,0,0,0,3
1.342750,4.18,29.993,17.970,289,289,72.000,71,72,18.000,39.000,55.000,219,168,268,160,120,120,120,120,120,120,1,0,0,3,30,1,28.000,1,1,2,2,97,1,0,0,18,0,0,98,1,0,2,0,1,1,1,1,1,1,0,0,0,21484,0,0,0,0,0,0,0,0,3
1.343000,4.28,30.045,18.020,290,290,72.000,71,72,18.000,39.000,55.000,219,168,269,160,121,121,121,121,121,121,1,0,0,3,30,1,28.000,1,1,2,2,97,1,0,0,18,0,0,98,1,0,2,0,1,1,1,1,1,1,0,0,0,21488,0,0,0,0,0,0,0,0,3
1.343250,4.39,30.096,18.080,290,290,72.000,71,72,18.000,39.000,55.000,220,168,269,160,121,121,121,121,121,121,1,0,0,3,30,1,28.000,1,1,2,2,97,1,0,0,18,0,0,98,1,0,2,0,1,1,1,1,1,1,0,0,0,21492,0,0,0,0,0,0,0,0,3
1.343500,4.50,30.147,18.080,291,290,72.000,71,72,18.000,39.000,55.000,220,168,269,160,121,121,121,121,121,121,1,0,0,3,30,1,28.000,1,1,2,2,97,1,0,0,18,0,0,98,1,0,2,0,1,1,1,1,1,1,0,0,0,21496,0,0,0,0,0,0,0,0,3
1.343750,4.61,30.198,18.130,291,290,72.000,71,72,18.000,39.000,55.000,221,168,269,160,121,121,121,121,121,121,1,0,0,3,30,1,28.000,1,1,2,2,97,1,0,0,18,0,0,98,1,0,2,0,1,1,1,1,1,1,0,0,0,21500,0,0,0,0,0,0,0,0,3
1.344000,4.72,30.249,18.130,292,290,72.000,71,72,18.000,39.000,55.000,221,168,269,160,121,121,121,121,121,121,1,0,0,3,30,1,28.000,1,1,2,2,97,1,0,0,18,0,0,98,1,0,2,0,1,1,1,1,1,1,0,0,0,21504,0,0,0,0,0,0,0,0,3
1.344250,4.82,30.300,18.180,292,290,72.000,71,72,18.000,39.000,55.000,221,168,269,160,121,121,121,121,121,121,1,0,0,3,30,1,28.000,1,1,2,2,97,1,0,0,18,0,0,98,1,0,2,0,1,1,1,1,1,1,0,0,0,21508,0,0,0,0,0,0,0,0,3
1.344500,4.93,30.351,18.180,293,290,72.000,71,72,18.000,39.000,55.000,221,168,269,160,121,121,121,121,121,121,1,0,0,3,30,1,28.000,1,1,2,2,97,1,0,0,18,0,0,98,1,0,2,0,1,1,1,1,1,1,0,0,0,21512,0,0,0,0,0,0,0,0,3
1.344750,5.04,30.402,18.240,293,290,72.000,71,72,18.000,39.000,55.000,222,168,269,160,121,121,121,121,121,121,1,0,0,3,30,1,28.000,1,1,2,2,97,1,0,0,18,0,0,98,1,0,2,0,1,1,1,1,1,1,0,0,0,21516,0,0,0,0,0,0,0,0,3
1.345000,5.15,30.453,18.290,294,290,72.000,71,72,18.000,39.000,55.000,223,168,269,160,121,121,121,121,121,121,1,0,0,3,30,1,28.000,1,1,2,2,97,1,0,0,18,0,0,98,1,0,2,0,1,1,1,1,1,1,0,0,0,21520,0,0,0,0,0,0,0,0,3
1.345250,5.26,30.504,18.290,294,290,72.000,71,72,18.000,39.000,55.000,223,168,269,160,121,121,121,121,121,121,1,0,0,3,30,1,28.000,1,1,2,2,97,1,0,0,18,0,0,98,1,0,2,0,1,1,1,1,1,1,0,0,0,21524,0,0,0,0,0,0,0,0,3
1.345500,5.36,30.555,18.350,295,290,72.000,71,72,18.000,39.000,55.000,223,168,269,160,121,121,121,121,121,121,1,0,0,3,30,1,28.000,1,1,2,2,97,1,0,0,18,0,0,98,1,0,2,0,1,1,1,1,1,1,0,0,0,21528,0,0,0,0,0,0,0,0,3
1.345750,5.47,30.606,18.350,295,290,72.000,71,72,18.000,39.000,55.000,223,168,269,160,121,121,121,121,121,121,1,0,0,3,30,1,28.000,1,1,2,2,97,1,0,0,18,0,0,98,1,0,2,0,1,1,1,1,1,1,0,0,0,21532,0,0,0,0,0,0,0,0,3
1.346000,5.58,30.657,18.400,296,290,72.000,71,72,18.000,39.000,55.000,224,168,269,160,121,121,121,121,121,121,1,0,0,3,30,1,28.000,1,1,2,2,97,1,0,0,18,0,0,98,1,0,2,0,1,1,1,1,1,1,0,0,0,21536,0,0,0,0,0,0,0,0,3
1.346250,5.69,30.707,18.400,296,290,72.000,71,72,18.000,39.000,55.000,224,168,269,160,121,121,121,121,121,121,1,0,0,3,30,1,28.000,1,1,2,2,97,1,0,0,18,0,0,98,1,0,2,0,1,1,1,1,1,1,0,0,0,21540,0,0,0,0,0,0,0,0,3
1.346500,5.80,30.758,18.460,297,290,72.000,71,72,18.000,39.000,55.000,225,168,269,160,121,121,121,121,121,121,1,0,0,3,30,1,28.000,1,1,2,2,97,1,0,0,18,0,0,98,1,0,2,0,1,1,1,1,1,1,0,0,0,21544,0,0,0,0,0,0,0,0,3
1.346750,5.90,30.809,18.460,297,290,72.000,71,72,18.000,39.000,55.000,225,168,269,160,121,121,121,121,121,121,1,0,0,3,30,1,28.000,1,1,2,2,97,1,0,0,18,0,0,98,1,0,2,0,1,1,1,1,1,1,0,0,0,21548,0,0,0,0,0,0,0,0,3
1.347000,6.01,30.859,18.510,298,290,72.000,71,72,18.000,39.000,55.000,225,168,269,160,121,121,121,121,121,121,1,0,0,3,30,1,28.000,1,1,2,2,97,1,0,0,18,0,0,98,1,0,2,0,1,1,1,1,1,1,0,0,0,21552,0,0,0,0,0,0,0,0,3
1.347250,6.12,30.910,18.560,298,290,72.000,71,72,18.000,39.000,55.000,226,168,269,160,121,121,121,121,121,121,1,0,0,3,30,1,28.000,1,1,2,2,97,1,0,0,18,0,0,98,1,0,2,0,1,1,1,1,1,1,0,0,0,21556,0,0,0,0,0,0,0,0,3
1.347500,6.23,30.961,18.560,299,290,72.000,71,72,18.000,39.000,55.000,226,168,269,160,121,121,121,121,121,121,1,0,0,3,30,1,28.000,1,1,2,2,97,1,0,0,18,0,0,98,1,0,2,0,1,1,1,1,1,1,0,0,0,21560,0,0,0,0,0,0,0,0,3
1.347750,6.34,31.011,18.620,299,290,72.000,71,72,18.000,39.000,55.000,227,168,269,160,121,121,121,121,121,121,1,0,0,3,30,1,28.000,1,1,2,2,97,1,0,0,18,0,0,98,1,0,2,0,1,1,1,1,1,1,0,0,0,21564,0,0,0,0,0,0,0,0,3
1.348000,6.44,31.062,18.620,300,290,72.000,71,72,18.000,39.000,55.000,227,168,269,160,121,121,121,121,121,121,1,0,0,3,30,1,28.000,1,1,2,2,97,1,0,0,18,0,0,98,1,0,2,0,1,1,1,1,1,1,0,0,0,21568,0,0,0,0,0,0,0,0,3
1.348250,6.55,31.112,18.670,300,290,72.000,71,72,18.000,39.000,55.000,227,168,269,160,121,121,121,121,121,121,1,0,0,3,30,1,28.000,1,1,2,2,97,1,0,0,18,0,0,98,1,0,2,0,1,1,1,1,1,1,0,0,0,21572,0,0,0,0,0,0,0,0,3
1.348500,6.66,31.163,18.670,301,290,72.000,71,72,18.000,39.000,55.000,227,168,269,160,121,121,121,121,121,121,1,0,0,3,30,1,28.000,1,1,2,2,97,1,0,0,18,0,0,98,1,0,2,0,1,1,1,1,1,1,0,0,0,21576,0,0,0,0,0,0,0,0,3
1.348750,6.77,31.213,18.730,301,290,72.000,71,72,18.000,39.000,55.000,228,168,269,160,121,121,121,121,121,121,1,0,0,3,30,1,28.000,1,1,2,2,97,1,0,0,18,0,0,98,1,0,2,0,1,1,1,1,1,1,0,0,0,21580,0,0,0,0,0,0,0,0,3
1.349000,6.88,31.263,18.730,301,290,72.000,71,72,18.000,39.000,55.000,228,168,269,160,121,121,121,121,121,121,1,0,0,3,30,1,28.000,1,1,2,2,97,1,0,0,18,0,0,98,1,0,2,0,1,1,1,1,1,1,0,0,0,21584,0,0,0,0,0,0,0,0,3
1.349250,6.98,31.314,18.780,302,290,72.000,71,72,18.000,39.000,55.000,229,168,269,160,121,121,121,121,121,121,1,0,0,3,30,1,28.000,1,1,2,2,97,1,0,0,18,0,0,98,1,0,2,0,1,1,1,1,1,1,0,0,0,21588,0,0,0,0,0,0,0,0,3
1.349500,7.09,31.364,18.840,302,290,72.000,71,72,18.000,39.000,55.000,229,168,269,160,121,121,121,121,121,121,1,0,0,3,30,1,28.000,1,1,2,2,97,1,0,0,18,0,0,98,1,0,2,0,1,1,1,1,1,1,0,0,0,21592,0,0,0,0,0,0,0,0,3
1.349750,7.20,31.414,18.840,303,290,72.000,71,72,18.000,39.000,55.000,229,168,269,160,121,121,121,121,121,121,1,0,0,3,30,1,28.000,1,1,2,2,97,1,0,0,18,0,0,98,1,0,2,0,1,1,1,1,1,1,0,0,0,21596,0,0,0,0,0,0,0,0,3
1.350000,7.31,31.464,18.890,303,290,72.000,71,72,18.000,39.000,55.000,230,168,269,160,121,121,121,121,121,121,1,0,0,3,30,1,28.000,1,1,2,2,97,1,0,0,18,0,0,98,1,0,2,0,1,1,1,1,1,1,0,0,0,21600,0,0,0,0,0,0,0,0,3
1.350250,7.42,31.515,18.890,304,290,72.000,71,72,18.000,39.000,55.000,230,168,269,160,121,121,121,121,121,121,1,0,0,3,30,1,28.000,1,1,2,2,97,1,0,0,18,0,0,98,1,0,2,0,1,1,1,1,1,1,0,0,0,21604,0,0,0,0,0,0,0,0,3
1.350500,7.52,31.565,18.950,304,290,72.000,71,72,18.000,39.000,55.000,231,168,269,160,121,121,121,121,121,121,1,0,0,3,30,1,28.000,1,1,3,3,98,1,0,0,19,0,0,99,1,0,2,0,1,1,1,1,1,1,0,0,0,21608,0,0,0,0,0,0,0,0,3
1.350750,7.63,31.615,18.950,305,290,72.000,71,72,18.000,39.000,55.000,231,168,269,160,121,121,121,121,121,121,1,0,0,3,30,1,28.000,1,1,3,3,98,1,0,0,19,0,0,99,1,0,2,0,1,1,1,1,1,1,0,0,0,21612,0,0,0,0,0,0,0,0,3
1.351000,7.74,31.665,19.000,305,290,72.000,71,72,18.000,39.000,55.000,231,168,269,160,121,121,121,121,121,121,1,0,0,3,30,1,28.000,1,1,3,3,98,1,0,0,19,0,0,99,1,0,2,0,1,1,1,1,1,1,0,0,0,21616,0,0,0,0,0,0,0,0,3
1.351250,7.85,31.715,19.000,306,290,72.000,71,72,18.000,39.000,55.000,231,168,269,160,121,121,121,121,121,121,1,0,0,3,30,1,28.000,1,1,3,3,98,1,0,0,19,0,0,99,1,0,2,0,1,1,1,1,1,1,0,0,0,21620,0,0,0,0,0,0,0,0,3
1.351500,7.96,31.764,19.050,306,291,72.000,71,72,18.000,39.000,55.000,232,169,271,160,121,121,121,121,121,121,1,0,0,3,30,1,28.000,1,1,3,3,98,1,0,0,19,0,0,99,1,0,2,0,1,1,1,1,1,1,0,0,0,21624,0,0,0,0,0,0,0,0,3
1.351750,8.06,31.814,19.050,307,291,72.000,71,72,18.000,39.000,55.000,232,169,271,160,121,121,121,121,121,121,1,0,0,3,30,1,28.000,1,1,3,3,98,1,0,0,19,0,0,99,1,0,2,0,1,1,1,1,1,1,0,0,0,21628,0,0,0,0,0,0,0,0,3
1.352000,8.17,31.864,19.110,307,291,72.000,71,72,18.000,39.000,55.000,233,169,271,160,121,121,121,121,121,121,1,0,0,3,30,1,28.000,1,1,3,3,98,1,0,0,19,0,0,99,1,0,2,0,1,1,1,1,1,1,0,0,0,21632,0,0,0,0,0,0,0,0,3
1.352250,8.28,31.914,19.160,308,291,72.000,71,72,18.000,39.000,55.000,233,169,271,160,121,121,121,121,121,121,1,0,0,3,30,1,28.000,1,1,3,3,98,1,0,0,19,0,0,99,1,0,2,0,1,1,1,1,1,1,0,0,0,21636,0,0,0,0,0,0,0,0,3
1.352500,8.39,31.964,19.160,308,291,72.000,71,72,18.000,39.000,55.000,233,169,271,160,121,121,121,121,121,121,1,0,0,3,30,1,28.000,1,1,3,3,98,1,0,0,19,0,0,99,1,0,2,0,1,1,1,1,1,1,0,0,0,21640,0,0,0,0,0,0,0,0,3
1.352750,8.50,32.013,19.220,309,291,72.000,71,72,18.000,39.000,55.000,234,169,271,160,121,121,121,121,121,121,1,0,0,3,30,1,28.000,1,1,3,3,98,1,0,0,19,0,0,99,1,0,2,0,1,1,1,1,1,1,0,0,0,21644,0,0,0,0,0,0,0,0,3
1.353000,8.60,32.063,19.220,309,291,72.000,71,72,18.000,39.000,55.000,234,169,271,160,121,121,121,121,121,121,1,0,0,3,30,1,28.000,1,1,3,3,98,1,0,0,19,0,0,99,1,0,2,0,1,1,1,1,1,1,0,0,0,21648,0,0,0,0,0,0,0,0,3
1.353250,8.71,32.112,19.270,310,291,72.000,71,72,18.000,39.000,55.000,235,169,271,160,121,121,121,121,121,121,1,0,0,3,30,1,28.000,1,1,3,3,98,1,0,0,19,0,0,99,1,0,2,0,1,1,1,1,1,1,0,0,0,21652,0,0,0,0,0,0,0,0,3
1.353500,8.82,32.162,19.270,310,291,72.000,71,72,18.000,39.000,55.000,235,169,271,160,121,121,121,121,121,121,1,0,0,3,30,1,28.000,1,1,3,3,98,1,0,0,19,0,0,99,1,0,2,0,1,1,1,1,1,1,0,0,0,21656,0,0,0,0,0,0,0,0,3
1.353750,8.93,32.211,19.330,311,291,72.000,71,72,18.000,39.000,55.000,235,169,271,160,121,121,121,121,121,121,1,0,0,3,30,1,28.000,1,1,3,3,98,1,0,0,19,0,0,99,1,0,2,0,1,1,1,1,1,1,0,0,0,21660,0,0,0,0,0,0,0,0,3
1.354000,9.04,32.260,19.330,311,291,72.000,71,72,18.000,39.000,55.000,235,169,271,160,121,121,121,121,121,121,1,0,0,3,30,1,28.000,1,1,3,3,98,1,0,0,19,0,0,99,1,0,2,0,1,1,1,1,1,1,0,0,0,21664,0,0,0,0,0,0,0,0,3
1.354250,9.14,32.310,19.380,312,291,72.000,71,72,18.000,39.000,55.000,236,169,271,160,121,121,121,121,121,121,1,0,0,3,30,1,28.000,1,1,3,3,98,1,0,0,19,0,0,99,1,0,2,0,1,1,1,1,1,1,0,0,0,21668,0,0,0,0,0,0,0,0,3
1.354500,9.25,32.359,19.440,312,291,72.000,71,72,18.000,39.000,55.000,237,169,271,160,121,121,121,121,121,121,1,0,0,3,30,1,28.000,1,1,3,3,98,1,0,0,19,0,0,99,1,0,2,0,1,1,1,1,1,1,0,0,0,21672,0,0,0,0,0,0,0,0,3
1.354750,9.36,32.408,19.440,313,291,72.000,71,72,18.000,39.000,55.000,237,169,271,160,121,121,121,121,121,121,1,0,0,3,30,1,28.000,1,1,3,3,98,1,0,0,19,0,0,99,1,0,2,0,1,1,1,1,1,1,0,0,0,21676,0,0,0,0,0,0,0,0,3
1.355000,9.47,32.457,19.490,313,291,72.000,71,72,18.000,39.000,55.000,237,169,271,160,121,121,121,121,121,121,1,0,0,3,30,1,28.000,1,1,3,3,98,1,0,0,19,0,0,99,1,0,2,0,1,1,1,1,1,1,0,0,0,21680,0,0,0,0,0,0,0,0,3
1.355250,9.58,32.506,19.490,314,291,72.000,71,72,18.000,39.000,55.000,237,169,271,160,121,121,121,121,121,121,1,0,0,3,30,1,28.000,1,1,3,3,98,1,0,0,19,0,0,99,1,0,2,0,1,1,1,1,1,1,0,0,0,21684,0,0,0,0,0,0,0,0,3
1.355500,9.68,32.555,19.540,314,291,72.000,71,72,18.000,39.000,55.000,238,169,271,160,121,121,121,121,121,121,1,0,0,3,30,1,28.000,1,1,3,3,98,1,0,0,19,0,0,99,1,0,2,0,1,1,1,1,1,1,0,0,0,21688,0,0,0,0,0,0,0,0,3
1.355750,9.79,32.604,19.540,315,291,72.000,71,72,18.000,39.000,55.000,238,169,271,160,121,121,121,121,121,121,1,0,0,3,30,1,28.000,1,1,3,3,98,1,0,0,19,0,0,99,1,0,2,0,1,1,1,1,1,1,0,0,0,21692,0,0,0,0,0,0,0,0,3
1.356000,9.90,32.653,19.600,315,291,72.000,71,72,18.000,39.000,55.000,239,169,271,160,121,121,121,121,121,121,1,0,0,3,30,1,28.000,1,1,3,3,98,1,0,0,19,0,0,99,1,0,2,0,1,1,1,1,1,1,0,0,0,21696,0,0,0,0,0,0,0,0,3
1.356250,10.01,32.702,19.600,316,291,72.000,71,72,18.000,39.000,55.000,239,169,271,160,121,121,121,121,121,121,1,0,0,3,30,1,28.000,1,1,3,3,98,1,0,0,19,0,0,99,1,0,2,0,1,1,1,1,1,1,0,0,0,21700,0,0,0,0,0,0,0,0,3
1.356500,10.12,32.751,19.650,316,291,72.000,71,72,18.000,39.000,55.000,239,169,271,160,121,121,121,121,121,121,1,0,0,3,30,1,28.000,1,1,3,3,98,1,0,0,19,0,0,99,1,0,2,0,1,1,1,1,1,1,0,0,0,21704,0,0,0,0,0,0,0,0,3
1.356750,10.22,32.799,19.650,317,291,72.000,71,72,18.000,39.000,55.000,239,169,271,160,121,121,121,121,121,121,1,0,0,3,30,1,28.000,1,1,3,3,98,1,0,0,19,0,0,99,1,0,2,0,1,1,1,1,1,1,0,0,0,21708,0,0,0,0,0,0,0,0,3
1.357000,10.33,32.848,19.710,317,291,72.000,71,72,18.000,39.000,55.000,240,169,271,160,121,121,121,121,121,121,1,0,0,3,30,1,28.000,1,1,3,3,98,1,0,0,19,0,0,99,1,0,2,0,1,1,1,1,1,1,0,0,0,21712,0,0,0,0,0,0,0,0,3
1.357250,10.44,32.897,19.710,318,292,72.000,71,72,18.000,39.000,55.000,240,170,272,160,122,122,122,122,122,122,1,0,0,3,30,1,28.000,1,1,3,3,98,1,0,0,19,0,0,99,1,0,2,0,1,1,1,1,1,1,0,0,0,21716,0,0,0,0,0,0,0,0,3
1.357500,10.55,32.945,19.760,318,292,72.000,71,72,18.000,39.000,55.000,241,170,272,160,122,122,122,122,122,122,1,0,0,3,30,1,28.000,1,1,3,3,98,1,0,0,19,0,0,99,1,0,2,0,1,1,1,1,1,1,0,0,0,21720,0,0,0,0,0,0,0,0,3
1.357750,10.66,32.994,19.820,319,292,72.000,71,72,18.000,39.000,55.000,241,170,272,160,122,122,122,122,122,122,1,0,0,3,30,1,28.000,1,1,3,3,98,1,0,0,19,0,0,99,1,0,2,0,1,1,1,1,1,1,0,0,0,21724,0,0,0,0,0,0,0,0,3
1.358000,10.76,33.042,19.820,320,292,72.000,71,72,18.000,39.000,55.000,241,170,272,160,122,122,122,122,122,122,1,0,0,3,30,1,28.000,1,1,3,3,98,1,0,0,19,0,0,99,1,0,2,0,1,1,1,1,1,1,0,0,0,21728,0,0,0,0,0,0,0,0,3
1.358250,10.87,33.090,19.870,320,292,72.000,71,72,18.000,39.000,55.000,242,170,272,160,122,122,122,122,122,122,1,0,0,3,30,1,28.000,1,1,3,3,98,1,0,0,19,0,0,99,1,0,2,0,1,1,1,1,1,1,0,0,0,21732,0,0,0,0,0,0,0,0,3
1.358500,10.98,33.139,19.870,321,292,72.000,71,72,18.000,39.000,55.000,242,170,272,160,122,122,122,122,122,122,1,0,0,3,30,1,28.000,1,1,3,3,98,1,0,0,19,0,0,99,1,0,2,0,1,1,1,1,1,1,0,0,0,21736,0,0,0,0,0,0,0,0,3
1.358750,11.09,33.187,19.920,321,292,72.000,71,72,18.000,39.000,55.000,242,170,272,160,122,122,122,122,122,122,1,0,0,3,30,1,28.000,1,1,3,3,98,1,0,0,19,0,0,99,1,0,2,0,1,1,1,1,1,1,0,0,0,21740,0,0,0,0,0,0,0,0,3
1.359000,11.20,33.235,19.920,322,292,72.000,71,72,18.000,39.000,55.000,242,170,272,160,122,122,122,122,122,122,1,0,0,3,30,1,28.000,1,1,3,3,98,1,0,0,19,0,0,99,1,0,2,0,1,1,1,1,1,1,0,0,0,21744,0,0,0,0,0,0,0,0,3
1.359250,11.30,33.283,19.980,322,292,72.000,71,72,18.000,39.000,55.000,243,170,272,160,122,122,122,122,122,122,1,0,0,3,30,1,28.000,1,1,1,1,99,1,0,0,20,0,0,100,1,0,2,0,1,1,1,1,1,1,0,0,0,21748,0,0,0,0,0,0,0,0,3
1.359500,11.41,33.331,19.980,323,292,72.000,71,72,18.000,39.000,55.000,243,170,272,160,122,122,122,122,122,122,1,0,0,3,30,1,28.000,1,1,1,1,99,1,0,0,20,0,0,100,1,0,2,0,1,1,1,1,1,1,0,0,0,21752,0,0,0,0,0,0,0,0,3
1.359750,11.52,33.379,20.030,323,292,72.000,71,72,18.000,39.000,55.000,244,170,272,160,122,122,122,122,122,122,1,0,0,3,30,1,28.000,1,1,1,1,99,1,0,0,20,0,0,100,1,0,2,0,1,1,1,1,1,1,0,0,0,21756,0,0,0,0,0,0,0,0,3
1.360000,11.63,33.426,20.030,324,292,72.000,71,72,18.000,39.000,55.000,244,170,272,160,122,122,122,122,122,122,1,0,0,3,30,1,28.000,1,1,1,1,99,1,0,0,20,0,0,100,1,0,2,0,1,1,1,1,1,1,0,0,0,21760,0,0,0,0,0,0,0,0,3
1.360250,11.74,33.474,20.090,324,292,72.000,71,72,18.000,39.000,55.000,245,170,272,160,122,122,122,122,122,122,1,0,0,3,30,1,28.000,1,1,1,1,99,1,0,0,20,0,0,100,1,0,2,0,1,1,1,1,1,1,0,0,0,21764,0,0,0,0,0,0,0,0,3
1.360500,11.84,33.522,20.090,325,292,72.000,71,72,18.000,39.000,55.000,245,170,272,160,122,122,122,122,122,122,1,0,0,3,30,1,28.000,1,1,1,1,99,1,0,0,20,0,0,100,1,0,2,0,1,1,1,1,1,1,0,0,0,21768,0,0,0,0,0,0,0,0,3
1.360750,11.95,33.569,20.140,325,292,72.000,71,72,18.000,39.000,55.000,245,170,272,160,122,122,122,122,122,122,1,0,0,3,30,1,28.000,1,1,1,1,99,1,0,0,20,0,0,100,1,0,2,0,1,1,1,1,1,1,0,0,0,21772,0,0,0,0,0,0,0,0,3
1.361000,12.06,33.617,20.140,326,292,72.000,71,72,18.000,39.000,55.000,245,170,272,160,122,122,122,122,122,122,1,0,0,3,30,1,28.000,1,1,1,1,99,1,0,0,20,0,0,100,1,0,2,0,1,1,1,1,1,1,0,0,0,21776,0,0,0,0,0,0,0,0,3
1.361250,12.17,33.664,20.200,326,292,72.000,71,72,18.000,39.000,55.000,246,170,272,160,122,122,122,122,122,122,1,0,0,3,30,1,28.000,1,1,1,1,99,1,0,0,20,0,0,100,1,0,2,0,1,1,1,1,1,1,0,0,0,21780,0,0,0,0,0,0,0,0,3
1.361500,12.28,33.712,20.200,327,293,72.000,71,72,18.000,39.000,55.000,246,170,273,160,122,122,122,122,122,122,1,0,0,3,30,1,28.000,1,1,1,1,99,1,0,0,20,0,0,100,1,0,2,0,1,1,1,1,1,1,0,0,0,21784,0,0,0,0,0,0,0,0,3
1.361750,12.38,33.759,20.250,327,293,72.000,71,72,18.000,39.000,55.000,246,170,273,160,122,122,122,122,122,122,1,0,0,3,30,1,28.000,1,1,1,1,99,1,0,0,20,0,0,100,1,0,2,0,1,1,1,1,1,1,0,0,0,21788,0,0,0,0,0,0,0,0,3
1.362000,12.49,33.806,20.310,328,293,72.000,71,72,18.000,39.000,55.000,247,170,273,160,122,122,122,122,122,122,1,0,0,3,30,1,28.000,1,1,1,1,99,1,0,0,20,0,0,100,1,0,2,0,1,1,1,1,1,1,0,0,0,21792,0,0,0,0,0,0,0,0,3
1.362250,12.60,33.853,20.310,328,293,72.000,71,72,18.000,39.000,55.000,247,170,273,160,122,122,122,122,122,122,1,0,0,3,30,1,28.000,1,1,1,1,99,1,0,0,20,0,0,100,1,0,2,0,1,1,1,1,1,1,0,0,0,21796,0,0,0,0,0,0,0,0,3
1.362500,12.71,33.901,20.310,329,293,72.000,71,72,18.000,39.000,55.000,247,170,273,160,122,122,122,122,122,122,1,0,0,3,30,1,28.000,1,1,1,1,99,1,0,0,20,0,0,100,1,0,2,0,1,1,1,1,1,1,0,0,0,21800,0,0,0,0,0,0,0,0,3
1.362750,12.82,33.948,20.360,329,293,72.000,71,72,18.000,39.000,55.000,248,170,273,160,122,122,122,122,122,122,1,0,0,3,30,1,28.000,1,1,1,1,99,1,0,0,20,0,0,100,1,0,2,0,1,1,1,1,1,1,0,0,0,21804,0,0,0,0,0,0,0,0,3
1.363000,12.92,33.994,20.410,330,293,72.000,71,72,18.000,39.000,55.000,248,170,273,160,122,122,122,122,122,122,1,0,0,3,30,1,28.000,1,1,1,1,99,1,0,0,20,0,0,100,1,0,2,0,1,1,1,1,1,1,0,0,0,21808,0,0,0,0,0,0,0,0,3
1.363250,13.03,34.041,20.410,330,293,72.000,71,72,18.000,39.000,55.000,248,170,273,160,122,122,122,122,122,122,1,0,0,3,30,1,28.000,1,1,1,1,99,1,0,0,20,0,0,100,1,0,2,0,1,1,1,1,1,1,0,0,0,21812,0,0,0,0,0,0,0,0,3
1.363500,13.14,34.088,20.470,331,293,72.000,71,72,18.000,39.000,55.000,249,170,273,160,122,122,122,122,122,122,1,0,0,3,30,1,28.000,1,1,1,1,99,1,0,0,20,0,0,100,1,0,2,0,1,1,1,1,1,1,0,0,0,21816,0,0,0,0,0,0,0,0,3
1.363750,13.25,34.135,20.470,331,293,72.000,71,72,18.000,39.000,55.000,249,170,273,160,122,122,122,122,122,122,1,0,0,3,30,1,28.000,1,1,1,1,99,1,0,0,20,0,0,100,1,0,2,0,1,1,1,1,1,1,0,0,0,21820,0,0,0,0,0,0,0,0,3
1.364000,13.36,34.181,20.520,332,293,72.000,71,72,18.000,39.000,55.000,250,170,273,160,122,122,122,122,122,122,1,0,0,3,30,1,28.000,1,1,1,1,99,1,0,0,20,0,0,100,1,0,2,0,1,1,1,1,1,1,0,0,0,21824,0,0,0,0,0,0,0,0,3
1.364250,13.46,34.228,20.520,332,293,72.000,71,72,18.000,39.000,55.000,250,170,273,160,122,122,122,122,122,122,1,0,0,3,30,1,28.000,1,1,1,1,99,1,0,0,20,0,0,100,1,0,2,0,1,1,1,1,1,1,0,0,0,21828,0,0,0,0,0,0,0,0,3
1.364500,13.57,34.274,20.580,333,293,72.000,71,72,18.000,39.000,55.000,251,170,273,160,122,122,122,122,122,122,1,0,0,3,30,1,28.000,1,1,1,1,99,1,0,0,20,0,0,100,1,0,2,0,1,1,1,1,1,1,0,0,0,21832,0,0,0,0,0,0,0,0,3
1.364750,13.68,34.320,20.580,333,294,72.000,71,72,18.000,39.000,55.000,251,171,274,160,123,123,123,123,123,123,1,0,0,3,30,1,28.000,1,1,1,1,99,1,0,0,20,0,0,100,1,0,2,0,1,1,1,1,1,1,0,0,0,21836,0,0,0,0,0,0,0,0,3
1.365000,13.79,34.367,20.630,334,294,72.000,71,72,18.000,39.000,55.000,251,171,274,160,123,123,123,123,123,123,1,0,0,3,30,1,28.000,1,1,1,1,99,1,0,0,20,0,0,100,1,0,2,0,1,1,1,1,1,1,0,0,0,21840,0,0,0,0,0,0,0,0,3
1.365250,13.90,34.413,20.630,334,294,72.000,71,72,18.000,39.000,55.000,251,171,274,160,123,123,123,123,123,123,1,0,0,3,30,1,28.000,1,1,1,1,99,1,0,0,20,0,0,100,1,0,2,0,1,1,1,1,1,1,0,0,0,21844,0,0,0,0,0,0,0,0,3
1.365500,14.00,34.459,20.690,335,294,72.000,71,72,18.000,39.000,55.000,252,171,274,160,123,123,123,123,123,123,1,0,0,3,30,1,28.000,1,1,1,1,99,1,0,0,20,0,0,100,1,0,2,0,1,1,1,1,1,1,0,0,0,21848,0,0,0,0,0,0,0,0,3
1.365750,14.11,34.505,20.690,335,294,72.000,71,72,18.000,39.000,55.000,252,171,274,160,123,123,123,123,123,123,1,0,0,3,30,1,28.000,1,1,1,1,99,1,0,0,20,0,0,100,1,0,2,0,1,1,1,1,1,1,0,0,0,21852,0,0,0,0,0,0,0,0,3
1.366000,14.22,34.551,20.740,336,294,72.000,71,72,18.000,39.000,55.000,252,171,274,160,123,123,123,123,123,123,1,0,0,3,30,1,28.000,1,1,1,1,99,1,0,0,20,0,0,100,1,0,2,0,1,1,1,1,1,1,0,0,0,21856,0,0,0,0,0,0,0,0,3
1.366250,14.33,34.597,20.740,336,294,72.000,71,72,18.000,39.000,55.000,252,171,274,160,123,123,123,123,123,123,1,0,0,3,30,1,28.000,1,1,1,1,99,1,0,0,20,0,0,100,1,0,2,0,1,1,1,1,1,1,0,0,0,21860,0,0,0,0,0,0,0,0,3
1.366500,14.44,34.642,20.790,337,294,72.000,71,72,18.000,39.000,55.000,253,171,274,160,123,123,123,123,123,123,1,0,0,3,30,1,28.000,1,1,1,1,99,1,0,0,20,0,0,100,1,0,2,0,1,1,1,1,1,1,0,0,0,21864,0,0,0,0,0,0,0,0,3
1.366750,14.54,34.688,20.790,337,294,72.000,71,72,18.000,39.000,55.000,253,171,274,160,123,123,123,123,123,123,1,0,0,3,30,1,28.000,1,1,1,1,99,1,0,0,20,0,0,100,1,0,2,0,1,1,1,1,1,1,0,0,0,21868,0,0,0,0,0,0,0,0,3
1.367000,14.65,34.734,20.850,338,294,72.000,71,72,18.000,39.000,55.000,254,171,274,160,123,123,123,123,123,123,1,0,0,3,30,1,28.000,1,1,1,1,99,1,0,0,20,0,0,100,1,0,2,0,1,1,1,1,1,1,0,0,0,21872,0,0,0,0,0,0,0,0,3
1.367250,14.76,34.779,20.850,338,294,72.000,71,72,18.000,39.000,55.000,254,171,274,160,123,123,123,123,123,123,1,0,0,3,30,1,28.000,1,1,1,1,99,1,0,0,20,0,0,100,1,0,2,0,1,1,1,1,1,1,0,0,0,21876,0,0,0,0,0,0,0,0,3
1.367500,14.87,34.824,20.900,339,294,72.000,71,72,18.000,39.000,55.000,254,171,274,160,123,123,123,123,123,123,1,0,0,3,30,1,28.000,1,1,1,1,99,1,0,0,20,0,0,100,1,0,2,0,1,1,1,1,1,1,0,0,0,21880,0,0,0,0,0,0,0,0,3
1.367750,14.98,34.870,20.900,339,295,72.000,71,72,18.000,39.000,55.000,254,171,275,160,123,123,123,123,123,123,1,0,0,3,30,1,28.000,1,1,1,1,99,1,0,0,20,0,0,100,1,0,2,0,1,1,1,1,1,1,0,0,0,21884,0,0,0,0,0,0,0,0,3
1.368000,15.08,34.915,20.960,340,295,72.000,71,72,18.000,39.000,55.000,255,171,275,160,123,123,123,123,123,123,1,0,0,3,30,1,28.000,1,1,0,0,100,1,0,0,21,0,0,101,1,0,2,0,1,1,1,1,1,1,0,0,0,21888,0,0,0,0,0,0,0,0,3
1.368250,15.19,34.960,20.960,340,295,72.000,71,72,18.000,39.000,55.000,255,171,275,160,123,123,123,123,123,123,1,0,0,3,30,1,28.000,1,1,0,0,100,1,0,0,21,0,0,101,1,0,2,0,1,1,1,1,1,1,0,0,0,21892,0,0,0,0,0,0,0,0,3
1.368500,15.30,35.005,21.010,341,295,72.000,71,72,18.000,39.000,55.000,256,171,275,160,123,123,123,123,123,123,1,0,0,3,30,1,28.000,1,1,0,0,100,1,0,0,21,0,0,101,1,0,2,0,1,1,1,1,1,1,0,0,0,21896,0,0,0,0,0,0,0,0,3
1.368750,15.41,35.050,21.010,341,295,72.000,71,72,18.000,39.000,55.000,256,171,275,160,123,123,123,123,123,123,1,0,0,3,30,1,28.000,1,1,0,0,100,1,0,0,21,0,0,101,1,0,2,0,1,1,1,1,1,1,0,0,0,21900,0,0,0,0,0,0,0,0,3
1.369000,15.52,35.095,21.070,342,295,72.000,71,72,18.000,39.000,55.000,256,171,275,160,123,123,123,123,123,123,1,0,0,3,30,1,28.000,1,1,0,0,100,1,0,0,21,0,0,101,1,0,2,0,1,1,1,1,1,1,0,0,0,21904,0,0,0,0,0,0,0,0,3
1.369250,15.62,35.139,21.070,342,295,72.000,71,72,18.000,39.000,55.000,256,171,275,160,123,123,123,123,123,123,1,0,0,3,30,1,28.000,1,1,0,0,100,1,0,0,21,0,0,101,1,0,2,0,1,1,1,1,1,1,0,0,0,21908,0,0,0,0,0,0,0,0,3
1.369500,15.73,35.184,21.120,343,295,72.000,71,72,18.000,39.000,55.000,257,171,275,160,123,123,123,123,123,123,1,0,0,3,30,1,28.000,1,1,0,0,100,1,0,0,21,0,0,101,1,0,2,0,1,1,1,1,1,1,0,0,0,21912,0,0,0,0,0,0,0,0,3
1.369750,15.84,35.229,21.120,343,295,72.000,71,72,18.000,39.000,55.000,257,171,275,160,123,123,123,123,123,123,1,0,0,3,30,1,28.000,1,1,0,0,100,1,0,0,21,0,0,101,1,0,2,0,1,1,1,1,1,1,0,0,0,21916,0,0,0,0,0,0,0,0,3
1.370000,15.95,35.273,21.180,344,295,72.000,71,72,18.000,39.000,55.000,258,171,275,160,123,123,123,123,123,123,1,0,0,3,30,1,28.000,1,1,0,0,100,1,0,0,21,0,0,101,1,0,2,0,1,1,1,1,1,1,0,0,0,21920,0,0,0,0,0,0,0,0,3
1.370250,16.06,35.317,21.180,344,296,72.000,71,72,18.000,39.000,55.000,258,172,276,160,124,124,124,124,124,124,1,0,0,3,30,1,28.000,1,1,0,0,100,1,0,0,21,0,0,101,1,0,2,0,1,1,1,1,1,1,0,0,0,21924,0,0,0,0,0,0,0,0,3
1.370500,16.16,35.362,21.230,345,296,72.000,71,72,18.000,39.000,55.000,258,172,276,160,124,124,124,124,124,124,1,0,0,3,30,1,28.000,1,1,0,0,100,1,0,0,21,0,0,101,1,0,2,0,1,1,1,1,1,1,0,0,0,21928,0,0,0,0,0,0,0,0,3
1.370750,16.27,35.406,21.230,345,296,72.000,71,72,18.000,39.000,55.000,258,172,276,160,124,124,124,124,124,124,1,0,0,3,30,1,28.000,1,1,0,0,100,1,0,0,21,0,0,101,1,0,2,0,1,1,1,1,1,1,0,0,0,21932,0,0,0,0,0,0,0,0,3
1.371000,16.38,35.450,21.280,346,296,72.000,71,72,18.000,39.000,55.000,259,172,276,160,124,124,124,124,124,124,1,0,0,3,30,1,28.000,1,1,0,0,100,1,0,0,21,0,0,101,1,0,2,0,1,1,1,1,1,1,0,0,0,21936,0,0,0,0,0,0,0,0,3
1.371250,16.49,35.494,21.280,346,296,72.000,71,72,18.000,39.000,55.000,259,172,276,160,124,124,124,124,124,124,1,0,0,3,30,1,28.000,1,1,0,0,100,1,0,0,21,0,0,101,1,0,2,0,1,1,1,1,1,1,0,0,0,21940,0,0,0,0,0,0,0,0,3
1.371500,16.60,35.538,21.340,347,296,72.000,71,72,18.000,39.000,55.000,260,172,276,160,124,124,124,124,124,124,1,0,0,3,30,1,28.000,1,1,0,0,100,1,0,0,21,0,0,101,1,0,2,0,1,1,1,1,1,1,0,0,0,21944,0,0,0,0,0,0,0,0,3
1.371750,16.70,35.581,21.340,347,296,72.000,71,72,18.000,39.000,55.000,260,172,276,160,124,124,124,124,124,124,1,0,0,3,30,1,28.000,1,1,0,0,100,1,0,0,21,0,0,101,1,0,2,0,1,1,1,1,1,1,0,0,0,21948,0,0,0,0,0,0,0,0,3
1.372000,16.81,35.625,21.390,348,296,72.000,71,72,18.000,39.000,55.000,260,172,276,160,124,124,124,124,124,124,1,0,0,3,30,1,28.000,1,1,0,0,100,1,0,0,21,0,0,101,1,0,2,0,1,1,1,1,1,1,0,0,0,21952,0,0,0,0,0,0,0,0,3
1.372250,16.92,35.669,21.390,348,296,72.000,71,72,18.000,39.000,55.000,260,172,276,160,124,124,124,124,124,124,1,0,0,3,30,1,28.000,1,1,0,0,100,1,0,0,21,0,0,101,1,0,2,0,1,1,1,1,1,1,0,0,0,21956,0,0,0,0,0,0,0,0,3
1.372500,17.03,35.712,21.390,349,296,72.000,71,72,18.000,39.000,55.000,260,172,276,160,124,124,124,124,124,124,1,0,0,3,30,1,28.000,1,1,0,0,100,1,0,0,21,0,0,101,1,0,2,0,1,1,1,1,1,1,0,0,0,21960,0,0,0,0,0,0,0,0,3
1.372750,17.14,35.755,21.450,349,297,72.000,71,72,18.000,39.000,55.000,261,173,277,160,124,124,124,124,124,124,1,0,0,3,30,1,28.000,1,1,0,0,100,1,0,0,21,0,0,101,1,0,2,0,1,1,1,1,1,1,0,0,0,21964,0,0,0,0,0,0,0,0,3
1.373000,17.24,35.799,21.450,350,297,72.000,71,72,18.000,39.000,55.000,261,173,277,160,124,124,124,124,124,124,1,0,0,3,30,1,28.000,1,1,0,0,100,1,0,0,21,0,0,101,1,0,2,0,1,1,1,1,1,1,0,0,0,21968,0,0,0,0,0,0,0,0,3
1.373250,17.35,35.842,21.500,350,297,72.000,71,72,18.000,39.000,55.000,262,173,277,160,124,124,124,124,124,124,1,0,0,3,30,1,28.000,1,1,0,0,100,1,0,0,21,0,0,101,1,0,2,0,1,1,1,1,1,1,0,0,0,21972,0,0,0,0,0,0,0,0,3
1.373500,17.46,35.885,21.500,351,297,72.000,71,72,18.000,39.000,55.000,262,173,277,160,124,124,124,124,124,124,1,0,0,3,30,1,28.000,1,1,0,0,100,1,0,0,21,0,0,101,1,0,2,0,1,1,1,1,1,1,0,0,0,21976,0,0,0,0,0,0,0,0,3
1.373750,17.57,35.928,21.560,351,297,72.000,71,72,18.000,39.000,55.000,262,173,277,160,124,124,124,124,124,124,1,0,0,3,30,1,28.000,1,1,0,0,100,1,0,0,21,0,0,101,1,0,2,0,1,1,1,1,1,1,0,0,0,21980,0,0,0,0,0,0,0,0,3
1.374000,17.68,35.970,21.560,352,297,72.000,71,72,18.000,39.000,55.000,262,173,277,160,124,124,124,124,124,124,1,0,0,3,30,1,28.000,1,1,0,0,100,1,0,0,21,0,0,101,1,0,2,0,1,1,1,1,1,1,0,0,0,21984,0,0,0,0,0,0,0,0,3
1.374250,17.78,36.013,21.610,352,297,72.000,71,72,18.000,39.000,55.000,263,173,277,160,124,124,124,124,124,124,1,0,0,3,30,1,28.000,1,1,0,0,100,1,0,0,21,0,0,101,1,0,2,0,1,1,1,1,1,1,0,0,0,21988,0,0,0,0,0,0,0,0,3
1.374500,17.89,36.056,21.610,353,297,72.000,71,72,18.000,39.000,55.000,263,173,277,160,124,124,124,124,124,124,1,0,0,3,30,1,28.000,1,1,0,0,100,1,0,0,21,0,0,101,1,0,2,0,1,1,1,1,1,1,0,0,0,21992,0,0,0,0,0,0,0,0,3
1.374750,18.00,36.098,21.670,353,297,72.000,71,72,18.000,39.000,55.000,264,173,277,160,124,124,124,124,124,124,1,0,0,3,30,1,28.000,1,1,0,0,100,1,0,0,21,0,0,101,1,0,2,0,1,1,1,1,1,1,0,0,0,21996,0,0,0,0,0,0,0,0,3
1.375000,18.11,36.141,21.670,354,298,72.000,71,72,18.000,39.000,55.000,264,174,278,160,125,125,125,125,125,125,1,0,0,3,30,1,28.000,1,1,0,0,100,1,0,0,21,0,0,101,1,0,2,0,1,1,1,1,1,1,0,0,0,22000,0,0,0,0,0,0,0,0,3
1.375250,18.22,36.183,21.720,354,298,72.000,71,72,18.000,39.000,55.000,264,174,278,160,125,125,125,125,125,125,1,0,0,3,30,1,28.000,1,1,0,0,100,1,0,0,21,0,0,101,1,0,2,0,1,1,1,1,1,1,0,0,0,22004,0,0,0,0,0,0,0,0,3
1.375500,18.32,36.225,21.720,355,298,72.000,71,72,18.000,39.000,55.000,264,174,278,160,125,125,125,125,125,125,1,0,0,3,30,1,28.000,1,1,0,0,100,1,0,0,21,0,0,101,1,0,2,0,1,1,1,1,1,1,0,0,0,22008,0,0,0,0,0,0,0,0,3
1.375750,18.43,36.267,21.770,355,298,72.000,71,72,18.000,39.000,55.000,265,174,278,160,125,125,125,125,125,125,1,0,0,3,30,1,28.000,1,1,0,0,100,1,0,0,21,0,0,101,1,0,2,0,1,1,1,1,1,1,0,0,0,22012,0,0,0,0,0,0,0,0,3
1.376000,18.54,36.309,21.770,356,298,72.000,71,72,18.000,39.000,55.000,265,174,278,160,125,125,125,125,125,125,1,0,0,3,30,1,28.000,1,1,0,0,100,1,0,0,21,0,0,101,1,0,2,0,1,1,1,1,1,1,0,0,0,22016,0,0,0,0,0,0,0,0,3
1.376250,18.65,36.351,21.770,356,298,72.000,71,72,18.000,39.000,55.000,265,174,278,160,125,125,125,125,125,125,1,0,0,3,30,1,28.000,1,1,0,0,100,1,0,0,21,0,0,101,1,0,2,0,1,1,1,1,1,1,0,0,0,22020,0,0,0,0,0,0,0,0,3
1.376500,18.76,36.393,21.830,357,298,72.000,71,72,18.000,39.000,55.000,266,174,278,160,125,125,125,125,125,125,1,0,0,3,30,1,28.000,1,1,2,2,101,1,0,0,22,0,0,102,1,0,2,0,1,1,1,1,1,1,0,0,0,22024,0,0,0,0,0,0,0,0,3
1.376750,18.86,36.434,21.830,357,298,72.000,71,72,18.000,39.000,55.000,266,174,278,160,125,125,125,125,125,125,1,0,0,3,30,1,28.000,1,1,2,2,101,1,0,0,22,0,0,102,1,0,2,0,1,1,1,1,1,1,0,0,0,22028,0,0,0,0,0,0,0,0,3
1.377000,18.97,36.476,21.880,358,299,72.000,71,72,18.000,39.000,55.000,266,174,279,160,125,125,125,125,125,125,1,0,0,3,30,1,28.000,1,1,2,2,101,1,0,0,22,0,0,102,1,0,2,0,1,1,1,1,1,1,0,0,0,22032,0,0,0,0,0,0,0,0,3
1.377250,19.08,36.517,21.880,358,299,72.000,71,72,18.000,39.000,55.000,266,174,279,160,125,125,125,125,125,125,1,0,0,3,30,1,28.000,1,1,2,2,101,1,0,0,22,0,0,102,1,0,2,0,1,1,1,1,1,1,0,0,0,22036,0,0,0,0,0,0,0,0,3
1.377500,19.19,36.559,21.940,359,299,72.000,71,72,18.000,39.000,55.000,267,174,279,160,125,125,125,125,125,125,1,0,0,3,30,1,28.000,1,1,2,2,101,1,0,0,22,0,0,102,1,0,2,0,1,1,1,1,1,1,0,0,0,22040,0,0,0,0,0,0,0,0,3
1.377750,19.30,36.600,21.940,359,299,72.000,71,72,18.000,39.000,55.000,267,174,279,160,125,125,125,125,125,125,1,0,0,3,30,1,28.000,1,1,2,2,101,1,0,0,22,0,0,102,1,0,2,0,1,1,1,1,1,1,0,0,0,22044,0,0,0,0,0,0,0,0,3
1.378000,19.40,36.641,21.990,360,299,72.000,71,72,18.000,39.000,55.000,268,174,279,160,125,125,125,125,125,125,1,0,0,3,30,1,28.000,1,1,2,2,101,1,0,0,22,0,0,102,1,0,2,0,1,1,1,1,1,1,0,0,0,22048,0,0,0,0,0,0,0,0,3
1.378250,19.51,36.682,21.990,360,299,72.000,71,72,18.000,39.000,55.000,268,174,279,160,125,125,125,125,125,125,1,0,0,3,30,1,28.000,1,1,2,2,101,1,0,0,22,0,0,102,1,0,2,0,1,1,1,1,1,1,0,0,0,22052,0,0,0,0,0,0,0,0,3
1.378500,19.62,36.723,22.050,361,299,72.000,71,72,18.000,39.000,55.000,268,174,279,160,125,125,125,125,125,125,1,0,0,3,30,1,28.000,1,1,2,2,101,1,0,0,22,0,0,102,1,0,2,0,1,1,1,1,1,1,0,0,0,22056,0,0,0,0,0,0,0,0,3
1.378750,19.73,36.763,22.050,361,299,72.000,71,72,18.000,39.000,55.000,268,174,279,160,125,125,125,125,125,125,1,0,0,3,30,1,28.000,1,1,2,2,101,1,0,0,22,0,0,102,1,0,2,0,1,1,1,1,1,1,0,0,0,22060,0,0,0,0,0,0,0,0,3
1.379000,19.84,36.804,22.100,362,300,72.000,71,72,18.000,39.000,55.000,269,175,280,160,126,126,126,126,126,126,1,0,0,3,30,1,28.000,1,1,2,2,101,1,0,0,22,0,0,102,1,0,2,0,1,1,1,1,1,1,0,0,0,22064,0,0,0,0,0,0,0,0,3
1.379250,19.94,36.844,22.100,362,300,72.000,71,72,18.000,39.000,55.000,269,175,280,160,126,126,126,126,126,126,1,0,0,3,30,1,28.000,1,1,2,2,101,1,0,0,22,0,0,102,1,0,2,0,1,1,1,1,1,1,0,0,0,22068,0,0,0,0,0,0,0,0,3
1.379500,20.05,36.885,22.100,363,300,72.000,71,72,18.000,39.000,55.000,269,175,280,160,126,126,126,126,126,126,1,0,0,3,30,1,28.000,1,1,2,2,101,1,0,0,22,0,0,102,1,0,2,0,1,1,1,1,1,1,0,0,0,22072,0,0,0,0,0,0,0,0,3
1.379750,20.16,36.925,22.150,363,300,72.000,71,72,18.000,39.000,55.000,270,175,280,160,126,126,126,126,126,126,1,0,0,3,30,1,28.000,1,1,2,2,101,1,0,0,22,0,0,102,1,0,2,0,1,1,1,1,1,1,0,0,0,22076,0,0,0,0,0,0,0,0,3
1.380000,20.27,36.965,22.150,364,300,72.000,71,72,18.000,39.000,55.000,270,175,280,160,126,126,126,126,126,126,1,0,0,3,30,1,28.000,1,1,2,2,101,1,0,0,22,0,0,102,1,0,2,0,1,1,1,1,1,1,0,0,0,22080,0,0,0,0,0,0,0,0,3
1.380250,20.38,37.005,22.210,364,300,72.000,71,72,18.000,39.000,55.000,270,175,280,160,126,126,126,126,126,126,1,0,0,3,30,1,28.000,1,1,2,2,101,1,0,0,22,0,0,102,1,0,2,0,1,1,1,1,1,1,0,0,0,22084,0,0,0,0,0,0,0,0,3
1.380500,20.48,37.045,22.210,365,300,72.000,71,72,18.000,39.000,55.000,270,175,280,160,126,126,126,126,126,126,1,0,0,3,30,1,28.000,1,1,2,2,101,1,0,0,22,0,0,102,1,0,2,0,1,1,1,1,1,1,0,0,0,22088,0,0,0,0,0,0,0,0,3
1.380750,20.59,37.085,22.260,365,300,72.000,71,72,18.000,39.000,55.000,271,175,280,160,126,126,126,126,126,126,1,0,0,3,30,1,28.000,1,1,2,2,101,1,0,0,22,0,0,102,1,0,2,0,1,1,1,1,1,1,0,0,0,22092,0,0,0,0,0,0,0,0,3
1.381000,20.70,37.124,22.260,366,301,72.000,71,72,18.000,39.000,55.000,271,176,281,160,126,126,126,126,126,126,1,0,0,3,30,1,28.000,1,1,2,2,101,1,0,0,22,0,0,102,1,0,2,0,1,1,1,1,1,1,0,0,0,22096,0,0,0,0,0,0,0,0,3
1.381250,20.81,37.164,22.260,366,301,72.000,71,72,18.000,39.000,55.000,271,176,281,160,126,126,126,126,126,126,1,0,0,3,30,1,28.000,1,1,2,2,101,1,0,0,22,0,0,102,1,0,2,0,1,1,1,1,1,1,0,0,0,22100,0,0,0,0,0,0,0,0,3
1.381500,20.92,37.203,22.320,367,301,72.000,71,72,18.000,39.000,55.000,272,176,281,160,126,126,126,126,126,126,1,0,0,3,30,1,28.000,1,1,2,2,101,1,0,0,22,0,0,102,1,0,2,0,1,1,1,1,1,1,0,0,0,22104,0,0,0,0,0,0,0,0,3
1.381750,21.02,37.243,22.320,367,301,72.000,71,72,18.000,39.000,55.000,272,176,281,160,126,126,126,126,126,126,1,0,0,3,30,1,28.000,1,1,2,2,101,1,0,0,22,0,0,102,1,0,2,0,1,1,1,1,1,1,0,0,0,22108,0,0,0,0,0,0,0,0,3
1.382000,21.13,37.282,22.370,368,301,72.000,71,72,18.000,39.000,55.000,272,176,281,160,126,126,126,126,126,126,1,0,0,3,30,1,28.000,1,1,2,2,101,1,0,0,22,0,0,102,1,0,2,0,1,1,1,1,1,1,0,0,0,22112,0,0,0,0,0,0,0,0,3
1.382250,21.24,37.321,22.370,368,301,72.000,71,72,18.000,39.000,55.000,272,176,281,160,126,126,126,126,126,126,1,0,0,3,30,1,28.000,1,1,2,2,101,1,0,0,22,0,0,102,1,0,2,0,1,1,1,1,1,1,0,0,0,22116,0,0,0,0,0,0,0,0,3
1.382500,21.35,37.360,22.430,369,301,72.000,71,72,18.000,39.000,55.000,273,176,281,160,126,126,126,126,126,126,1,0,0,3,30,1,28.000,1,1,2,2,101,1,0,0,22,0,0,102,1,0,2,0,1,1,1,1,1,1,0,0,0,22120,0,0,0,0,0,0,0,0,3
1.382750,21.46,37.398,22.430,369,302,72.000,71,72,18.000,39.000,55.000,273,176,282,160,127,127,127,127,127,127,1,0,0,3,30,1,28.000,1,1,2,2,101,1,0,0,22,0,0,102,1,0,2,0,1,1,1,1,1,1,0,0,0,22124,0,0,0,0,0,0,0,0,3
1.383000,21.56,37.437,22.480,370,302,72.000,71,72,18.000,39.000,55.000,274,176,282,160,127,127,127,127,127,127,1,0,0,3,30,1,28.000,1,1,2,2,101,1,0,0,22,0,0,102,1,0,2,0,1,1,1,1,1,1,0,0,0,22128,0,0,0,0,0,0,0,0,3
1.383250,21.67,37.476,22.480,370,302,72.000,71,72,18.000,39.000,55.000,274,176,282,160,127,127,127,127,127,127,1,0,0,3,30,1,28.000,1,1,2,2,101,1,0,0,22,0,0,102,1,0,2,0,1,1,1,1,1,1,0,0,0,22132,0,0,0,0,0,0,0,0,3
1.383500,21.78,37.514,22.480,371,302,72.000,71,72,18.000,39.000,55.000,274,176,282,160,127,127,127,127,127,127,1,0,0,3,30,1,28.000,1,1,2,2,101,1,0,0,22,0,0,102,1,0,2,0,1,1,1,1,1,1,0,0,0,22136,0,0,0,0,0,0,0,0,3
1.383750,21.89,37.552,22.540,371,302,72.000,71,72,18.000,39.000,55.000,274,176,282,160,127,127,127,127,127,127,1,0,0,3,30,1,28.000,1,1,2,2,101,1,0,0,22,0,0,102,1,0,2,0,1,1,1,1,1,1,0,0,0,22140,0,0,0,0,0,0,0,0,3
1.384000,22.00,37.590,22.540,372,302,72.000,71,72,18.000,39.000,55.000,274,176,282,160,127,127,127,127,127,127,1,0,0,3,30,1,28.000,1,1,2,2,101,1,0,0,22,0,0,102,1,0,2,0,1,1,1,1,1,1,0,0,0,22144,0,0,0,0,0,0,0,0,3
1.384250,22.10,37.628,22.590,372,302,72.000,71,72,18.000,39.000,55.000,275,176,282,160,127,127,127,127,127,127,1,0,0,3,30,1,28.000,1,1,2,2,101,1,0,0,22,0,0,102,1,0,2,0,1,1,1,1,1,1,0,0,0,22148,0,0,0,0,0,0,0,0,3
1.384500,22.21,37.666,22.590,373,303,72.000,71,72,18.000,39.000,55.000,275,177,283,160,127,127,127,127,127,127,1,0,0,3,30,1,28.000,1,1,2,2,101,1,0,0,22,0,0,102,1,0,2,0,1,1,1,1,1,1,0,0,0,22152,0,0,0,0,0,0,0,0,3
1.384750,22.32,37.704,22.640,373,303,72.000,71,72,18.000,39.000,55.000,276,177,283,160,127,127,127,127,127,127,1,0,0,3,30,1,28.000,1,1,2,2,101,1,0,0,22,0,0,102,1,0,2,0,1,1,1,1,1,1,0,0,0,22156,0,0,0,0,0,0,0,0,3
1.385000,22.43,37.742,22.640,374,303,72.000,71,72,18.000,39.000,55.000,276,177,283,160,127,127,127,127,127,127,1,0,0,3,30,1,28.000,1,1,2,2,101,1,0,0,22,0,0,102,1,0,2,0,1,1,1,1,1,1,0,0,0,22160,0,0,0,0,0,0,0,0,3
1.385250,22.54,37.779,22.640,374,303,72.000,71,72,18.000,39.000,55.000,276,177,283,160,127,127,127,127,127,127,1,0,0,3,30,1,28.000,1,1,3,3,102,1,0,0,23,0,0,103,1,0,2,0,1,1,1,1,1,1,0,0,0,22164,0,0,0,0,0,0,0,0,3
1.385500,22.64,37.817,22.700,375,303,72.000,71,72,18.000,39.000,55.000,276,177,283,160,127,127,127,127,127,127,1,0,0,3,30,1,28.000,1,1,3,3,102,1,0,0,23,0,0,103,1,0,2,0,1,1,1,1,1,1,0,0,0,22168,0,0,0,0,0,0,0,0,3
1.385750,22.75,37.854,22.700,375,303,72.000,71,72,18.000,39.000,55.000,276,177,283,160,127,127,127,127,127,127,1,0,0,3,30,1,28.000,1,1,3,3,102,1,0,0,23,0,0,103,1,0,2,0,1,1,1,1,1,1,0,0,0,22172,0,0,0,0,0,0,0,0,3
1.386000,22.86,37.891,22.750,376,303,72.000,71,72,18.000,39.000,55.000,277,177,283,160,127,127,127,127,127,127,1,0,0,3,30,1,28.000,1,1,3,3,102,1,0,0,23,0,0,103,1,0,2,0,1,1,1,1,1,1,0,0,0,22176,0,0,0,0,0,0,0,0,3
1.386250,22.97,37.928,22.750,376,304,72.000,71,72,18.000,39.000,55.000,277,177,284,160,128,128,128,128,128,128,1,0,0,3,30,1,28.000,1,1,3,3,102,1,0,0,23,0,0,103,1,0,2,0,1,1,1,1,1,1,0,0,0,22180,0,0,0,0,0,0,0,0,3
1.386500,23.08,37.965,22.750,377,304,72.000,71,72,18.000,39.000,55.000,277,177,284,160,128,128,128,128,128,128,1,0,0,3,30,1,28.000,1,1,3,3,102,1,0,0,23,0,0,103,1,0,2,0,1,1,1,1,1,1,0,0,0,22184,0,0,0,0,0,0,0,0,3
1.386750,23.18,38.002,22.810,377,304,72.000,71,72,18.000,39.000,55.000,278,177,284,160,128,128,128,128,128,128,1,0,0,3,30,1,28.000,1,1,3,3,102,1,0,0,23,0,0,103,1,0,2,0,1,1,1,1,1,1,0,0,0,22188,0,0,0,0,0,0,0,0,3
1.387000,23.29,38.038,22.810,378,304,72.000,71,72,18.000,39.000,55.000,278,177,284,160,128,128,128,128,128,128,1,0,0,3,30,1,28.000,1,1,3,3,102,1,0,0,23,0,0,103,1,0,2,0,1,1,1,1,1,1,0,0,0,22192,0,0,0,0,0,0,0,0,3
1.387250,23.40,38.075,22.860,378,304,72.000,71,72,18.000,39.000,55.000,278,177,284,160,128,128,128,128,128,128,1,0,0,3,30,1,28.000,1,1,3,3,102,1,0,0,23,0,0,103,1,0,2,0,1,1,1,1,1,1,0,0,0,22196,0,0,0,0,0,0,0,0,3
1.387500,23.51,38.111,22.860,379,304,72.000,71,72,18.000,39.000,55.000,278,177,284,160,128,128,128,128,128,128,1,0,0,3,30,1,28.000,1,1,3,3,102,1,0,0,23,0,0,103,1,0,2,0,1,1,1,1,1,1,0,0,0,22200,0,0,0,0,0,0,0,0,3
1.387750,23.62,38.147,22.860,379,305,72.000,71,72,18.000,39.000,55.000,278,178,285,160,128,128,128,128,128,128,1,0,0,3,30,1,28.000,1,1,3,3,102,1,0,0,23,0,0,103,1,0,2,0,1,1,1,1,1,1,0,0,0,22204,0,0,0,0,0,0,0,0,3
1.388000,23.72,38.183,22.920,380,305,72.000,71,72,18.000,39.000,55.000,279,178,285,160,128,128,128,128,128,128,1,0,0,3,30,1,28.000,1,1,3,3,102,1,0,0,23,0,0,103,1,0,2,0,1,1,1,1,1,1,0,0,0,22208,0,0,0,0,0,0,0,0,3
1.388250,23.83,38.219,22.920,380,305,72.000,71,72,18.000,39.000,55.000,279,178,285,160,128,128,128,128,128,128,1,0,0,3,30,1,28.000,1,1,3,3,102,1,0,0,23,0,0,103,1,0,2,0,1,1,1,1,1,1,0,0,0,22212,0,0,0,0,0,0,0,0,3
1.388500,23.94,38.255,22.970,381,305,72.000,71,72,18.000,39.000,55.000,280,178,285,160,128,128,128,128,128,128,1,0,0,3,30,1,28.000,1,1,3,3,102,1,0,0,23,0,0,103,1,0,2,0,1,1,1,1,1,1,0,0,0,22216,0,0,0,0,0,0,0,0,3
1.388750,24.05,38.291,22.970,381,305,72.000,71,72,18.000,39.000,55.000,280,178,285,160,128,128,128,128,128,128,1,0,0,3,30,1,28.000,1,1,3,3,102,1,0,0,23,0,0,103,1,0,2,0,1,1,1,1,1,1,0,0,0,22220,0,0,0,0,0,0,0,0,3
1.389000,24.16,38.326,22.970,382,305,72.000,71,72,18.000,39.000,55.000,280,178,285,160,128,128,128,128,128,128,1,0,0,3,30,1,28.000,1,1,3,3,102,1,0,0,23,0,0,103,1,0,2,0,1,1,1,1,1,1,0,0,0,22224,0,0,0,0,0,0,0,0,3
1.389250,24.26,38.361,23.030,382,305,72.000,71,72,18.000,39.000,55.000,280,178,285,160,128,128,128,128,128,128,1,0,0,3,30,1,28.000,1,1,3,3,102,1,0,0,23,0,0,103,1,0,2,0,1,1,1,1,1,1,0,0,0,22228,0,0,0,0,0,0,0,0,3
1.389500,24.37,38.397,23.030,383,306,72.000,71,72,18.000,39.000,55.000,280,179,286,160,129,129,129,129,129,129,1,0,0,3,30,1,28.000,1,1,3,3,102,1,0,0,23,0,0,103,1,0,2,0,1,1,1,1,1,1,0,0,0,22232,0,0,0,0,0,0,0,0,3
1.389750,24.48,38.432,23.030,383,306,72.000,71,72,18.000,39.000,55.000,280,179,286,160,129,129,129,129,129,129,1,0,0,3,30,1,28.000,1,1,3,3,102,1,0,0,23,0,0,103,1,0,2,0,1,1,1,1,1,1,0,0,0,22236,0,0,0,0,0,0,0,0,3
1.390000,24.59,38.467,23.080,383,306,72.000,71,72,18.000,39.000,55.000,281,179,286,160,129,129,129,129,129,129,1,0,0,3,30,1,28.000,1,1,3,3,102,1,0,0,23,0,0,103,1,0,2,0,1,1,1,1,1,1,0,0,0,22240,0,0,0,0,0,0,0,0,3
1.390250,24.70,38.502,23.080,384,306,72.000,71,72,18.000,39.000,55.000,281,179,286,160,129,129,129,129,129,129,1,0,0,3,30,1,28.000,1,1,3,3,102,1,0,0,23,0,0,103,1,0,2,0,1,1,1,1,1,1,0,0,0,22244,0,0,0,0,0,0,0,0,3
1.390500,24.80,38.536,23.130,384,306,72.000,71,72,18.000,39.000,55.000,282,179,286,160,129,129,129,129,129,129,1,0,0,3,30,1,28.000,1,1,3,3,102,1,0,0,23,0,0,103,1,0,2,0,1,1,1,1,1,1,0,0,0,22248,0,0,0,0,0,0,0,0,3
1.390750,24.91,38.571,23.130,385,306,72.000,71,72,18.000,39.000,55.000,282,179,286,160,129,129,129,129,129,129,1,0,0,3,30,1,28.000,1,1,3,3,102,1,0,0,23,0,0,103,1,0,2,0,1,1,1,1,1,1,0,0,0,22252,0,0,0,0,0,0,0,0,3
1.391000,25.02,38.605,23.130,385,307,72.000,71,72,18.000,39.000,55.000,282,180,288,160,129,129,129,129,129,129,1,0,0,3,30,1,28.000,1,1,3,3,102,1,0,0,23,0,0,103,1,0,2,0,1,1,1,1,1,1,0,0,0,22256,0,0,0,0,0,0,0,0,3
1.391250,25.13,38.639,23.190,386,307,72.000,71,72,18.000,39.000,55.000,282,180,288,160,129,129,129,129,129,129,1,0,0,3,30,1,28.000,1,1,3,3,102,1,0,0,23,0,0,103,1,0,2,0,1,1,1,1,1,1,0,0,0,22260,0,0,0,0,0,0,0,0,3
1.391500,25.24,38.674,23.190,386,307,72.000,71,72,18.000,39.000,55.000,282,180,288,160,129,129,129,129,129,129,1,0,0,3,30,1,28.000,1,1,3,3,102,1,0,0,23,0,0,103,1,0,2,0,1,1,1,1,1,1,0,0,0,22264,0,0,0,0,0,0,0,0,3
1.391750,25.34,38.708,23.240,387,307,72.000,71,72,18.000,39.000,55.000,283,180,288,160,129,129,129,129,129,129,1,0,0,3,30,1,28.000,1,1,3,3,102,1,0,0,23,0,0,103,1,0,2,0,1,1,1,1,1,1,0,0,0,22268,0,0,0,0,0,0,0,0,3
1.392000,25.45,38.741,23.240,387,307,72.000,71,72,18.000,39.000,55.000,283,180,288,160,129,129,129,129,129,129,1,0,0,3,30,1,28.000,1,1,3,3,102,1,0,0,23,0,0,103,1,0,2,0,1,1,1,1,1,1,0,0,0,22272,0,0,0,0,0,0,0,0,3
1.392250,25.56,38.775,23.240,388,307,72.000,71,72,18.000,39.000,55.000,283,180,288,160,129,129,129,129,129,129,1,0,0,3,30,1,28.000,1,1,3,3,102,1,0,0,23,0,0,103,1,0,2,0,1,1,1,1,1,1,0,0,0,22276,0,0,0,0,0,0,0,0,3
1.392500,25.67,38.809,23.300,388,308,72.000,71,72,18.000,39.000,55.000,284,180,289,160,130,130,130,130,130,130,1,0,0,3,30,1,28.000,1,1,3,3,102,1,0,0,23,0,0,103,1,0,2,0,1,1,1,1,1,1,0,0,0,22280,0,0,0,0,0,0,0,0,3
1.392750,25.78,38.842,23.300,389,308,72.000,71,72,18.000,39.000,55.000,284,180,289,160,130,130,130,130,130,130,1,0,0,3,30,1,28.000,1,1,3,3,102,1,0,0,23,0,0,103,1,0,2,0,1,1,1,1,1,1,0,0,0,22284,0,0,0,0,0,0,0,0,3
1.393000,25.88,38.875,23.300,389,308,72.000,71,72,18.000,39.000,55.000,284,180,289,160,130,130,130,130,130,130,1,0,0,3,30,1,28.000,1,1,3,3,102,1,0,0,23,0,0,103,1,0,2,0,1,1,1,1,1,1,0,0,0,22288,0,0,0,0,0,0,0,0,3
1.393250,25.99,38.908,23.350,390,308,72.000,71,72,18.000,39.000,55.000,284,180,289,160,130,130,130,130,130,130,1,0,0,3,30,1,28.000,1,1,3,3,102,1,0,0,23,0,0,103,1,0,2,0,1,1,1,1,1,1,0,0,0,22292,0,0,0,0,0,0,0,0,3
1.393500,26.10,38.941,23.350,390,308,72.000,71,72,18.000,39.000,55.000,284,180,289,160,130,130,130,130,130,130,1,0,0,3,30,1,28.000,1,1,3,3,102,1,0,0,23,0,0,103,1,0,2,0,1,1,1,1,1,1,0,0,0,22296,0,0,0,0,0,0,0,0,3
1.393750,26.21,38.974,23.410,391,308,72.000,71,72,18.000,39.000,55.000,285,180,289,160,130,130,130,130,130,130,1,0,0,3,30,1,28.000,1,1,3,3,102,1,0,0,23,0,0,103,1,0,2,0,1,1,1,1,1,1,0,0,0,22300,0,0,0,0,0,0,0,0,3
1.394000,26.32,39.007,23.410,391,309,72.000,71,72,18.000,39.000,55.000,285,181,290,160,130,130,130,130,130,130,1,0,0,3,30,1,28.000,1,1,1,1,103,1,0,0,24,0,0,104,1,0,2,0,1,1,1,1,1,1,0,0,0,22304,0,0,0,0,0,0,0,0,3
1.394250,26.42,39.039,23.410,391,309,72.000,71,72,18.000,39.000,55.000,285,181,290,160,130,130,130,130,130,130,1,0,0,3,30,1,28.000,1,1,1,1,103,1,0,0,24,0,0,104,1,0,2,0,1,1,1,1,1,1,0,0,0,22308,0,0,0,0,0,0,0,0,3
1.394500,26.53,39.072,23.460,392,309,72.000,71,72,18.000,39.000,55.000,286,181,290,160,130,130,130,130,130,130,1,0,0,3,30,1,28.000,1,1,1,1,103,1,0,0,24,0,0,104,1,0,2,0,1,1,1,1,1,1,0,0,0,22312,0,0,0,0,0,0,0,0,3
1.394750,26.64,39.104,23.460,392,309,72.000,71,72,18.000,39.000,55.000,286,181,290,160,130,130,130,130,130,130,1,0,0,3,30,1,28.000,1,1,1,1,103,1,0,0,24,0,0,104,1,0,2,0,1,1,1,1,1,1,0,0,0,22316,0,0,0,0,0,0,0,0,3
1.395000,26.75,39.136,23.460,393,309,72.000,71,72,18.000,39.000,55.000,286,181,290,160,130,130,130,130,130,130,1,0,0,3,30,1,28.000,1,1,1,1,103,1,0,0,24,0,0,104,1,0,2,0,1,1,1,1,1,1,0,0,0,22320,0,0,0,0,0,0,0,0,3
1.395250,26.86,39.168,23.510,393,309,72.000,71,72,18.000,39.000,55.000,286,181,290,160,130,130,130,130,130,130,1,0,0,3,30,1,28.000,1,1,1,1,103,1,0,0,24,0,0,104,1,0,2,0,1,1,1,1,1,1,0,0,0,22324,0,0,0,0,0,0,0,0,3
1.395500,26.96,39.200,23.510,394,310,72.000,71,72,18.000,39.000,55.000,286,181,291,160,130,130,130,130,130,130,1,0,0,3,30,1,28.000,1,1,1,1,103,1,0,0,24,0,0,104,1,0,2,0,1,1,1,1,1,1,0,0,0,22328,0,0,0,0,0,0,0,0,3
1.395750,27.07,39.232,23.510,394,310,72.000,71,72,18.000,39.000,55.000,286,181,291,160,130,130,130,130,130,130,1,0,0,3,30,1,28.000,1,1,1,1,103,1,0,0,24,0,0,104,1,0,2,0,1,1,1,1,1,1,0,0,0,22332,0,0,0,0,0,0,0,0,3
1.396000,27.18,39.263,23.570,395,310,72.000,71,72,18.000,39.000,55.000,287,181,291,160,130,130,130,130,130,130,1,0,0,3,30,1,28.000,1,1,1,1,103,1,0,0,24,0,0,104,1,0,2,0,1,1,1,1,1,1,0,0,0,22336,0,0,0,0,0,0,0,0,3
1.396250,27.29,39.295,23.570,395,310,72.000,71,72,18.000,39.000,55.000,287,181,291,160,130,130,130,130,130,130,1,0,0,3,30,1,28.000,1,1,1,1,103,1,0,0,24,0,0,104,1,0,2,0,1,1,1,1,1,1,0,0,0,22340,0,0,0,0,0,0,0,0,3
1.396500,27.40,39.326,23.570,396,310,72.000,71,72,18.000,39.000,55.000,287,181,291,160,130,130,130,130,130,130,1,0,0,3,30,1,28.000,1,1,1,1,103,1,0,0,24,0,0,104,1,0,2,0,1,1,1,1,1,1,0,0,0,22344,0,0,0,0,0,0,0,0,3
1.396750,27.50,39.357,23.620,396,310,72.000,71,72,18.000,39.000,55.000,288,181,291,160,130,130,130,130,130,130,1,0,0,3,30,1,28.000,1,1,1,1,103,1,0,0,24,0,0,104,1,0,2,0,1,1,1,1,1,1,0,0,0,22348,0,0,0,0,0,0,0,0,3
1.397000,27.61,39.388,23.620,397,311,72.000,71,72,18.000,39.000,55.000,288,182,292,160,131,131,131,131,131,131,1,0,0,3,30,1,28.000,1,1,1,1,103,1,0,0,24,0,0,104,1,0,2,0,1,1,1,1,1,1,0,0,0,22352,0,0,0,0,0,0,0,0,3
1.397250,27.72,39.418,23.620,397,311,72.000,71,72,18.000,39.000,55.000,288,182,292,160,131,131,131,131,131,131,1,0,0,3,30,1,28.000,1,1,1,1,103,1,0,0,24,0,0,104,1,0,2,0,1,1,1,1,1,1,0,0,0,22356,0,0,0,0,0,0,0,0,3
1.397500,27.83,39.449,23.680,397,311,72.000,71,72,18.000,39.000,55.000,288,182,292,160,131,131,131,131,131,131,1,0,0,3,30,1,28.000,1,1,1,1,103,1,0,0,24,0,0,104,1,0,2,0,1,1,1,1,1,1,0,0,0,22360,0,0,0,0,0,0,0,0,3
1.397750,27.94,39.480,23.680,398,311,72.000,71,72,18.000,39.000,55.000,288,182,292,160,131,131,131,131,131,131,1,0,0,3,30,1,28.000,1,1,1,1,103,1,0,0,24,0,0,104,1,0,2,0,1,1,1,1,1,1,0,0,0,22364,0,0,0,0,0,0,0,0,3
1.398000,28.04,39.510,23.680,398,311,72.000,71,72,18.000,39.000,55.000,288,182,292,160,131,131,131,131,131,131,1,0,0,3,30,1,28.000,1,1,1,1,103,1,0,0,24,0,0,104,1,0,2,0,1,1,1,1,1,1,0,0,0,22368,0,0,0,0,0,0,0,0,3
1.398250,28.15,39.540,23.730,399,312,72.000,71,72,18.000,39.000,55.000,289,183,293,160,131,131,131,131,131,131,1,0,0,3,30,1,28.000,1,1,1,1,103,1,0,0,24,0,0,104,1,0,2,0,1,1,1,1,1,1,0,0,0,22372,0,0,0,0,0,0,0,0,3
1.398500,28.26,39.570,23.730,399,312,72.000,71,72,18.000,39.000,55.000,289,183,293,160,131,131,131,131,131,131,1,0,0,3,30,1,28.000,1,1,1,1,103,1,0,0,24,0,0,104,1,0,2,0,1,1,1,1,1,1,0,0,0,22376,0,0,0,0,0,0,0,0,3
1.398750,28.37,39.600,23.730,400,312,72.000,71,72,18.000,39.000,55.000,289,183,293,160,131,131,131,131,131,131,1,0,0,3,30,1,28.000,1,1,1,1,103,1,0,0,24,0,0,104,1,0,2,0,1,1,1,1,1,1,0,0,0,22380,0,0,0,0,0,0,0,0,3
1.399000,28.48,39.630,23.790,400,312,72.000,71,72,18.000,39.000,55.000,290,183,293,160,131,131,131,131,131,131,1,0,0,3,30,1,28.000,1,1,1,1,103,1,0,0,24,0,0,104,1,0,2,0,1,1,1,1,1,1,0,0,0,22384,0,0,0,0,0,0,0,0,3
1.399250,28.58,39.659,23.790,401,312,72.000,71,72,18.000,39.000,55.000,290,183,293,160,131,131,131,131,131,131,1,0,0,3,30,1,28.000,1,1,1,1,103,1,0,0,24,0,0,104,1,0,2,0,1,1,1,1,1,1,0,0,0,22388,0,0,0,0,0,0,0,0,3
1.399500,28.69,39.688,23.790,401,312,72.000,71,72,18.000,39.000,55.000,290,183,293,160,131,131,131,131,131,131,1,0,0,3,30,1,28.000,1,1,1,1,103,1,0,0,24,0,0,104,1,0,2,0,1,1,1,1,1,1,0,0,0,22392,0,0,0,0,0,0,0,0,3
1.399750,28.80,39.718,23.840,401,313,72.000,71,72,18.000,39.000,55.000,290,183,294,160,132,132,132,132,132,132,1,0,0,3,30,1,28.000,1,1,1,1,103,1,0,0,24,0,0,104,1,0,2,0,1,1,1,1,1,1,0,0,0,22396,0,0,0,0,0,0,0,0,3
1.400000,28.91,39.747,23.840,402,313,72.000,71,72,18.000,39.000,55.000,290,183,294,160,132,132,132,132,132,132,1,0,0,3,30,1,28.000,1,1,1,1,103,1,0,0,24,0,0,104,1,0,2,0,1,1,1,1,1,1,0,0,0,22400,0,0,0,0,0,0,0,0,3
1.400250,29.02,39.776,23.840,402,313,72.000,71,72,18.000,39.000,55.000,290,183,294,160,132,132,132,132,132,132,1,0,0,3,30,1,28.000,1,1,1,1,103,1,0,0,24,0,0,104,1,0,2,0,1,1,1,1,1,1,0,0,0,22404,0,0,0,0,0,0,0,0,3
1.400500,29.12,39.804,23.900,403,313,72.000,71,72,18.000,39.000,55.000,291,183,294,160,132,132,132,132,132,132,1,0,0,3,30,1,28.000,1,1,1,1,103,1,0,0,24,0,0,104,1,0,2,0,1,1,1,1,1,1,0,0,0,22408,0,0,0,0,0,0,0,0,3
1.400750,29.23,39.833,23.900,403,313,72.000,71,72,18.000,39.000,55.000,291,183,294,160,132,132,132,132,132,132,1,0,0,3,30,1,28.000,1,1,1,1,103,1,0,0,24,0,0,104,1,0,2,0,1,1,1,1,1,1,0,0,0,22412,0,0,0,0,0,0,0,0,3
1.401000,29.34,39.861,23.900,404,314,72.000,71,72,18.000,39.000,55.000,291,184,295,160,132,132,132,132,132,132,1,0,0,3,30,1,28.000,1,1,1,1,103,1,0,0,24,0,0,104,1,0,2,0,1,1,1,1,1,1,0,0,0,22416,0,0,0,0,0,0,0,0,3
1.401250,29.45,39.890,23.950,404,314,72.000,71,72,18.000,39.000,55.000,292,184,295,160,132,132,132,132,132,132,1,0,0,3,30,1,28.000,1,1,1,1,103,1,0,0,24,0,0,104,1,0,2,0,1,1,1,1,1,1,0,0,0,22420,0,0,0,0,0,0,0,0,3
1.401500,29.56,39.918,23.950,405,314,72.000,71,72,18.000,39.000,55.000,292,184,295,160,132,132,132,132,132,132,1,0,0,3,30,1,28.000,1,1,1,1,103,1,0,0,24,0,0,104,1,0,2,0,1,1,1,1,1,1,0,0,0,22424,0,0,0,0,0,0,0,0,3
1.401750,29.66,39.946,23.950,405,314,72.000,71,72,18.000,39.000,55.000,292,184,295,160,132,132,132,132,132,132,1,0,0,3,30,1,28.000,1,1,1,1,103,1,0,0,24,0,0,104,1,0,2,0,1,1,1,1,1,1,0,0,0,22428,0,0,0,0,0,0,0,0,3
1.402000,29.77,39.974,24.000,405,314,72.000,71,72,18.000,39.000,55.000,292,184,295,160,132,132,132,132,132,132,1,0,0,3,30,1,28.000,1,1,1,1,103,1,0,0,24,0,0,104,1,0,2,0,1,1,1,1,1,1,0,0,0,22432,0,0,0,0,0,0,0,0,3
1.402250,29.88,40.001,24.000,406,315,72.000,71,72,18.000,39.000,55.000,292,185,296,160,133,133,133,133,133,133,1,0,0,3,30,1,28.000,1,1,1,1,103,1,0,0,24,0,0,104,1,0,2,0,1,1,1,1,1,1,0,0,0,22436,0,0,0,0,0,0,0,0,3
1.402500,29.99,40.029,24.000,406,315,72.000,71,72,18.000,39.000,55.000,292,185,296,160,133,133,133,133,133,133,1,0,0,3,30,1,28.000,1,1,1,1,103,1,0,0,24,0,0,104,1,0,2,0,1,1,1,1,1,1,0,0,0,22440,0,0,0,0,0,0,0,0,3
1.402750,30.10,40.056,24.000,407,315,72.000,71,72,18.000,39.000,55.000,292,185,296,160,133,133,133,133,133,133,1,0,0,3,30,1,28.000,1,1,0,0,104,1,0,0,25,0,0,105,1,0,2,0,1,1,1,1,1,1,0,0,0,22444,0,0,0,0,0,0,0,0,3
1.403000,30.20,40.083,24.060,407,315,72.000,71,72,18.000,39.000,55.000,293,185,296,160,133,133,133,133,133,133,1,0,0,3,30,1,28.000,1,1,0,0,104,1,0,0,25,0,0,105,1,0,2,0,1,1,1,1,1,1,0,0,0,22448,0,0,0,0,0,0,0,0,3
1.403250,30.31,40.110,24.060,408,315,72.000,71,72,18.000,39.000,55.000,293,185,296,160,133,133,133,133,133,133,1,0,0,3,30,1,28.000,1,1,0,0,104,1,0,0,25,0,0,105,1,0,2,0,1,1,1,1,1,1,0,0,0,22452,0,0,0,0,0,0,0,0,3
1.403500,30.42,40.137,24.060,408,315,72.000,71,72,18.000,39.000,55.000,293,185,296,160,133,133,133,133,133,133,1,0,0,3,30,1,28.000,1,1,0,0,104,1,0,0,25,0,0,105,1,0,2,0,1,1,1,1,1,1,0,0,0,22456,0,0,0,0,0,0,0,0,3
1.403750,30.53,40.164,24.110,408,316,72.000,71,72,18.000,39.000,55.000,294,186,297,160,133,133,133,133,133,133,1,0,0,3,30,1,28.000,1,1,0,0,104,1,0,0,25,0,0,105,1,0,2,0,1,1,1,1,1,1,0,0,0,22460,0,0,0,0,0,0,0,0,3
1.404000,30.64,40.191,24.110,409,316,72.000,71,72,18.000,39.000,55.000,294,186,297,160,133,133,133,133,133,133,1,0,0,3,30,1,28.000,1,1,0,0,104,1,0,0,25,0,0,105,1,0,2,0,1,1,1,1,1,1,0,0,0,22464,0,0,0,0,0,0,0,0,3
1.404250,30.74,40.217,24.110,409,316,72.000,71,72,18.000,39.000,55.000,294,186,297,160,133,133,133,133,133,133,1,0,0,3,30,1,28.000,1,1,0,0,104,1,0,0,25,0,0,105,1,0,2,0,1,1,1,1,1,1,0,0,0,22468,0,0,0,0,0,0,0,0,3
1.404500,30.85,40.243,24.110,410,316,72.000,71,72,18.000,39.000,55.000,294,186,297,160,133,133,133,133,133,133,1,0,0,3,30,1,28.000,1,1,0,0,104,1,0,0,25,0,0,105,1,0,2,0,1,1,1,1,1,1,0,0,0,22472,0,0,0,0,0,0,0,0,3
1.404750,30.96,40.269,24.170,410,316,72.000,71,72,18.000,39.000,55.000,294,186,297,160,133,133,133,133,133,133,1,0,0,3,30,1,28.000,1,1,0,0,104,1,0,0,25,0,0,105,1,0,2,0,1,1,1,1,1,1,0,0,0,22476,0,0,0,0,0,0,0,0,3
1.405000,31.07,40.295,24.170,411,317,72.000,71,72,18.000,39.000,55.000,294,186,298,160,134,134,134,134,134,134,1,0,0,3,30,1,28.000,1,1,0,0,104,1,0,0,25,0,0,105,1,0,2,0,1,1,1,1,1,1,0,0,0,22480,0,0,0,0,0,0,0,0,3
1.405250,31.18,40.321,24.170,411,317,72.000,71,72,18.000,39.000,55.000,294,186,298,160,134,134,134,134,134,134,1,0,0,3,30,1,28.000,1,1,0,0,104,1,0,0,25,0,0,105,1,0,2,0,1,1,1,1,1,1,0,0,0,22484,0,0,0,0,0,0,0,0,3
1.405500,31.28,40.346,24.220,411,317,72.000,71,72,18.000,39.000,55.000,295,186,298,160,134,134,134,134,134,134,1,0,0,3,30,1,28.000,1,1,0,0,104,1,0,0,25,0,0,105,1,0,2,0,1,1,1,1,1,1,0,0,0,22488,0,0,0,0,0,0,0,0,3
1.405750,31.39,40.372,24.220,412,317,72.000,71,72,18.000,39.000,55.000,295,186,298,160,134,134,134,134,134,134,1,0,0,3,30,1,28.000,1,1,0,0,104,1,0,0,25,0,0,105,1,0,2,0,1,1,1,1,1,1,0,0,0,22492,0,0,0,0,0,0,0,0,3
1.406000,31.50,40.397,24.220,412,317,72.000,71,72,18.000,39.000,55.000,295,186,298,160,134,134,134,134,134,134,1,0,0,3,30,1,28.000,1,1,0,0,104,1,0,0,25,0,0,105,1,0,2,0,1,1,1,1,1,1,0,0,0,22496,0,0,0,0,0,0,0,0,3
1.406250,31.61,40.422,24.280,413,318,72.000,71,72,18.000,39.000,55.000,296,187,299,160,134,134,134,134,134,134,1,0,0,3,30,1,28.000,1,1,0,0,104,1,0,0,25,0,0,105,1,0,2,0,1,1,1,1,1,1,0,0,0,22500,0,0,0,0,0,0,0,0,3
1.406500,31.72,40.447,24.280,413,318,72.000,71,72,18.000,39.000,55.000,296,187,299,160,134,134,134,134,134,134,1,0,0,3,30,1,28.000,1,1,0,0,104,1,0,0,25,0,0,105,1,0,2,0,1,1,1,1,1,1,0,0,0,22504,0,0,0,0,0,0,0,0,3
1.406750,31.82,40.472,24.280,414,318,72.000,71,72,18.000,39.000,55.000,296,187,299,160,134,134,134,134,134,134,1,0,0,3,30,1,28.000,1,1,0,0,104,1,0,0,25,0,0,105,1,0,2,0,1,1,1,1,1,1,0,0,0,22508,0,0,0,0,0,0,0,0,3
1.407000,31.93,40.496,24.280,414,318,72.000,71,72,18.000,39.000,55.000,296,187,299,160,134,134,134,134,134,134,1,0,0,3,30,1,28.000,1,1,0,0,104,1,0,0,25,0,0,105,1,0,2,0,1,1,1,1,1,1,0,0,0,22512,0,0,0,0,0,0,0,0,3
1.407250,32.04,40.521,24.330,414,318,72.000,71,72,18.000,39.000,55.000,296,187,299,160,134,134,134,134,134,134,1,0,0,3,30,1,28.000,1,1,0,0,104,1,0,0,25,0,0,105,1,0,2,0,1,1,1,1,1,1,0,0,0,22516,0,0,0,0,0,0,0,0,3
1.407500,32.15,40.545,24.330,415,319,72.000,71,72,18.000,39.000,55.000,296,187,300,160,135,135,135,135,135,135,1,0,0,3,30,1,28.000,1,1,0,0,104,1,0,0,25,0,0,105,1,0,2,0,1,1,1,1,1,1,0,0,0,22520,0,0,0,0,0,0,0,0,3
1.407750,32.26,40.569,24.330,415,319,72.000,71,72,18.000,39.000,55.000,296,187,300,160,135,135,135,135,135,135,1,0,0,3,30,1,28.000,1,1,0,0,104,1,0,0,25,0,0,105,1,0,2,0,1,1,1,1,1,1,0,0,0,22524,0,0,0,0,0,0,0,0,3
1.408000,32.36,40.593,24.330,416,319,72.000,71,72,18.000,39.000,55.000,296,187,300,160,135,135,135,135,135,135,1,0,0,3,30,1,28.000,1,1,0,0,104,1,0,0,25,0,0,105,1,0,2,0,1,1,1,1,1,1,0,0,0,22528,0,0,0,0,0,0,0,0,3
1.408250,32.47,40.617,24.380,416,319,72.000,71,72,18.000,39.000,55.000,297,187,300,160,135,135,135,135,135,135,1,0,0,3,30,1,28.000,1,1,0,0,104,1,0,0,25,0,0,105,1,0,2,0,1,1,1,1,1,1,0,0,0,22532,0,0,0,0,0,0,0,0,3
1.408500,32.58,40.640,24.380,416,319,72.000,71,72,18.000,39.000,55.000,297,187,300,160,135,135,135,135,135,135,1,0,0,3,30,1,28.000,1,1,0,0,104,1,0,0,25,0,0,105,1,0,2,0,1,1,1,1,1,1,0,0,0,22536,0,0,0,0,0,0,0,0,3
1.408750,32.69,40.664,24.380,417,320,72.000,71,72,18.000,39.000,55.000,297,188,301,160,135,135,135,135,135,135,1,0,0,3,30,1,28.000,1,1,0,0,104,1,0,0,25,0,0,105,1,0,2,0,1,1,1,1,1,1,0,0,0,22540,0,0,0,0,0,0,0,0,3
1.409000,32.80,40.687,24.380,417,320,72.000,71,72,18.000,39.000,55.000,297,188,301,160,135,135,135,135,135,135,1,0,0,3,30,1,28.000,1,1,0,0,104,1,0,0,25,0,0,105,1,0,2,0,1,1,1,1,1,1,0,0,0,22544,0,0,0,0,0,0,0,0,3
1.409250,32.90,40.710,24.440,418,320,72.000,71,72,18.000,39.000,55.000,298,188,301,160,135,135,135,135,135,135,1,0,0,3,30,1,28.000,1,1,0,0,104,1,0,0,25,0,0,105,1,0,2,0,1,1,1,1,1,1,0,0,0,22548,0,0,0,0,0,0,0,0,3
1.409500,33.01,40.733,24.440,418,320,72.000,71,72,18.000,39.000,55.000,298,188,301,160,135,135,135,135,135,135,1,0,0,3,30,1,28.000,1,1,0,0,104,1,0,0,25,0,0,105,1,0,2,0,1,1,1,1,1,1,0,0,0,22552,0,0,0,0,0,0,0,0,3
1.409750,33.12,40.756,24.440,419,320,72.000,71,72,18.000,39.000,55.000,298,188,301,160,135,135,135,135,135,135,1,0,0,3,30,1,28.000,1,1,0,0,104,1,0,0,25,0,0,105,1,0,2,0,1,1,1,1,1,1,0,0,0,22556,0,0,0,0,0,0,0,0,3
1.410000,33.23,40.779,24.440,419,321,72.000,71,72,18.000,39.000,55.000,298,189,302,160,136,136,136,136,136,136,1,0,0,3,30,1,28.000,1,1,0,0,104,1,0,0,25,0,0,105,1,0,2,0,1,1,1,1,1,1,0,0,0,22560,0,0,0,0,0,0,0,0,3
1.410250,33.34,40.801,24.490,419,321,72.000,71,72,18.000,39.000,55.000,298,189,302,160,136,136,136,136,136,136,1,0,0,3,30,1,28.000,1,1,0,0,104,1,0,0,25,0,0,105,1,0,2,0,1,1,1,1,1,1,0,0,0,22564,0,0,0,0,0,0,0,0,3
1.410500,33.44,40.823,24.490,420,321,72.000,71,72,18.000,39.000,55.000,298,189,302,160,136,136,136,136,136,136,1,0,0,3,30,1,28.000,1,1,0,0,104,1,0,0,25,0,0,105,1,0,2,0,1,1,1,1,1,1,0,0,0,22568,0,0,0,0,0,0,0,0,3
1.410750,33.55,40.845,24.490,420,321,72.000,71,72,18.000,39.000,55.000,298,189,302,160,136,136,136,136,136,136,1,0,0,3,30,1,28.000,1,1,0,0,104,1,0,0,25,0,0,105,1,0,2,0,1,1,1,1,1,1,0,0,0,22572,0,0,0,0,0,0,0,0,3
1.411000,33.66,40.867,24.490,421,321,72.000,71,72,18.000,39.000,55.000,298,189,302,160,136,136,136,136,136,136,1,0,0,3,30,1,28.000,1,1,0,0,104,1,0,0,25,0,0,105,1,0,2,0,1,1,1,1,1,1,0,0,0,22576,0,0,0,0,0,0,0,0,3
1.411250,33.77,40.889,24.550,421,322,72.000,71,72,18.000,39.000,55.000,299,189,303,160,136,136,136,136,136,136,1,0,0,3,30,1,28.000,1,1,2,2,105,1,0,0,26,0,0,106,1,0,2,0,1,1,1,1,1,1,0,0,0,22580,0,0,0,0,0,0,0,0,3
1.411500,33.88,40.911,24.550,421,322,72.000,71,72,18.000,39.000,55.000,299,189,303,160,136,136,136,136,136,136,1,0,0,3,30,1,28.000,1,1,2,2,105,1,0,0,26,0,0,106,1,0,2,0,1,1,1,1,1,1,0,0,0,22584,0,0,0,0,0,0,0,0,3
1.411750,33.98,40.932,24.550,422,322,72.000,71,72,18.000,39.000,55.000,299,189,303,160,136,136,136,136,136,136,1,0,0,3,30,1,28.000,1,1,2,2,105,1,0,0,26,0,0,106,1,0,2,0,1,1,1,1,1,1,0,0,0,22588,0,0,0,0,0,0,0,0,3
1.412000,34.09,40.953,24.550,422,322,72.000,71,72,18.000,39.000,55.000,299,189,303,160,136,136,136,136,136,136,1,0,0,3,30,1,28.000,1,1,2,2,105,1,0,0,26,0,0,106,1,0,2,0,1,1,1,1,1,1,0,0,0,22592,0,0,0,0,0,0,0,0,3
1.412250,34.20,40.974,24.600,422,322,72.000,71,72,18.000,39.000,55.000,300,189,303,160,136,136,136,136,136,136,1,0,0,3,30,1,28.000,1,1,2,2,105,1,0,0,26,0,0,106,1,0,2,0,1,1,1,1,1,1,0,0,0,22596,0,0,0,0,0,0,0,0,3
1.412500,34.31,40.995,24.600,423,323,72.000,71,72,18.000,39.000,55.000,300,190,305,160,137,137,137,137,137,137,1,0,0,3,30,1,28.000,1,1,2,2,105,1,0,0,26,0,0,106,1,0,2,0,1,1,1,1,1,1,0,0,0,22600,0,0,0,0,0,0,0,0,3
1.412750,34.42,41.016,24.600,423,323,72.000,71,72,18.000,39.000,55.000,300,190,305,160,137,137,137,137,137,137,1,0,0,3,30,1,28.000,1,1,2,2,105,1,0,0,26,0,0,106,1,0,2,0,1,1,1,1,1,1,0,0,0,22604,0,0,0,0,0,0,0,0,3
1.413000,34.52,41.036,24.600,424,323,72.000,71,72,18.000,39.000,55.000,300,190,305,160,137,137,137,137,137,137,1,0,0,3,30,1,28.000,1,1,2,2,105,1,0,0,26,0,0,106,1,0,2,0,1,1,1,1,1,1,0,0,0,22608,0,0,0,0,0,0,0,0,3
1.413250,34.63,41.057,24.660,424,323,72.000,71,72,18.000,39.000,55.000,300,190,305,160,137,137,137,137,137,137,1,0,0,3,30,1,28.000,1,1,2,2,105,1,0,0,26,0,0,106,1,0,2,0,1,1,1,1,1,1,0,0,0,22612,0,0,0,0,0,0,0,0,3
1.413500,34.74,41.077,24.660,424,323,72.000,71,72,18.000,39.000,55.000,300,190,305,160,137,137,137,137,137,137,1,0,0,3,30,1,28.000,1,1,2,2,105,1,0,0,26,0,0,106,1,0,2,0,1,1,1,1,1,1,0,0,0,22616,0,0,0,0,0,0,0,0,3
1.413750,34.85,41.097,24.660,425,324,72.000,71,72,18.000,39.000,55.000,300,191,305,160,137,137,137,137,137,137,1,0,0,3,30,1,28.000,1,1,2,2,105,1,0,0,26,0,0,106,1,0,2,0,1,1,1,1,1,1,0,0,0,22620,0,0,0,0,0,0,0,0,3
1.414000,34.96,41.117,24.660,425,324,72.000,71,72,18.000,39.000,55.000,300,191,305,160,137,137,137,137,137,137,1,0,0,3,30,1,28.000,1,1,2,2,105,1,0,0,26,0,0,106,1,0,2,0,1,1,1,1,1,1,0,0,0,22624,0,0,0,0,0,0,0,0,3
1.414250,35.06,41.137,24.660,426,324,72.000,71,72,18.000,39.000,55.000,300,191,305,160,137,137,137,137,137,137,1,0,0,3,30,1,28.000,1,1,2,2,105,1,0,0,26,0,0,106,1,0,2,0,1,1,1,1,1,1,0,0,0,22628,0,0,0,0,0,0,0,0,3
1.414500,35.17,41.156,24.710,426,324,72.000,71,72,18.000,39.000,55.000,301,191,305,160,137,137,137,137,137,137,1,0,0,3,30,1,28.000,1,1,2,2,105,1,0,0,26,0,0,106,1,0,2,0,1,1,1,1,1,1,0,0,0,22632,0,0,0,0,0,0,0,0,3
1.414750,35.28,41.175,24.710,426,325,72.000,71,72,18.000,39.000,55.000,301,191,307,160,138,138,138,138,138,138,1,0,0,3,30,1,28.000,1,1,2,2,105,1,0,0,26,0,0,106,1,0,2,0,1,1,1,1,1,1,0,0,0,22636,0,0,0,0,0,0,0,0,3
1.415000,35.39,41.195,24.710,427,325,72.000,71,72,18.000,39.000,55.000,301,191,307,160,138,138,138,138,138,138,1,0,0,3,30,1,28.000,1,1,2,2,105,1,0,0,26,0,0,106,1,0,2,0,1,1,1,1,1,1,0,0,0,22640,0,0,0,0,0,0,0,0,3
1.415250,35.50,41.214,24.710,427,325,72.000,71,72,18.000,39.000,55.000,301,191,307,160,138,138,138,138,138,138,1,0,0,3,30,1,28.000,1,1,2,2,105,1,0,0,26,0,0,106,1,0,2,0,1,1,1,1,1,1,0,0,0,22644,0,0,0,0,0,0,0,0,3
1.415500,35.60,41.232,24.710,428,325,72.000,71,72,18.000,39.000,55.000,301,191,307,160,138,138,138,138,138,138,1,0,0,3,30,1,28.000,1,1,2,2,105,1,0,0,26,0,0,106,1,0,2,0,1,1,1,1,1,1,0,0,0,22648,0,0,0,0,0,0,0,0,3
1.415750,35.71,41.251,24.770,428,325,72.000,71,72,18.000,39.000,55.000,302,191,307,160,138,138,138,138,138,138,1,0,0,3,30,1,28.000,1,1,2,2,105,1,0,0,26,0,0,106,1,0,2,0,1,1,1,1,1,1,0,0,0,22652,0,0,0,0,0,0,0,0,3
1.416000,35.82,41.270,24.770,428,326,72.000,71,72,18.000,39.000,55.000,302,192,308,160,138,138,138,138,138,138,1,0,0,3,30,1,28.000,1,1,2,2,105,1,0,0,26,0,0,106,1,0,2,0,1,1,1,1,1,1,0,0,0,22656,0,0,0,0,0,0,0,0,3
1.416250,35.93,41.288,24.770,429,326,72.000,71,72,18.000,39.000,55.000,302,192,308,160,138,138,138,138,138,138,1,0,0,3,30,1,28.000,1,1,2,2,105,1,0,0,26,0,0,106,1,0,2,0,1,1,1,1,1,1,0,0,0,22660,0,0,0,0,0,0,0,0,3
1.416500,36.04,41.306,24.770,429,326,72.000,71,72,18.000,39.000,55.000,302,192,308,160,138,138,138,138,138,138,1,0,0,3,30,1,28.000,1,1,2,2,105,1,0,0,26,0,0,106,1,0,2,0,1,1,1,1,1,1,0,0,0,22664,0,0,0,0,0,0,0,0,3
1.416750,36.14,41.324,24.770,429,326,72.000,71,72,18.000,39.000,55.000,302,192,308,160,138,138,138,138,138,138,1,0,0,3,30,1,28.000,1,1,2,2,105,1,0,0,26,0,0,106,1,0,2,0,1,1,1,1,1,1,0,0,0,22668,0,0,0,0,0,0,0,0,3
1.417000,36.25,41.342,24.820,430,326,72.000,71,72,18.000,39.000,55.000,302,192,308,160,138,138,138,138,138,138,1,0,0,3,30,1,28.000,1,1,2,2,105,1,0,0,26,0,0,106,1,0,2,0,1,1,1,1,1,1,0,0,0,22672,0,0,0,0,0,0,0,0,3
1.417250,36.36,41.359,24.820,430,327,72.000,71,72,18.000,39.000,55.000,302,193,309,160,139,139,139,139,139,139,1,0,0,3,30,1,28.000,1,1,2,2,105,1,0,0,26,0,0,106,1,0,2,0,1,1,1,1,1,1,0,0,0,22676,0,0,0,0,0,0,0,0,3
1.417500,36.47,41.377,24.820,431,327,72.000,71,72,18.000,39.000,55.000,302,193,309,160,139,139,139,139,139,139,1,0,0,3,30,1,28.000,1,1,2,2,105,1,0,0,26,0,0,106,1,0,2,0,1,1,1,1,1,1,0,0,0,22680,0,0,0,0,0,0,0,0,3
1.417750,36.58,41.394,24.820,431,327,72.000,71,72,18.000,39.000,55.000,302,193,309,160,139,139,139,139,139,139,1,0,0,3,30,1,28.000,1,1,2,2,105,1,0,0,26,0,0,106,1,0,2,0,1,1,1,1,1,1,0,0,0,22684,0,0,0,0,0,0,0,0,3
1.418000,36.68,41.411,24.820,431,327,72.000,71,72,18.000,39.000,55.000,302,193,309,160,139,139,139,139,139,139,1,0,0,3,30,1,28.000,1,1,2,2,105,1,0,0,26,0,0,106,1,0,2,0,1,1,1,1,1,1,0,0,0,22688,0,0,0,0,0,0,0,0,3
1.418250,36.79,41.428,24.870,432,328,72.000,71,72,18.000,39.000,55.000,303,193,310,160,139,139,139,139,139,139,1,0,0,3,30,1,28.000,1,1,2,2,105,1,0,0,26,0,0,106,1,0,2,0,1,1,1,1,1,1,0,0,0,22692,0,0,0,0,0,0,0,0,3
1.418500,36.90,41.445,24.870,432,328,72.000,71,72,18.000,39.000,55.000,303,193,310,160,139,139,139,139,139,139,1,0,0,3,30,1,28.000,1,1,2,2,105,1,0,0,26,0,0,106,1,0,2,0,1,1,1,1,1,1,0,0,0,22696,0,0,0,0,0,0,0,0,3
1.418750,37.01,41.461,24.870,432,328,72.000,71,72,18.000,39.000,55.000,303,193,310,160,139,139,139,139,139,139,1,0,0,3,30,1,28.000,1,1,2,2,105,1,0,0,26,0,0,106,1,0,2,0,1,1,1,1,1,1,0,0,0,22700,0,0,0,0,0,0,0,0,3
1.419000,37.12,41.478,24.870,433,328,72.000,71,72,18.000,39.000,55.000,303,193,310,160,139,139,139,139,139,139,1,0,0,3,30,1,28.000,1,1,2,2,105,1,0,0,26,0,0,106,1,0,2,0,1,1,1,1,1,1,0,0,0,22704,0,0,0,0,0,0,0,0,3
1.419250,37.22,41.494,24.870,433,328,72.000,71,72,18.000,39.000,55.000,303,193,310,160,139,139,139,139,139,139,1,0,0,3,30,1,28.000,1,1,2,2,105,1,0,0,26,0,0,106,1,0,2,0,1,1,1,1,1,1,0,0,0,22708,0,0,0,0,0,0,0,0,3
1.419500,37.33,41.510,24.870,433,329,72.000,71,72,18.000,39.000,55.000,303,194,311,160,140,140,140,140,140,140,1,0,0,3,30,1,28.000,1,1,2,2,105,1,0,0,26,0,0,106,1,0,2,0,1,1,1,1,1,1,0,0,0,22712,0,0,0,0,0,0,0,0,3
1.419750,37.44,41.526,24.930,434,329,72.000,71,72,18.000,39.000,55.000,304,194,311,160,140,140,140,140,140,140,1,0,0,3,30,1,28.000,1,1,2,2,105,1,0,0,26,0,0,106,1,0,2,0,1,1,1,1,1,1,0,0,0,22716,0,0,0,0,0,0,0,0,3
1.420000,37.55,41.541,24.930,434,329,72.000,71,72,18.000,39.000,55.000,304,194,311,160,140,140,140,140,140,140,1,0,0,3,30,1,28.000,1,1,3,3,106,1,0,0,27,0,0,107,1,0,2,0,1,1,1,1,1,1,0,0,0,22720,0,0,0,0,0,0,0,0,3
1.420250,37.66,41.557,24.930,434,329,72.000,71,72,18.000,39.000,55.000,304,194,311,160,140,140,140,140,140,140,1,0,0,3,30,1,28.000,1,1,3,3,106,1,0,0,27,0,0,107,1,0,2,0,1,1,1,1,1,1,0,0,0,22724,0,0,0,0,0,0,0,0,3
1.420500,37.76,41.572,24.930,435,329,72.000,71,72,18.000,39.000,55.000,304,194,311,160,140,140,140,140,140,140,1,0,0,3,30,1,28.000,1,1,3,3,106,1,0,0,27,0,0,107,1,0,2,0,1,1,1,1,1,1,0,0,0,22728,0,0,0,0,0,0,0,0,3
1.420750,37.87,41.587,24.930,435,330,72.000,71,72,18.000,39.000,55.000,304,195,312,160,140,140,140,140,140,140,1,0,0,3,30,1,28.000,1,1,3,3,106,1,0,0,27,0,0,107,1,0,2,0,1,1,1,1,1,1,0,0,0,22732,0,0,0,0,0,0,0,0,3
1.421000,37.98,41.602,24.930,436,330,72.000,71,72,18.000,39.000,55.000,304,195,312,160,140,140,140,140,140,140,1,0,0,3,30,1,28.000,1,1,3,3,106,1,0,0,27,0,0,107,1,0,2,0,1,1,1,1,1,1,0,0,0,22736,0,0,0,0,0,0,0,0,3
1.421250,38.09,41.617,24.980,436,330,72.000,71,72,18.000,39.000,55.000,304,195,312,160,140,140,140,140,140,140,1,0,0,3,30,1,28.000,1,1,3,3,106,1,0,0,27,0,0,107,1,0,2,0,1,1,1,1,1,1,0,0,0,22740,0,0,0,0,0,0,0,0,3
1.421500,38.20,41.631,24.980,436,330,72.000,71,72,18.000,39.000,55.000,304,195,312,160,140,140,140,140,140,140,1,0,0,3,30,1,28.000,1,1,3,3,106,1,0,0,27,0,0,107,1,0,2,0,1,1,1,1,1,1,0,0,0,22744,0,0,0,0,0,0,0,0,3
1.421750,38.30,41.646,24.980,437,331,72.000,71,72,18.000,39.000,55.000,304,195,313,160,140,140,140,140,140,140,1,0,0,3,30,1,28.000,1,1,3,3,106,1,0,0,27,0,0,107,1,0,2,0,1,1,1,1,1,1,0,0,0,22748,0,0,0,0,0,0,0,0,3
1.422000,38.41,41.660,24.980,437,331,72.000,71,72,18.000,39.000,55.000,304,195,313,160,140,140,140,140,140,140,1,0,0,3,30,1,28.000,1,1,3,3,106,1,0,0,27,0,0,107,1,0,2,0,1,1,1,1,1,1,0,0,0,22752,0,0,0,0,0,0,0,0,3
1.422250,38.52,41.674,24.980,437,331,72.000,71,72,18.000,39.000,55.000,304,195,313,160,140,140,140,140,140,140,1,0,0,3,30,1,28.000,1,1,3,3,106,1,0,0,27,0,0,107,1,0,2,0,1,1,1,1,1,1,0,0,0,22756,0,0,0,0,0,0,0,0,3
1.422500,38.63,41.688,24.980,438,331,72.000,71,72,18.000,39.000,55.000,304,195,313,160,140,140,140,140,140,140,1,0,0,3,30,1,28.000,1,1,3,3,106,1,0,0,27,0,0,107,1,0,2,0,1,1,1,1,1,1,0,0,0,22760,0,0,0,0,0,0,0,0,3
1.422750,38.74,41.702,24.980,438,331,72.000,71,72,18.000,39.000,55.000,304,195,313,160,140,140,140,140,140,140,1,0,0,3,30,1,28.000,1,1,3,3,106,1,0,0,27,0,0,107,1,0,2,0,1,1,1,1,1,1,0,0,0,22764,0,0,0,0,0,0,0,0,3
1.423000,38.84,41.715,25.040,438,332,72.000,71,72,18.000,39.000,55.000,305,196,314,160,141,141,141,141,141,141,1,0,0,3,30,1,28.000,1,1,3,3,106,1,0,0,27,0,0,107,1,0,2,0,1,1,1,1,1,1,0,0,0,22768,0,0,0,0,0,0,0,0,3
1.423250,38.95,41.728,25.040,439,332,72.000,71,72,18.000,39.000,55.000,305,196,314,160,141,141,141,141,141,141,1,0,0,3,30,1,28.000,1,1,3,3,106,1,0,0,27,0,0,107,1,0,2,0,1,1,1,1,1,1,0,0,0,22772,0,0,0,0,0,0,0,0,3
1.423500,39.06,41.742,25.040,439,332,72.000,71,72,18.000,39.000,55.000,305,196,314,160,141,141,141,141,141,141,1,0,0,3,30,1,28.000,1,1,3,3,106,1,0,0,27,0,0,107,1,0,2,0,1,1,1,1,1,1,0,0,0,22776,0,0,0,0,0,0,0,0,3
1.423750,39.17,41.755,25.040,439,332,72.000,71,72,18.000,39.000,55.000,305,196,314,160,141,141,141,141,141,141,1,0,0,3,30,1,28.000,1,1,3,3,106,1,0,0,27,0,0,107,1,0,2,0,1,1,1,1,1,1,0,0,0,22780,0,0,0,0,0,0,0,0,3
1.424000,39.28,41.767,25.040,440,333,72.000,71,72,18.000,39.000,55.000,305,197,315,160,141,141,141,141,141,141,1,0,0,3,30,1,28.000,1,1,3,3,106,1,0,0,27,0,0,107,1,0,2,0,1,1,1,1,1,1,0,0,0,22784,0,0,0,0,0,0,0,0,3
1.424250,39.38,41.780,25.040,440,333,72.000,71,72,18.000,39.000,55.000,305,197,315,160,141,141,141,141,141,141,1,0,0,3,30,1,28.000,1,1,3,3,106,1,0,0,27,0,0,107,1,0,2,0,1,1,1,1,1,1,0,0,0,22788,0,0,0,0,0,0,0,0,3
1.424500,39.49,41.792,25.090,440,333,72.000,71,72,18.000,39.000,55.000,306,197,315,160,141,141,141,141,141,141,1,0,0,3,30,1,28.000,1,1,3,3,106,1,0,0,27,0,0,107,1,0,2,0,1,1,1,1,1,1,0,0,0,22792,0,0,0,0,0,0,0,0,3
1.424750,39.60,41.805,25.090,441,333,72.000,71,72,18.000,39.000,55.000,306,197,315,160,141,141,141,141,141,141,1,0,0,3,30,1,28.000,1,1,3,3,106,1,0,0,27,0,0,107,1,0,2,0,1,1,1,1,1,1,0,0,0,22796,0,0,0,0,0,0,0,0,3
1.425000,39.71,41.817,25.090,441,333,72.000,71,72,18.000,39.000,55.000,306,197,315,160,141,141,141,141,141,141,1,0,0,3,30,1,28.000,1,1,3,3,106,1,0,0,27,0,0,107,1,0,2,0,1,1,1,1,1,1,0,0,0,22800,0,0,0,0,0,0,0,0,3
1.425250,39.82,41.829,25.090,441,334,72.000,71,72,18.000,39.000,55.000,306,197,316,160,142,142,142,142,142,142,1,0,0,3,30,1,28.000,1,1,3,3,106,1,0,0,27,0,0,107,1,0,2,0,1,1,1,1,1,1,0,0,0,22804,0,0,0,0,0,0,0,0,3
1.425500,39.92,41.840,25.090,442,334,72.000,71,72,18.000,39.000,55.000,306,197,316,160,142,142,142,142,142,142,1,0,0,3,30,1,28.000,1,1,3,3,106,1,0,0,27,0,0,107,1,0,2,0,1,1,1,1,1,1,0,0,0,22808,0,0,0,0,0,0,0,0,3
1.425750,40.03,41.852,25.090,442,334,72.000,71,72,18.000,39.000,55.000,306,197,316,160,142,142,142,142,142,142,1,0,0,3,30,1,28.000,1,1,3,3,106,1,0,0,27,0,0,107,1,0,2,0,1,1,1,1,1,1,0,0,0,22812,0,0,0,0,0,0,0,0,3
1.426000,40.14,41.863,25.090,442,334,72.000,71,72,18.000,39.000,55.000,306,197,316,160,142,142,142,142,142,142,1,0,0,3,30,1,28.000,1,1,3,3,106,1,0,0,27,0,0,107,1,0,2,0,1,1,1,1,1,1,0,0,0,22816,0,0,0,0,0,0,0,0,3
1.426250,40.25,41.874,25.150,443,335,72.000,71,72,18.000,39.000,55.000,306,198,317,160,142,142,142,142,142,142,1,0,0,3,30,1,28.000,1,1,3,3,106,1,0,0,27,0,0,107,1,0,2,0,1,1,1,1,1,1,0,0,0,22820,0,0,0,0,0,0,0,0,3
1.426500,40.36,41.885,25.150,443,335,72.000,71,72,18.000,39.000,55.000,306,198,317,160,142,142,142,142,142,142,1,0,0,3,30,1,28.000,1,1,3,3,106,1,0,0,27,0,0,107,1,0,2,0,1,1,1,1,1,1,0,0,0,22824,0,0,0,0,0,0,0,0,3
1.426750,40.46,41.896,25.150,443,335,72.000,71,72,18.000,39.000,55.000,306,198,317,160,142,142,142,142,142,142,1,0,0,3,30,1,28.000,1,1,3,3,106,1,0,0,27,0,0,107,1,0,2,0,1,1,1,1,1,1,0,0,0,22828,0,0,0,0,0,0,0,0,3
1.427000,40.57,41.907,25.150,444,335,72.000,71,72,18.000,39.000,55.000,306,198,317,160,142,142,142,142,142,142,1,0,0,3,30,1,28.000,1,1,3,3,106,1,0,0,27,0,0,107,1,0,2,0,1,1,1,1,1,1,0,0,0,22832,0,0,0,0,0,0,0,0,3
1.427250,40.68,41.917,25.150,444,335,72.000,71,72,18.000,39.000,55.000,306,198,317,160,142,142,142,142,142,142,1,0,0,3,30,1,28.000,1,1,3,3,106,1,0,0,27,0,0,107,1,0,2,0,1,1,1,1,1,1,0,0,0,22836,0,0,0,0,0,0,0,0,3
1.427500,40.79,41.927,25.150,444,336,72.000,71,72,18.000,39.000,55.000,306,199,318,160,143,143,143,143,143,143,1,0,0,3,30,1,28.000,1,1,3,3,106,1,0,0,27,0,0,107,1,0,2,0,1,1,1,1,1,1,0,0,0,22840,0,0,0,0,0,0,0,0,3
1.427750,40.90,41.937,25.150,444,336,72.000,71,72,18.000,39.000,55.000,306,199,318,160,143,143,143,143,143,143,1,0,0,3,30,1,28.000,1,1,3,3,106,1,0,0,27,0,0,107,1,0,2,0,1,1,1,1,1,1,0,0,0,22844,0,0,0,0,0,0,0,0,3
1.428000,41.00,41.947,25.150,445,336,72.000,71,72,18.000,39.000,55.000,306,199,318,160,143,143,143,143,143,143,1,0,0,3,30,1,28.000,1,1,3,3,106,1,0,0,27,0,0,107,1,0,2,0,1,1,1,1,1,1,0,0,0,22848,0,0,0,0,0,0,0,0,3
1.428250,41.11,41.957,25.150,445,336,72.000,71,72,18.000,39.000,55.000,306,199,318,160,143,143,143,143,143,143,1,0,0,3,30,1,28.000,1,1,3,3,106,1,0,0,27,0,0,107,1,0,2,0,1,1,1,1,1,1,0,0,0,22852,0,0,0,0,0,0,0,0,3
1.428500,41.22,41.967,25.150,445,337,72.000,71,72,18.000,39.000,55.000,306,199,319,160,143,143,143,143,143,143,1,0,0,3,30,1,28.000,1,1,3,3,106,1,0,0,27,0,0,107,1,0,2,0,1,1,1,1,1,1,0,0,0,22856,0,0,0,0,0,0,0,0,3
1.428750,41.33,41.976,25.200,446,337,72.000,71,72,18.000,39.000,55.000,307,199,319,160,143,143,143,143,143,143,1,0,0,3,30,1,28.000,1,1,1,1,107,1,0,0,28,0,0,108,1,0,2,0,1,1,1,1,1,1,0,0,0,22860,0,0,0,0,0,0,0,0,3
1.429000,41.44,41.985,25.200,446,337,72.000,71,72,18.000,39.000,55.000,307,199,319,160,143,143,143,143,143,143,1,0,0,3,30,1,28.000,1,1,1,1,107,1,0,0,28,0,0,108,1,0,2,0,1,1,1,1,1,1,0,0,0,22864,0,0,0,0,0,0,0,0,3
1.429250,41.54,41.994,25.200,446,337,72.000,71,72,18.000,39.000,55.000,307,199,319,160,143,143,143,143,143,143,1,0,0,3,30,1,28.000,1,1,1,1,107,1,0,0,28,0,0,108,1,0,2,0,1,1,1,1,1,1,0,0,0,22868,0,0,0,0,0,0,0,0,3
1.429500,41.65,42.003,25.200,447,337,72.000,71,72,18.000,39.000,55.000,307,199,319,160,143,143,143,143,143,143,1,0,0,3,30,1,28.000,1,1,1,1,107,1,0,0,28,0,0,108,1,0,2,0,1,1,1,1,1,1,0,0,0,22872,0,0,0,0,0,0,0,0,3
1.429750,41.76,42.011,25.200,447,338,72.000,71,72,18.000,39.000,55.000,307,200,320,160,144,144,144,144,144,144,1,0,0,3,30,1,28.000,1,1,1,1,107,1,0,0,28,0,0,108,1,0,2,0,1,1,1,1,1,1,0,0,0,22876,0,0,0,0,0,0,0,0,3
1.430000,41.87,42.020,25.200,447,338,72.000,71,72,18.000,39.000,55.000,307,200,320,160,144,144,144,144,144,144,1,0,0,3,30,1,28.000,1,1,1,1,107,1,0,0,28,0,0,108,1,0,2,0,1,1,1,1,1,1,0,0,0,22880,0,0,0,0,0,0,0,0,3
1.430250,41.98,42.028,25.200,448,338,72.000,71,72,18.000,39.000,55.000,307,200,320,160,144,144,144,144,144,144,1,0,0,3,30,1,28.000,1,1,1,1,107,1,0,0,28,0,0,108,1,0,2,0,1,1,1,1,1,1,0,0,0,22884,0,0,0,0,0,0,0,0,3
1.430500,42.08,42.036,25.200,448,338,72.000,71,72,18.000,39.000,55.000,307,200,320,160,144,144,144,144,144,144,1,0,0,3,30,1,28.000,1,1,1,1,107,1,0,0,28,0,0,108,1,0,2,0,1,1,1,1,1,1,0,0,0,22888,0,0,0,0,0,0,0,0,3
1.430750,42.19,42.044,25.200,448,339,72.000,71,72,18.000,39.000,55.000,307,201,321,160,144,144,144,144,144,144,1,0,0,3,30,1,28.000,1,1,1,1,107,1,0,0,28,0,0,108,1,0,2,0,1,1,1,1,1,1,0,0,0,22892,0,0,0,0,0,0,0,0,3
1.431000,42.30,42.052,25.200,448,339,72.000,71,72,18.000,39.000,55.000,307,201,321,160,144,144,144,144,144,144,1,0,0,3,30,1,28.000,1,1,1,1,107,1,0,0,28,0,0,108,1,0,2,0,1,1,1,1,1,1,0,0,0,22896,0,0,0,0,0,0,0,0,3
1.431250,42.41,42.059,25.260,449,339,72.000,71,72,18.000,39.000,55.000,308,201,321,160,144,144,144,144,144,144,1,0,0,3,30,1,28.000,1,1,1,1,107,1,0,0,28,0,0,108,1,0,2,0,1,1,1,1,1,1,0,0,0,22900,0,0,0,0,0,0,0,0,3
1.431500,42.52,42.066,25.260,449,339,72.000,71,72,18.000,39.000,55.000,308,201,321,160,144,144,144,144,144,144,1,0,0,3,30,1,28.000,1,1,1,1,107,1,0,0,28,0,0,108,1,0,2,0,1,1,1,1,1,1,0,0,0,22904,0,0,0,0,0,0,0,0,3
1.431750,42.62,42.074,25.260,449,340,72.000,71,72,18.000,39.000,55.000,308,201,322,160,145,145,145,145,145,145,1,0,0,3,30,1,28.000,1,1,1,1,107,1,0,0,28,0,0,108,1,0,2,0,1,1,1,1,1,1,0,0,0,22908,0,0,0,0,0,0,0,0,3
1.432000,42.73,42.081,25.260,450,340,72.000,71,72,18.000,39.000,55.000,308,201,322,160,145,145,145,145,145,145,1,0,0,3,30,1,28.000,1,1,1,1,107,1,0,0,28,0,0,108,1,0,2,0,1,1,1,1,1,1,0,0,0,22912,0,0,0,0,0,0,0,0,3
1.432250,42.84,42.087,25.260,450,340,72.000,71,72,18.000,39.000,55.000,308,201,322,160,145,145,145,145,145,145,1,0,0,3,30,1,28.000,1,1,1,1,107,1,0,0,28,0,0,108,1,0,2,0,1,1,1,1,1,1,0,0,0,22916,0,0,0,0,0,0,0,0,3
1.432500,42.95,42.094,25.260,450,340,72.000,71,72,18.000,39.000,55.000,308,201,322,160,145,145,145,145,145,145,1,0,0,3,30,1,28.000,1,1,1,1,107,1,0,0,28,0,0,108,1,0,2,0,1,1,1,1,1,1,0,0,0,22920,0,0,0,0,0,0,0,0,3
1.432750,43.06,42.100,25.260,450,340,72.000,71,72,18.000,39.000,55.000,308,201,322,160,145,145,145,145,145,145,1,0,0,3,30,1,28.000,1,1,1,1,107,1,0,0,28,0,0,108,1,0,2,0,1,1,1,1,1,1,0,0,0,22924,0,0,0,0,0,0,0,0,3
1.433000,43.16,42.106,25.260,451,341,72.000,71,72,18.000,39.000,55.000,308,202,324,160,145,145,145,145,145,145,1,0,0,3,30,1,28.000,1,1,1,1,107,1,0,0,28,0,0,108,1,0,2,0,1,1,1,1,1,1,0,0,0,22928,0,0,0,0,0,0,0,0,3
1.433250,43.27,42.113,25.260,451,341,72.000,71,72,18.000,39.000,55.000,308,202,324,160,145,145,145,145,145,145,1,0,0,3,30,1,28.000,1,1,1,1,107,1,0,0,28,0,0,108,1,0,2,0,1,1,1,1,1,1,0,0,0,22932,0,0,0,0,0,0,0,0,3
1.433500,43.38,42.118,25.260,451,341,72.000,71,72,18.000,39.000,55.000,308,202,324,160,145,145,145,145,145,145,1,0,0,3,30,1,28.000,1,1,1,1,107,1,0,0,28,0,0,108,1,0,2,0,1,1,1,1,1,1,0,0,0,22936,0,0,0,0,0,0,0,0,3
1.433750,43.49,42.124,25.260,452,341,72.000,71,72,18.000,39.000,55.000,308,202,324,160,145,145,145,145,145,145,1,0,0,3,30,1,28.000,1,1,1,1,107,1,0,0,28,0,0,108,1,0,2,0,1,1,1,1,1,1,0,0,0,22940,0,0,0,0,0,0,0,0,3
1.434000,43.60,42.130,25.260,452,342,72.000,71,72,18.000,39.000,55.000,308,203,325,160,146,146,146,146,146,146,1,0,0,3,30,1,28.000,1,1,1,1,107,1,0,0,28,0,0,108,1,0,2,0,1,1,1,1,1,1,0,0,0,22944,0,0,0,0,0,0,0,0,3
1.434250,43.70,42.135,25.260,452,342,72.000,71,72,18.000,39.000,55.000,308,203,325,160,146,146,146,146,146,146,1,0,0,3,30,1,28.000,1,1,1,1,107,1,0,0,28,0,0,108,1,0,2,0,1,1,1,1,1,1,0,0,0,22948,0,0,0,0,0,0,0,0,3
1.434500,43.81,42.140,25.260,452,342,72.000,71,72,18.000,39.000,55.000,308,203,325,160,146,146,146,146,146,146,1,0,0,3,30,1,28.000,1,1,1,1,107,1,0,0,28,0,0,108,1,0,2,0,1,1,1,1,1,1,0,0,0,22952,0,0,0,0,0,0,0,0,3
1.434750,43.92,42.145,25.260,453,342,72.000,71,72,18.000,39.000,55.000,308,203,325,160,146,146,146,146,146,146,1,0,0,3,30,1,28.000,1,1,1,1,107,1,0,0,28,0,0,108,1,0,2,0,1,1,1,1,1,1,0,0,0,22956,0,0,0,0,0,0,0,0,3
1.435000,44.03,42.150,25.260,453,342,72.000,71,72,18.000,39.000,55.000,308,203,325,160,146,146,146,146,146,146,1,0,0,3,30,1,28.000,1,1,1,1,107,1,0,0,28,0,0,108,1,0,2,0,1,1,1,1,1,1,0,0,0,22960,0,0,0,0,0,0,0,0,3
1.435250,44.14,42.154,25.310,453,343,72.000,71,72,18.000,39.000,55.000,308,203,326,160,146,146,146,146,146,146,1,0,0,3,30,1,28.000,1,1,1,1,107,1,0,0,28,0,0,108,1,0,2,0,1,1,1,1,1,1,0,0,0,22964,0,0,0,0,0,0,0,0,3
1.435500,44.24,42.158,25.310,453,343,72.000,71,72,18.000,39.000,55.000,308,203,326,160,146,146,146,146,146,146,1,0,0,3,30,1,28.000,1,1,1,1,107,1,0,0,28,0,0,108,1,0,2,0,1,1,1,1,1,1,0,0,0,22968,0,0,0,0,0,0,0,0,3
1.435750,44.35,42.163,25.310,454,343,72.000,71,72,18.000,39.000,55.000,308,203,326,160,146,146,146,146,146,146,1,0,0,3,30,1,28.000,1,1,1,1,107,1,0,0,28,0,0,108,1,0,2,0,1,1,1,1,1,1,0,0,0,22972,0,0,0,0,0,0,0,0,3
1.436000,44.46,42.167,25.310,454,343,72.000,71,72,18.000,39.000,55.000,308,203,326,160,146,146,146,146,146,146,1,0,0,3,30,1,28.000,1,1,1,1,107,1,0,0,28,0,0,108,1,0,2,0,1,1,1,1,1,1,0,0,0,22976,0,0,0,0,0,0,0,0,3
1.436250,44.57,42.170,25.310,454,344,72.000,71,72,18.000,39.000,55.000,308,204,327,160,147,147,147,147,147,147,1,0,0,3,30,1,28.000,1,1,1,1,107,1,0,0,28,0,0,108,1,0,2,0,1,1,1,1,1,1,0,0,0,22980,0,0,0,0,0,0,0,0,3
1.436500,44.68,42.174,25.310,454,344,72.000,71,72,18.000,39.000,55.000,308,204,327,160,147,147,147,147,147,147,1,0,0,3,30,1,28.000,1,1,1,1,107,1,0,0,28,0,0,108,1,0,2,0,1,1,1,1,1,1,0,0,0,22984,0,0,0,0,0,0,0,0,3
1.436750,44.78,42.178,25.310,455,344,72.000,71,72,18.000,39.000,55.000,308,204,327,160,147,147,147,147,147,147,1,0,0,3,30,1,28.000,1,1,1,1,107,1,0,0,28,0,0,108,1,0,2,0,1,1,1,1,1,1,0,0,0,22988,0,0,0,0,0,0,0,0,3
1.437000,44.89,42.181,25.310,455,344,72.000,71,72,18.000,39.000,55.000,308,204,327,160,147,147,147,147,147,147,1,0,0,3,30,1,28.000,1,1,1,1,107,1,0,0,28,0,0,108,1,0,2,0,1,1,1,1,1,1,0,0,0,22992,0,0,0,0,0,0,0,0,3
1.437250,45.00,42.184,25.310,455,345,72.000,71,72,18.000,39.000,55.000,308,205,328,160,147,147,147,147,147,147,1,0,0,3,30,1,28.000,1,1,1,1,107,1,0,0,28,0,0,108,1,0,2,0,1,1,1,1,1,1,0,0,0,22996,0,0,0,0,0,0,0,0,3
1.437500,45.11,42.187,25.310,455,345,72.000,71,72,18.000,39.000,55.000,308,205,328,160,147,147,147,147,147,147,1,0,0,3,30,1,28.000,1,1,0,0,108,1,0,0,29,0,0,109,1,0,2,0,1,1,1,1,1,1,0,0,0,23000,0,0,0,0,0,0,0,0,3
1.437750,45.22,42.190,25.310,456,345,72.000,71,72,18.000,39.000,55.000,308,205,328,160,147,147,147,147,147,147,1,0,0,3,30,1,28.000,1,1,0,0,108,1,0,0,29,0,0,109,1,0,2,0,1,1,1,1,1,1,0,0,0,23004,0,0,0,0,0,0,0,0,3
1.438000,45.32,42.192,25.310,456,345,72.000,71,72,18.000,39.000,55.000,308,205,328,160,147,147,147,147,147,147,1,0,0,3,30,1,28.000,1,1,0,0,108,1,0,0,29,0,0,109,1,0,2,0,1,1,1,1,1,1,0,0,0,23008,0,0,0,0,0,0,0,0,3
1.438250,45.43,42.194,25.310,456,345,72.000,71,72,18.000,39.000,55.000,308,205,328,160,147,147,147,147,147,147,1,0,0,3,30,1,28.000,1,1,0,0,108,1,0,0,29,0,0,109,1,0,2,0,1,1,1,1,1,1,0,0,0,23012,0,0,0,0,0,0,0,0,3
1.438500,45.54,42.197,25.310,456,346,72.000,71,72,18.000,39.000,55.000,308,205,329,160,148,148,148,148,148,148,1,0,0,3,30,1,28.000,1,1,0,0,108,1,0,0,29,0,0,109,1,0,2,0,1,1,1,1,1,1,0,0,0,23016,0,0,0,0,0,0,0,0,3
1.438750,45.65,42.199,25.310,457,346,72.000,71,72,18.000,39.000,55.000,308,205,329,160,148,148,148,148,148,148,1,0,0,3,30,1,28.000,1,1,0,0,108,1,0,0,29,0,0,109,1,0,2,0,1,1,1,1,1,1,0,0,0,23020,0,0,0,0,0,0,0,0,3
1.439000,45.76,42.200,25.310,457,346,72.000,71,72,18.000,39.000,55.000,308,205,329,160,148,148,148,148,148,148,1,0,0,3,30,1,28.000,1,1,0,0,108,1,0,0,29,0,0,109,1,0,2,0,1,1,1,1,1,1,0,0,0,23024,0,0,0,0,0,0,0,0,3
1.439250,45.86,42.202,25.310,457,346,72.000,71,72,18.000,39.000,55.000,308,205,329,160,148,148,148,148,148,148,1,0,0,3,30,1,28.000,1,1,0,0,108,1,0,0,29,0,0,109,1,0,2,0,1,1,1,1,1,1,0,0,0,23028,0,0,0,0,0,0,0,0,3
1.439500,45.97,42.203,25.310,457,347,72.000,71,72,18.000,39.000,55.000,308,206,330,160,148,148,148,148,148,148,1,0,0,3,30,1,28.000,1,1,0,0,108,1,0,0,29,0,0,109,1,0,2,0,1,1,1,1,1,1,0,0,0,23032,0,0,0,0,0,0,0,0,3
1.439750,46.08,42.205,25.310,458,347,72.000,71,72,18.000,39.000,55.000,308,206,330,160,148,148,148,148,148,148,1,0,0,3,30,1,28.000,1,1,0,0,108,1,0,0,29,0,0,109,1,0,2,0,1,1,1,1,1,1,0,0,0,23036,0,0,0,0,0,0,0,0,3
1.440000,46.19,42.206,25.310,458,347,72.000,71,72,18.000,39.000,55.000,308,206,330,160,148,148,148,148,148,148,1,0,0,3,30,1,28.000,1,1,0,0,108,1,0,0,29,0,0,109,1,0,2,0,1,1,1,1,1,1,0,0,0,23040,0,0,0,0,0,0,0,0,3
1.440250,46.30,42.206,25.310,458,347,72.000,71,72,18.000,39.000,55.000,308,206,330,160,148,148,148,148,148,148,1,0,0,3,30,1,28.000,1,1,0,0,108,1,0,0,29,0,0,109,1,0,2,0,1,1,1,1,1,1,0,0,0,23044,0,0,0,0,0,0,0,0,3
1.440500,46.40,42.207,25.310,458,348,72.000,71,72,18.000,39.000,55.000,308,207,331,160,149,149,149,149,149,149,1,0,0,3,30,1,28.000,1,1,0,0,108,1,0,0,29,0,0,109,1,0,2,0,1,1,1,1,1,1,0,0,0,23048,0,0,0,0,0,0,0,0,3
1.440750,46.51,42.208,25.310,459,348,72.000,71,72,18.000,39.000,55.000,308,207,331,160,149,149,149,149,149,149,1,0,0,3,30,1,28.000,1,1,0,0,108,1,0,0,29,0,0,109,1,0,2,0,1,1,1,1,1,1,0,0,0,23052,0,0,0,0,0,0,0,0,3
1.441000,46.62,42.208,25.310,459,348,72.000,71,72,18.000,39.000,55.000,308,207,331,160,149,149,149,149,149,149,1,0,0,3,30,1,28.000,1,1,0,0,108,1,0,0,29,0,0,109,1,0,2,0,1,1,1,1,1,1,0,0,0,23056,0,0,0,0,0,0,0,0,3
1.441250,46.73,42.208,25.310,459,348,72.000,71,72,18.000,39.000,55.000,308,207,331,160,149,149,149,149,149,149,1,0,0,3,30,1,28.000,1,1,0,0,108,1,0,0,29,0,0,109,1,0,2,0,1,1,1,1,1,1,0,0,0,23060,0,0,0,0,0,0,0,0,3
1.441500,46.84,42.208,25.310,459,348,72.000,71,72,18.000,39.000,55.000,308,207,331,160,149,149,149,149,149,149,1,0,0,3,30,1,28.000,1,1,0,0,108,1,0,0,29,0,0,109,1,0,2,0,1,1,1,1,1,1,0,0,0,23064,0,0,0,0,0,0,0,0,3
1.441750,46.94,42.208,25.310,460,349,72.000,71,72,18.000,39.000,55.000,308,207,332,160,149,149,149,149,149,149,1,0,0,3,30,1,28.000,1,1,0,0,108,1,0,0,29,0,0,109,1,0,2,0,1,1,1,1,1,1,0,0,0,23068,0,0,0,0,0,0,0,0,3
1.442000,47.05,42.207,25.310,460,349,72.000,71,72,18.000,39.000,55.000,308,207,332,160,149,149,149,149,149,149,1,0,0,3,30,1,28.000,1,1,0,0,108,1,0,0,29,0,0,109,1,0,2,0,1,1,1,1,1,1,0,0,0,23072,0,0,0,0,0,0,0,0,3
1.442250,47.16,42.207,25.310,460,349,72.000,71,72,18.000,39.000,55.000,308,207,332,160,149,149,149,149,149,149,1,0,0,3,30,1,28.000,1,1,0,0,108,1,0,0,29,0,0,109,1,0,2,0,1,1,1,1,1,1,0,0,0,23076,0,0,0,0,0,0,0,0,3
1.442500,47.27,42.206,25.310,460,349,72.000,71,72,18.000,39.000,55.000,308,207,332,160,149,149,149,149,149,149,1,0,0,3,30,1,28.000,1,1,0,0,108,1,0,0,29,0,0,109,1,0,2,0,1,1,1,1,1,1,0,0,0,23080,0,0,0,0,0,0,0,0,3
1.442750,47.38,42.205,25.310,460,350,72.000,71,72,18.000,39.000,55.000,308,208,333,160,150,150,150,150,150,150,1,0,0,3,30,1,28.000,1,1,0,0,108,1,0,0,29,0,0,109,1,0,2,0,1,1,1,1,1,1,0,0,0,23084,0,0,0,0,0,0,0,0,3
1.443000,47.48,42.204,25.310,461,350,72.000,71,72,18.000,39.000,55.000,308,208,333,160,150,150,150,150,150,150,1,0,0,3,30,1,28.000,1,1,0,0,108,1,0,0,29,0,0,109,1,0,2,0,1,1,1,1,1,1,0,0,0,23088,0,0,0,0,0,0,0,0,3
1.443250,47.59,42.202,25.310,461,350,72.000,71,72,18.000,39.000,55.000,308,208,333,160,150,150,150,150,150,150,1,0,0,3,30,1,28.000,1,1,0,0,108,1,0,0,29,0,0,109,1,0,2,0,1,1,1,1,1,1,0,0,0,23092,0,0,0,0,0,0,0,0,3
1.443500,47.70,42.201,25.310,461,350,72.000,71,72,18.000,39.000,55.000,308,208,333,160,150,150,150,150,150,150,1,0,0,3,30,1,28.000,1,1,0,0,108,1,0,0,29,0,0,109,1,0,2,0,1,1,1,1,1,1,0,0,0,23096,0,0,0,0,0,0,0,0,3
1.443750,47.81,42.199,25.310,461,351,72.000,71,72,18.000,39.000,55.000,308,209,334,160,150,150,150,150,150,150,1,0,0,3,30,1,28.000,1,1,0,0,108,1,0,0,29,0,0,109,1,0,2,0,1,1,1,1,1,1,0,0,0,23100,0,0,0,0,0,0,0,0,3
1.444000,47.92,42.197,25.310,461,351,72.000,71,72,18.000,39.000,55.000,308,209,334,160,150,150,150,150,150,150,1,0,0,3,30,1,28.000,1,1,0,0,108,1,0,0,29,0,0,109,1,0,2,0,1,1,1,1,1,1,0,0,0,23104,0,0,0,0,0,0,0,0,3
1.444250,48.02,42.195,25.310,462,351,72.000,71,72,18.000,39.000,55.000,308,209,334,160,150,150,150,150,150,150,1,0,0,3,30,1,28.000,1,1,0,0,108,1,0,0,29,0,0,109,1,0,2,0,1,1,1,1,1,1,0,0,0,23108,0,0,0,0,0,0,0,0,3
1.444500,48.13,42.193,25.310,462,351,72.000,71,72,18.000,39.000,55.000,308,209,334,160,150,150,150,150,150,150,1,0,0,3,30,1,28.000,1,1,0,0,108,1,0,0,29,0,0,109,1,0,2,0,1,1,1,1,1,1,0,0,0,23112,0,0,0,0,0,0,0,0,3
1.444750,48.24,42.190,25.310,462,351,72.000,71,72,18.000,39.000,55.000,308,209,334,160,150,150,150,150,150,150,1,0,0,3,30,1,28.000,1,1,0,0,108,1,0,0,29,0,0,109,1,0,2,0,1,1,1,1,1,1,0,0,0,23116,0,0,0,0,0,0,0,0,3
1.445000,48.35,42.188,25.310,462,352,72.000,71,72,18.000,39.000,55.000,308,209,335,160,151,151,151,151,151,151,1,0,0,3,30,1,28.000,1,1,0,0,108,1,0,0,29,0,0,109,1,0,2,0,1,1,1,1,1,1,0,0,0,23120,0,0,0,0,0,0,0,0,3
1.445250,48.46,42.185,25.310,462,352,72.000,71,72,18.000,39.000,55.000,308,209,335,160,151,151,151,151,151,151,1,0,0,3,30,1,28.000,1,1,0,0,108,1,0,0,29,0,0,109,1,0,2,0,1,1,1,1,1,1,0,0,0,23124,0,0,0,0,0,0,0,0,3
1.445500,48.56,42.182,25.310,463,352,72.000,71,72,18.000,39.000,55.000,308,209,335,160,151,151,151,151,151,151,1,0,0,3,30,1,28.000,1,1,0,0,108,1,0,0,29,0,0,109,1,0,2,0,1,1,1,1,1,1,0,0,0,23128,0,0,0,0,0,0,0,0,3
1.445750,48.67,42.179,25.310,463,352,72.000,71,72,18.000,39.000,55.000,308,209,335,160,151,151,151,151,151,151,1,0,0,3,30,1,28.000,1,1,0,0,108,1,0,0,29,0,0,109,1,0,2,0,1,1,1,1,1,1,0,0,0,23132,0,0,0,0,0,0,0,0,3
1.446000,48.78,42.175,25.310,463,353,72.000,71,72,18.000,39.000,55.000,308,210,336,160,151,151,151,151,151,151,1,0,0,3,30,1,28.000,1,1,2,2,109,1,0,0,30,0,0,110,1,0,2,0,1,1,1,1,1,1,0,0,0,23136,0,0,0,0,0,0,0,0,3
1.446250,48.89,42.172,25.310,463,353,72.000,71,72,18.000,39.000,55.000,308,210,336,160,151,151,151,151,151,151,1,0,0,3,30,1,28.000,1,1,2,2,109,1,0,0,30,0,0,110,1,0,2,0,1,1,1,1,1,1,0,0,0,23140,0,0,0,0,0,0,0,0,3
1.446500,49.00,42.168,25.310,463,353,72.000,71,72,18.000,39.000,55.000,308,210,336,160,151,151,151,151,151,151,1,0,0,3,30,1,28.000,1,1,2,2,109,1,0,0,30,0,0,110,1,0,2,0,1,1,1,1,1,1,0,0,0,23144,0,0,0,0,0,0,0,0,3
1.446750,49.10,42.164,25.310,464,353,72.000,71,72,18.000,39.000,55.000,308,210,336,160,151,151,151,151,151,151,1,0,0,3,30,1,28.000,1,1,2,2,109,1,0,0,30,0,0,110,1,0,2,0,1,1,1,1,1,1,0,0,0,23148,0,0,0,0,0,0,0,0,3
1.447000,49.21,42.160,25.310,464,354,72.000,71,72,18.000,39.000,55.000,308,211,337,160,151,151,151,151,151,151,1,0,0,3,30,1,28.000,1,1,2,2,109,1,0,0,30,0,0,110,1,0,2,0,1,1,1,1,1,1,0,0,0,23152,0,0,0,0,0,0,0,0,3
1.447250,49.32,42.156,25.310,464,354,72.000,71,72,18.000,39.000,55.000,308,211,337,160,151,151,151,151,151,151,1,0,0,3,30,1,28.000,1,1,2,2,109,1,0,0,30,0,0,110,1,0,2,0,1,1,1,1,1,1,0,0,0,23156,0,0,0,0,0,0,0,0,3
1.447500,49.43,42.151,25.260,464,354,72.000,71,72,18.000,39.000,55.000,308,211,337,160,151,151,151,151,151,151,1,0,0,3,30,1,28.000,1,1,2,2,109,1,0,0,30,0,0,110,1,0,2,0,1,1,1,1,1,1,0,0,0,23160,0,0,0,0,0,0,0,0,3
1.447750,49.54,42.147,25.260,464,354,72.000,71,72,18.000,39.000,55.000,308,211,337,160,151,151,151,151,151,151,1,0,0,3,30,1,28.000,1,1,2,2,109,1,0,0,30,0,0,110,1,0,2,0,1,1,1,1,1,1,0,0,0,23164,0,0,0,0,0,0,0,0,3
1.448000,49.64,42.142,25.260,465,354,72.000,71,72,18.000,39.000,55.000,308,211,337,160,151,151,151,151,151,151,1,0,0,3,30,1,28.000,1,1,2,2,109,1,0,0,30,0,0,110,1,0,2,0,1,1,1,1,1,1,0,0,0,23168,0,0,0,0,0,0,0,0,3
1.448250,49.75,42.137,25.260,465,355,72.000,71,72,18.000,39.000,55.000,308,211,338,160,152,152,152,152,152,152,1,0,0,3,30,1,28.000,1,1,2,2,109,1,0,0,30,0,0,110,1,0,2,0,1,1,1,1,1,1,0,0,0,23172,0,0,0,0,0,0,0,0,3
1.448500,49.86,42.132,25.260,465,355,72.000,71,72,18.000,39.000,55.000,308,211,338,160,152,152,152,152,152,152,1,0,0,3,30,1,28.000,1,1,2,2,109,1,0,0,30,0,0,110,1,0,2,0,1,1,1,1,1,1,0,0,0,23176,0,0,0,0,0,0,0,0,3
1.448750,49.97,42.126,25.260,465,355,72.000,71,72,18.000,39.000,55.000,308,211,338,160,152,152,152,152,152,152,1,0,0,3,30,1,28.000,1,1,2,2,109,1,0,0,30,0,0,110,1,0,2,0,1,1,1,1,1,1,0,0,0,23180,0,0,0,0,0,0,0,0,3
1.449000,50.08,42.121,25.260,465,355,72.000,71,72,18.000,39.000,55.000,308,211,338,160,152,152,152,152,152,152,1,0,0,3,30,1,28.000,1,1,2,2,109,1,0,0,30,0,0,110,1,0,2,0,1,1,1,1,1,1,0,0,0,23184,0,0,0,0,0,0,0,0,3
1.449250,50.18,42.115,25.260,466,356,72.000,71,72,18.000,39.000,55.000,308,212,339,160,152,152,152,152,152,152,1,0,0,3,30,1,28.000,1,1,2,2,109,1,0,0,30,0,0,110,1,0,2,0,1,1,1,1,1,1,0,0,0,23188,0,0,0,0,0,0,0,0,3
1.449500,50.29,42.109,25.260,466,356,72.000,71,72,18.000,39.000,55.000,308,212,339,160,152,152,152,152,152,152,1,0,0,3,30,1,28.000,1,1,2,2,109,1,0,0,30,0,0,110,1,0,2,0,1,1,1,1,1,1,0,0,0,23192,0,0,0,0,0,0,0,0,3
1.449750,50.40,42.103,25.260,466,356,72.000,71,72,18.000,39.000,55.000,308,212,339,160,152,152,152,152,152,152,1,0,0,3,30,1,28.000,1,1,2,2,109,1,0,0,30,0,0,110,1,0,2,0,1,1,1,1,1,1,0,0,0,23196,0,0,0,0,0,0,0,0,3
1.450000,50.51,42.096,25.260,466,356,72.000,71,72,18.000,39.000,55.000,308,212,339,160,152,152,152,152,152,152,1,0,0,3,30,1,28.000,1,1,2,2,109,1,0,0,30,0,0,110,1,0,2,0,1,1,1,1,1,1,0,0,0,23200,0,0,0,0,0,0,0,0,3
1.450250,50.62,42.090,25.260,466,356,72.000,71,72,18.000,39.000,55.000,308,212,339,160,152,152,152,152,152,152,1,0,0,3,30,1,28.000,1,1,2,2,109,1,0,0,30,0,0,110,1,0,2,0,1,1,1,1,1,1,0,0,0,23204,0,0,0,0,0,0,0,0,3
1.450500,50.72,42.083,25.260,466,357,72.000,71,72,18.000,39.000,55.000,308,213,341,160,153,153,153,153,153,153,1,0,0,3,30,1,28.000,1,1,2,2,109,1,0,0,30,0,0,110,1,0,2,0,1,1,1,1,1,1,0,0,0,23208,0,0,0,0,0,0,0,0,3
1.450750,50.83,42.076,25.260,467,357,72.000,71,72,18.000,39.000,55.000,308,213,341,160,153,153,153,153,153,153,1,0,0,3,30,1,28.000,1,1,2,2,109,1,0,0,30,0,0,110,1,0,2,0,1,1,1,1,1,1,0,0,0,23212,0,0,0,0,0,0,0,0,3
1.451000,50.94,42.069,25.260,467,357,72.000,71,72,18.000,39.000,55.000,308,213,341,160,153,153,153,153,153,153,1,0,0,3,30,1,28.000,1,1,2,2,109,1,0,0,30,0,0,110,1,0,2,0,1,1,1,1,1,1,0,0,0,23216,0,0,0,0,0,0,0,0,3
1.451250,51.05,42.062,25.260,467,357,72.000,71,72,18.000,39.000,55.000,308,213,341,160,153,153,153,153,153,153,1,0,0,3,30,1,28.000,1,1,2,2,109,1,0,0,30,0,0,110,1,0,2,0,1,1,1,1,1,1,0,0,0,23220,0,0,0,0,0,0,0,0,3
1.451500,51.16,42.055,25.260,467,358,72.000,71,72,18.000,39.000,55.000,308,213,342,160,153,153,153,153,153,153,1,0,0,3,30,1,28.000,1,1,2,2,109,1,0,0,30,0,0,110,1,0,2,0,1,1,1,1,1,1,0,0,0,23224,0,0,0,0,0,0,0,0,3
1.451750,51.26,42.047,25.200,467,358,72.000,71,72,18.000,39.000,55.000,307,213,342,160,153,153,153,153,153,153,1,0,0,3,30,1,28.000,1,1,2,2,109,1,0,0,30,0,0,110,1,0,2,0,1,1,1,1,1,1,0,0,0,23228,0,0,0,0,0,0,0,0,3
1.452000,51.37,42.040,25.200,467,358,72.000,71,72,18.000,39.000,55.000,307,213,342,160,153,153,153,153,153,153,1,0,0,3,30,1,28.000,1,1,2,2,109,1,0,0,30,0,0,110,1,0,2,0,1,1,1,1,1,1,0,0,0,23232,0,0,0,0,0,0,0,0,3
1.452250,51.48,42.032,25.200,467,358,72.000,71,72,18.000,39.000,55.000,307,213,342,160,153,153,153,153,153,153,1,0,0,3,30,1,28.000,1,1,2,2,109,1,0,0,30,0,0,110,1,0,2,0,1,1,1,1,1,1,0,0,0,23236,0,0,0,0,0,0,0,0,3
1.452500,51.59,42.023,25.200,468,358,72.000,71,72,18.000,39.000,55.000,307,213,342,160,153,153,153,153,153,153,1,0,0,3,30,1,28.000,1,1,2,2,109,1,0,0,30,0,0,110,1,0,2,0,1,1,1,1,1,1,0,0,0,23240,0,0,0,0,0,0,0,0,3
1.452750,51.70,42.015,25.200,468,359,72.000,71,72,18.000,39.000,55.000,307,214,343,160,154,154,154,154,154,154,1,0,0,3,30,1,28.000,1,1,2,2,109,1,0,0,30,0,0,110,1,0,2,0,1,1,1,1,1,1,0,0,0,23244,0,0,0,0,0,0,0,0,3
1.453000,51.80,42.007,25.200,468,359,72.000,71,72,18.000,39.000,55.000,307,214,343,160,154,154,154,154,154,154,1,0,0,3,30,1,28.000,1,1,2,2,109,1,0,0,30,0,0,110,1,0,2,0,1,1,1,1,1,1,0,0,0,23248,0,0,0,0,0,0,0,0,3
1.453250,51.91,41.998,25.200,468,359,72.000,71,72,18.000,39.000,55.000,307,214,343,160,154,154,154,154,154,154,1,0,0,3,30,1,28.000,1,1,2,2,109,1,0,0,30,0,0,110,1,0,2,0,1,1,1,1,1,1,0,0,0,23252,0,0,0,0,0,0,0,0,3
1.453500,52.02,41.989,25.200,468,359,72.000,71,72,18.000,39.000,55.000,307,214,343,160,154,154,154,154,154,154,1,0,0,3,30,1,28.000,1,1,2,2,109,1,0,0,30,0,0,110,1,0,2,0,1,1,1,1,1,1,0,0,0,23256,0,0,0,0,0,0,0,0,3
1.453750,52.13,41.980,25.200,468,360,72.000,71,72,18.000,39.000,55.000,307,215,344,160,154,154,154,154,154,154,1,0,0,3,30,1,28.000,1,1,2,2,109,1,0,0,30,0,0,110,1,0,2,0,1,1,1,1,1,1,0,0,0,23260,0,0,0,0,0,0,0,0,3
1.454000,52.24,41.971,25.200,469,360,72.000,71,72,18.000,39.000,55.000,307,215,344,160,154,154,154,154,154,154,1,0,0,3,30,1,28.000,1,1,2,2,109,1,0,0,30,0,0,110,1,0,2,0,1,1,1,1,1,1,0,0,0,23264,0,0,0,0,0,0,0,0,3
1.454250,52.34,41.962,25.150,469,360,72.000,71,72,18.000,39.000,55.000,306,215,344,160,154,154,154,154,154,154,1,0,0,3,30,1,28.000,1,1,2,2,109,1,0,0,30,0,0,110,1,0,2,0,1,1,1,1,1,1,0,0,0,23268,0,0,0,0,0,0,0,0,3
1.454500,52.45,41.952,25.150,469,360,72.000,71,72,18.000,39.000,55.000,306,215,344,160,154,154,154,154,154,154,1,0,0,3,30,1,28.000,1,1,2,2,109,1,0,0,30,0,0,110,1,0,2,0,1,1,1,1,1,1,0,0,0,23272,0,0,0,0,0,0,0,0,3
1.454750,52.56,41.942,25.150,469,361,72.000,71,72,18.000,39.000,55.000,306,215,345,160,155,155,155,155,155,155,1,0,0,3,30,1,28.000,1,1,3,3,110,1,0,0,31,0,0,111,1,0,2,0,1,1,1,1,1,1,0,0,0,23276,0,0,0,0,0,0,0,0,3
1.455000,52.67,41.932,25.150,469,361,72.000,71,72,18.000,39.000,55.000,306,215,345,160,155,155,155,155,155,155,1,0,0,3,30,1,28.000,1,1,3,3,110,1,0,0,31,0,0,111,1,0,2,0,1,1,1,1,1,1,0,0,0,23280,0,0,0,0,0,0,0,0,3
1.455250,52.78,41.922,25.150,469,361,72.000,71,72,18.000,39.000,55.000,306,215,345,160,155,155,155,155,155,155,1,0,0,3,30,1,28.000,1,1,3,3,110,1,0,0,31,0,0,111,1,0,2,0,1,1,1,1,1,1,0,0,0,23284,0,0,0,0,0,0,0,0,3
1.455500,52.88,41.912,25.150,469,361,72.000,71,72,18.000,39.000,55.000,306,215,345,160,155,155,155,155,155,155,1,0,0,3,30,1,28.000,1,1,3,3,110,1,0,0,31,0,0,111,1,0,2,0,1,1,1,1,1,1,0,0,0,23288,0,0,0,0,0,0,0,0,3
1.455750,52.99,41.902,25.150,469,361,72.000,71,72,18.000,39.000,55.000,306,215,345,160,155,155,155,155,155,155,1,0,0,3,30,1,28.000,1,1,3,3,110,1,0,0,31,0,0,111,1,0,2,0,1,1,1,1,1,1,0,0,0,23292,0,0,0,0,0,0,0,0,3
1.456000,53.10,41.891,25.150,470,362,72.000,71,72,18.000,39.000,55.000,306,216,346,160,155,155,155,155,155,155,1,0,0,3,30,1,28.000,1,1,3,3,110,1,0,0,31,0,0,111,1,0,2,0,1,1,1,1,1,1,0,0,0,23296,0,0,0,0,0,0,0,0,3
1.456250,53.21,41.880,25.150,470,362,72.000,71,72,18.000,39.000,55.000,306,216,346,160,155,155,155,155,155,155,1,0,0,3,30,1,28.000,1,1,3,3,110,1,0,0,31,0,0,111,1,0,2,0,1,1,1,1,1,1,0,0,0,23300,0,0,0,0,0,0,0,0,3
1.456500,53.32,41.869,25.090,470,362,72.000,71,72,18.000,39.000,55.000,306,216,346,160,155,155,155,155,155,155,1,0,0,3,30,1,28.000,1,1,3,3,110,1,0,0,31,0,0,111,1,0,2,0,1,1,1,1,1,1,0,0,0,23304,0,0,0,0,0,0,0,0,3
1.456750,53.42,41.858,25.090,470,362,72.000,71,72,18.000,39.000,55.000,306,216,346,160,155,155,155,155,155,155,1,0,0,3,30,1,28.000,1,1,3,3,110,1,0,0,31,0,0,111,1,0,2,0,1,1,1,1,1,1,0,0,0,23308,0,0,0,0,0,0,0,0,3
1.457000,53.53,41.847,25.090,470,363,72.000,71,72,18.000,39.000,55.000,306,217,347,160,156,156,156,156,156,156,1,0,0,3,30,1,28.000,1,1,3,3,110,1,0,0,31,0,0,111,1,0,2,0,1,1,1,1,1,1,0,0,0,23312,0,0,0,0,0,0,0,0,3
1.457250,53.64,41.835,25.090,470,363,72.000,71,72,18.000,39.000,55.000,306,217,347,160,156,156,156,156,156,156,1,0,0,3,30,1,28.000,1,1,3,3,110,1,0,0,31,0,0,111,1,0,2,0,1,1,1,1,1,1,0,0,0,23316,0,0,0,0,0,0,0,0,3
1.457500,53.75,41.823,25.090,470,363,72.000,71,72,18.000,39.000,55.000,306,217,347,160,156,156,156,156,156,156,1,0,0,3,30,1,28.000,1,1,3,3,110,1,0,0,31,0,0,111,1,0,2,0,1,1,1,1,1,1,0,0,0,23320,0,0,0,0,0,0,0,0,3
1.457750,53.86,41.812,25.090,470,363,72.000,71,72,18.000,39.000,55.000,306,217,347,160,156,156,156,156,156,156,1,0,0,3,30,1,28.000,1,1,3,3,110,1,0,0,31,0,0,111,1,0,2,0,1,1,1,1,1,1,0,0,0,23324,0,0,0,0,0,0,0,0,3
1.458000,53.96,41.800,25.090,471,363,72.000,71,72,18.000,39.000,55.000,306,217,347,160,156,156,156,156,156,156,1,0,0,3,30,1,28.000,1,1,3,3,110,1,0,0,31,0,0,111,1,0,2,0,1,1,1,1,1,1,0,0,0,23328,0,0,0,0,0,0,0,0,3
1.458250,54.07,41.787,25.090,471,364,72.000,71,72,18.000,39.000,55.000,306,217,348,160,156,156,156,156,156,156,1,0,0,3,30,1,28.000,1,1,3,3,110,1,0,0,31,0,0,111,1,0,2,0,1,1,1,1,1,1,0,0,0,23332,0,0,0,0,0,0,0,0,3
1.458500,54.18,41.775,25.040,471,364,72.000,71,72,18.000,39.000,55.000,305,217,348,160,156,156,156,156,156,156,1,0,0,3,30,1,28.000,1,1,3,3,110,1,0,0,31,0,0,111,1,0,2,0,1,1,1,1,1,1,0,0,0,23336,0,0,0,0,0,0,0,0,3
1.458750,54.29,41.762,25.040,471,364,72.000,71,72,18.000,39.000,55.000,305,217,348,160,156,156,156,156,156,156,1,0,0,3,30,1,28.000,1,1,3,3,110,1,0,0,31,0,0,111,1,0,2,0,1,1,1,1,1,1,0,0,0,23340,0,0,0,0,0,0,0,0,3
1.459000,54.40,41.750,25.040,471,364,72.000,71,72,18.000,39.000,55.000,305,217,348,160,156,156,156,156,156,156,1,0,0,3,30,1,28.000,1,1,3,3,110,1,0,0,31,0,0,111,1,0,2,0,1,1,1,1,1,1,0,0,0,23344,0,0,0,0,0,0,0,0,3
1.459250,54.50,41.737,25.040,471,365,72.000,71,72,18.000,39.000,55.000,305,218,349,160,157,157,157,157,157,157,1,0,0,3,30,1,28.000,1,1,3,3,110,1,0,0,31,0,0,111,1,0,2,0,1,1,1,1,1,1,0,0,0,23348,0,0,0,0,0,0,0,0,3
1.459500,54.61,41.724,25.040,471,365,72.000,71,72,18.000,39.000,55.000,305,218,349,160,157,157,157,157,157,157,1,0,0,3,30,1,28.000,1,1,3,3,110,1,0,0,31,0,0,111,1,0,2,0,1,1,1,1,1,1,0,0,0,23352,0,0,0,0,0,0,0,0,3
1.459750,54.72,41.710,25.040,471,365,72.000,71,72,18.000,39.000,55.000,305,218,349,160,157,157,157,157,157,157,1,0,0,3,30,1,28.000,1,1,3,3,110,1,0,0,31,0,0,111,1,0,2,0,1,1,1,1,1,1,0,0,0,23356,0,0,0,0,0,0,0,0,3
1.460000,54.83,41.697,24.980,471,365,72.000,71,72,18.000,39.000,55.000,304,218,349,160,157,157,157,157,157,157,1,0,0,3,30,1,28.000,1,1,3,3,110,1,0,0,31,0,0,111,1,0,2,0,1,1,1,1,1,1,0,0,0,23360,0,0,0,0,0,0,0,0,3
1.460250,54.94,41.683,24.980,471,365,72.000,71,72,18.000,39.000,55.000,304,218,349,160,157,157,157,157,157,157,1,0,0,3,30,1,28.000,1,1,3,3,110,1,0,0,31,0,0,111,1,0,2,0,1,1,1,1,1,1,0,0,0,23364,0,0,0,0,0,0,0,0,3
1.460500,55.04,41.669,24.980,472,366,72.000,71,72,18.000,39.000,55.000,304,219,350,160,157,157,157,157,157,157,1,0,0,3,30,1,28.000,1,1,3,3,110,1,0,0,31,0,0,111,1,0,2,0,1,1,1,1,1,1,0,0,0,23368,0,0,0,0,0,0,0,0,3
1.460750,55.15,41.655,24.980,472,366,72.000,71,72,18.000,39.000,55.000,304,219,350,160,157,157,157,157,157,157,1,0,0,3,30,1,28.000,1,1,3,3,110,1,0,0,31,0,0,111,1,0,2,0,1,1,1,1,1,1,0,0,0,23372,0,0,0,0,0,0,0,0,3
1.461000,55.26,41.641,24.980,472,366,72.000,71,72,18.000,39.000,55.000,304,219,350,160,157,157,157,157,157,157,1,0,0,3,30,1,28.000,1,1,3,3,110,1,0,0,31,0,0,111,1,0,2,0,1,1,1,1,1,1,0,0,0,23376,0,0,0,0,0,0,0,0,3
1.461250,55.37,41.627,24.980,472,366,72.000,71,72,18.000,39.000,55.000,304,219,350,160,157,157,157,157,157,157,1,0,0,3,30,1,28.000,1,1,3,3,110,1,0,0,31,0,0,111,1,0,2,0,1,1,1,1,1,1,0,0,0,23380,0,0,0,0,0,0,0,0,3
1.461500,55.48,41.612,24.980,472,367,72.000,71,72,18.000,39.000,55.000,304,219,351,160,158,158,158,158,158,158,1,0,0,3,30,1,28.000,1,1,3,3,110,1,0,0,31,0,0,111,1,0,2,0,1,1,1,1,1,1,0,0,0,23384,0,0,0,0,0,0,0,0,3
1.461750,55.58,41.598,24.930,472,367,72.000,71,72,18.000,39.000,55.000,304,219,351,160,158,158,158,158,158,158,1,0,0,3,30,1,28.000,1,1,3,3,110,1,0,0,31,0,0,111,1,0,2,0,1,1,1,1,1,1,0,0,0,23388,0,0,0,0,0,0,0,0,3
1.462000,55.69,41.583,24.930,472,367,72.000,71,72,18.000,39.000,55.000,304,219,351,160,158,158,158,158,158,158,1,0,0,3,30,1,28.000,1,1,3,3,110,1,0,0,31,0,0,111,1,0,2,0,1,1,1,1,1,1,0,0,0,23392,0,0,0,0,0,0,0,0,3
1.462250,55.80,41.568,24.930,472,367,72.000,71,72,18.000,39.000,55.000,304,219,351,160,158,158,158,158,158,158,1,0,0,3,30,1,28.000,1,1,3,3,110,1,0,0,31,0,0,111,1,0,2,0,1,1,1,1,1,1,0,0,0,23396,0,0,0,0,0,0,0,0,3
1.462500,55.91,41.553,24.930,472,367,72.000,71,72,18.000,39.000,55.000,304,219,351,160,158,158,158,158,158,158,1,0,0,3,30,1,28.000,1,1,3,3,110,1,0,0,31,0,0,111,1,0,2,0,1,1,1,1,1,1,0,0,0,23400,0,0,0,0,0,0,0,0,3
1.462750,56.02,41.537,24.930,472,368,72.000,71,72,18.000,39.000,55.000,304,220,352,160,158,158,158,158,158,158,1,0,0,3,30,1,28.000,1,1,3,3,110,1,0,0,31,0,0,111,1,0,2,0,1,1,1,1,1,1,0,0,0,23404,0,0,0,0,0,0,0,0,3
1.463000,56.12,41.522,24.930,472,368,72.000,71,72,18.000,39.000,55.000,304,220,352,160,158,158,158,158,158,158,1,0,0,3,30,1,28.000,1,1,3,3,110,1,0,0,31,0,0,111,1,0,2,0,1,1,1,1,1,1,0,0,0,23408,0,0,0,0,0,0,0,0,3
1.463250,56.23,41.506,24.870,473,368,72.000,71,72,18.000,39.000,55.000,303,220,352,160,158,158,158,158,158,158,1,0,0,3,30,1,28.000,1,1,3,3,110,1,0,0,31,0,0,111,1,0,2,0,1,1,1,1,1,1,0,0,0,23412,0,0,0,0,0,0,0,0,3
1.463500,56.34,41.490,24.870,473,368,72.000,71,72,18.000,39.000,55.000,303,220,352,160,158,158,158,158,158,158,1,0,0,3,30,1,28.000,1,1,1,1,111,1,0,0,32,0,0,112,1,0,2,0,1,1,1,1,1,1,0,0,0,23416,0,0,0,0,0,0,0,0,3
1.463750,56.45,41.474,24.870,473,368,72.000,71,72,18.000,39.000,55.000,303,220,352,160,158,158,158,158,158,158,1,0,0,3,30,1,28.000,1,1,1,1,111,1,0,0,32,0,0,112,1,0,2,0,1,1,1,1,1,1,0,0,0,23420,0,0,0,0,0,0,0,0,3
1.464000,56.56,41.458,24.870,473,369,72.000,71,72,18.000,39.000,55.000,303,221,353,160,159,159,159,159,159,159,1,0,0,3,30,1,28.000,1,1,1,1,111,1,0,0,32,0,0,112,1,0,2,0,1,1,1,1,1,1,0,0,0,23424,0,0,0,0,0,0,0,0,3
1.464250,56.66,41.441,24.870,473,369,72.000,71,72,18.000,39.000,55.000,303,221,353,160,159,159,159,159,159,159,1,0,0,3,30,1,28.000,1,1,1,1,111,1,0,0,32,0,0,112,1,0,2,0,1,1,1,1,1,1,0,0,0,23428,0,0,0,0,0,0,0,0,3
1.464500,56.77,41.425,24.870,473,369,72.000,71,72,18.000,39.000,55.000,303,221,353,160,159,159,159,159,159,159,1,0,0,3,30,1,28.000,1,1,1,1,111,1,0,0,32,0,0,112,1,0,2,0,1,1,1,1,1,1,0,0,0,23432,0,0,0,0,0,0,0,0,3
1.464750,56.88,41.408,24.820,473,369,72.000,71,72,18.000,39.000,55.000,302,221,353,160,159,159,159,159,159,159,1,0,0,3,30,1,28.000,1,1,1,1,111,1,0,0,32,0,0,112,1,0,2,0,1,1,1,1,1,1,0,0,0,23436,0,0,0,0,0,0,0,0,3
1.465000,56.99,41.391,24.820,473,370,72.000,71,72,18.000,39.000,55.000,302,221,354,160,159,159,159,159,159,159,1,0,0,3,30,1,28.000,1,1,1,1,111,1,0,0,32,0,0,112,1,0,2,0,1,1,1,1,1,1,0,0,0,23440,0,0,0,0,0,0,0,0,3
1.465250,57.10,41.374,24.820,473,370,72.000,71,72,18.000,39.000,55.000,302,221,354,160,159,159,159,159,159,159,1,0,0,3,30,1,28.000,1,1,1,1,111,1,0,0,32,0,0,112,1,0,2,0,1,1,1,1,1,1,0,0,0,23444,0,0,0,0,0,0,0,0,3
1.465500,57.20,41.357,24.820,473,370,72.000,71,72,18.000,39.000,55.000,302,221,354,160,159,159,159,159,159,159,1,0,0,3,30,1,28.000,1,1,1,1,111,1,0,0,32,0,0,112,1,0,2,0,1,1,1,1,1,1,0,0,0,23448,0,0,0,0,0,0,0,0,3
1.465750,57.31,41.339,24.820,473,370,72.000,71,72,18.000,39.000,55.000,302,221,354,160,159,159,159,159,159,159,1,0,0,3,30,1,28.000,1,1,1,1,111,1,0,0,32,0,0,112,1,0,2,0,1,1,1,1,1,1,0,0,0,23452,0,0,0,0,0,0,0,0,3
1.466000,57.42,41.322,24.770,473,370,72.000,71,72,18.000,39.000,55.000,302,221,354,160,159,159,159,159,159,159,1,0,0,3,30,1,28.000,1,1,1,1,111,1,0,0,32,0,0,112,1,0,2,0,1,1,1,1,1,1,0,0,0,23456,0,0,0,0,0,0,0,0,3
1.466250,57.53,41.304,24.770,473,371,72.000,71,72,18.000,39.000,55.000,302,222,355,160,160,160,160,160,160,160,1,0,0,3,30,1,28.000,1,1,1,1,111,1,0,0,32,0,0,112,1,0,2,0,1,1,1,1,1,1,0,0,0,23460,0,0,0,0,0,0,0,0,3
1.466500,57.64,41.286,24.770,473,371,72.000,71,72,18.000,39.000,55.000,302,222,355,160,160,160,160,160,160,160,1,0,0,3,30,1,28.000,1,1,1,1,111,1,0,0,32,0,0,112,1,0,2,0,1,1,1,1,1,1,0,0,0,23464,0,0,0,0,0,0,0,0,3
1.466750,57.74,41.268,24.770,473,371,72.000,71,72,18.000,39.000,55.000,302,222,355,160,160,160,160,160,160,160,1,0,0,3,30,1,28.000,1,1,1,1,111,1,0,0,32,0,0,112,1,0,2,0,1,1,1,1,1,1,0,0,0,23468,0,0,0,0,0,0,0,0,3
1.467000,57.85,41.250,24.770,473,371,72.000,71,72,18.000,39.000,55.000,302,222,355,160,160,160,160,160,160,160,1,0,0,3,30,1,28.000,1,1,1,1,111,1,0,0,32,0,0,112,1,0,2,0,1,1,1,1,1,1,0,0,0,23472,0,0,0,0,0,0,0,0,3
1.467250,57.96,41.231,24.710,474,371,72.000,71,72,18.000,39.000,55.000,301,222,355,160,160,160,160,160,160,160,1,0,0,3,30,1,28.000,1,1,1,1,111,1,0,0,32,0,0,112,1,0,2,0,1,1,1,1,1,1,0,0,0,23476,0,0,0,0,0,0,0,0,3
1.467500,58.07,41.213,24.710,474,372,72.000,71,72,18.000,39.000,55.000,301,223,356,160,160,160,160,160,160,160,1,0,0,3,30,1,28.000,1,1,1,1,111,1,0,0,32,0,0,112,1,0,2,0,1,1,1,1,1,1,0,0,0,23480,0,0,0,0,0,0,0,0,3
1.467750,58.18,41.194,24.710,474,372,72.000,71,72,18.000,39.000,55.000,301,223,356,160,160,160,160,160,160,160,1,0,0,3,30,1,28.000,1,1,1,1,111,1,0,0,32,0,0,112,1,0,2,0,1,1,1,1,1,1,0,0,0,23484,0,0,0,0,0,0,0,0,3
1.468000,58.28,41.175,24.710,474,372,72.000,71,72,18.000,39.000,55.000,301,223,356,160,160,160,160,160,160,160,1,0,0,3,30,1,28.000,1,1,1,1,111,1,0,0,32,0,0,112,1,0,2,0,1,1,1,1,1,1,0,0,0,23488,0,0,0,0,0,0,0,0,3
1.468250,58.39,41.156,24.710,474,372,72.000,71,72,18.000,39.000,55.000,301,223,356,160,160,160,160,160,160,160,1,0,0,3,30,1,28.000,1,1,1,1,111,1,0,0,32,0,0,112,1,0,2,0,1,1,1,1,1,1,0,0,0,23492,0,0,0,0,0,0,0,0,3
1.468500,58.50,41.137,24.660,474,372,72.000,71,72,18.000,39.000,55.000,300,223,356,160,160,160,160,160,160,160,1,0,0,3,30,1,28.000,1,1,1,1,111,1,0,0,32,0,0,112,1,0,2,0,1,1,1,1,1,1,0,0,0,23496,0,0,0,0,0,0,0,0,3
1.468750,58.61,41.117,24.660,474,373,72.000,71,72,18.000,39.000,55.000,300,223,358,160,161,161,161,161,161,161,1,0,0,3,30,1,28.000,1,1,1,1,111,1,0,0,32,0,0,112,1,0,2,0,1,1,1,1,1,1,0,0,0,23500,0,0,0,0,0,0,0,0,3
1.469000,58.72,41.098,24.660,474,373,72.000,71,72,18.000,39.000,55.000,300,223,358,160,161,161,161,161,161,161,1,0,0,3,30,1,28.000,1,1,1,1,111,1,0,0,32,0,0,112,1,0,2,0,1,1,1,1,1,1,0,0,0,23504,0,0,0,0,0,0,0,0,3
1.469250,58.82,41.078,24.660,474,373,72.000,71,72,18.000,39.000,55.000,300,223,358,160,161,161,161,161,161,161,1,0,0,3,30,1,28.000,1,1,1,1,111,1,0,0,32,0,0,112,1,0,2,0,1,1,1,1,1,1,0,0,0,23508,0,0,0,0,0,0,0,0,3
1.469500,58.93,41.058,24.660,474,373,72.000,71,72,18.000,39.000,55.000,300,223,358,160,161,161,161,161,161,161,1,0,0,3,30,1,28.000,1,1,1,1,111,1,0,0,32,0,0,112,1,0,2,0,1,1,1,1,1,1,0,0,0,23512,0,0,0,0,0,0,0,0,3
1.469750,59.04,41.038,24.600,474,374,72.000,71,72,18.000,39.000,55.000,300,224,359,160,161,161,161,161,161,161,1,0,0,3,30,1,28.000,1,1,1,1,111,1,0,0,32,0,0,112,1,0,2,0,1,1,1,1,1,1,0,0,0,23516,0,0,0,0,0,0,0,0,3
1.470000,59.15,41.017,24.600,474,374,72.000,71,72,18.000,39.000,55.000,300,224,359,160,161,161,161,161,161,161,1,0,0,3,30,1,28.000,1,1,1,1,111,1,0,0,32,0,0,112,1,0,2,0,1,1,1,1,1,1,0,0,0,23520,0,0,0,0,0,0,0,0,3
1.470250,59.26,40.997,24.600,474,374,72.000,71,72,18.000,39.000,55.000,300,224,359,160,161,161,161,161,161,161,1,0,0,3,30,1,28.000,1,1,1,1,111,1,0,0,32,0,0,112,1,0,2,0,1,1,1,1,1,1,0,0,0,23524,0,0,0,0,0,0,0,0,3
1.470500,59.36,40.976,24.600,474,374,72.000,71,72,18.000,39.000,55.000,300,224,359,160,161,161,161,161,161,161,1,0,0,3,30,1,28.000,1,1,1,1,111,1,0,0,32,0,0,112,1,0,2,0,1,1,1,1,1,1,0,0,0,23528,0,0,0,0,0,0,0,0,3
1.470750,59.47,40.956,24.550,474,374,72.000,71,72,18.000,39.000,55.000,299,224,359,160,161,161,161,161,161,161,1,0,0,3,30,1,28.000,1,1,1,1,111,1,0,0,32,0,0,112,1,0,2,0,1,1,1,1,1,1,0,0,0,23532,0,0,0,0,0,0,0,0,3
1.471000,59.58,40.935,24.550,474,375,72.000,71,72,18.000,39.000,55.000,299,225,360,160,162,162,162,162,162,162,1,0,0,3,30,1,28.000,1,1,1,1,111,1,0,0,32,0,0,112,1,0,2,0,1,1,1,1,1,1,0,0,0,23536,0,0,0,0,0,0,0,0,3
1.471250,59.69,40.914,24.550,474,375,72.000,71,72,18.000,39.000,55.000,299,225,360,160,162,162,162,162,162,162,1,0,0,3,30,1,28.000,1,1,1,1,111,1,0,0,32,0,0,112,1,0,2,0,1,1,1,1,1,1,0,0,0,23540,0,0,0,0,0,0,0,0,3
1.471500,59.80,40.892,24.550,474,375,72.000,71,72,18.000,39.000,55.000,299,225,360,160,162,162,162,162,162,162,1,0,0,3,30,1,28.000,1,1,1,1,111,1,0,0,32,0,0,112,1,0,2,0,1,1,1,1,1,1,0,0,0,23544,0,0,0,0,0,0,0,0,3
1.471750,59.90,40.871,24.490,474,375,72.000,71,72,18.000,39.000,55.000,298,225,360,160,162,162,162,162,162,162,1,0,0,3,30,1,28.000,1,1,1,1,111,1,0,0,32,0,0,112,1,0,2,0,1,1,1,1,1,1,0,0,0,23548,0,0,0,0,0,0,0,0,3
1.472000,60.01,40.849,24.490,474,375,72.000,72,72,18.000,39.000,55.000,298,225,360,160,162,162,162,162,162,162,1,0,0,3,30,1,28.000,1,1,0,0,112,1,0,0,33,0,0,113,1,0,2,0,1,1,1,1,1,1,0,0,0,23552,0,0,0,0,0,0,0,0,3
1.472250,60.12,40.828,24.490,474,376,72.000,72,72,18.000,39.000,55.000,298,225,361,160,162,162,162,162,162,162,1,0,0,3,30,1,28.000,1,1,0,0,112,1,0,0,33,0,0,113,1,0,2,0,1,1,1,1,1,1,0,0,0,23556,0,0,0,0,0,0,0,0,3
1.472500,60.23,40.806,24.490,474,376,72.000,72,72,18.000,39.000,55.000,298,225,361,160,162,162,162,162,162,162,1,0,0,3,30,1,28.000,1,1,0,0,112,1,0,0,33,0,0,113,1,0,2,0,1,1,1,1,1,1,0,0,0,23560,0,0,0,0,0,0,0,0,3
1.472750,60.34,40.784,24.440,474,376,72.000,72,72,18.000,39.000,55.000,298,225,361,160,162,162,162,162,162,162,1,0,0,3,30,1,28.000,1,1,0,0,112,1,0,0,33,0,0,113,1,0,2,0,1,1,1,1,1,1,0,0,0,23564,0,0,0,0,0,0,0,0,3
1.473000,60.44,40.761,24.440,474,376,72.000,72,72,18.000,39.000,55.000,298,225,361,160,162,162,162,162,162,162,1,0,0,3,30,1,28.000,1,1,0,0,112,1,0,0,33,0,0,113,1,0,2,0,1,1,1,1,1,1,0,0,0,23568,0,0,0,0,0,0,0,0,3
1.473250,60.55,40.739,24.440,474,376,72.000,72,72,18.000,39.000,55.000,298,225,361,160,162,162,162,162,162,162,1,0,0,3,30,1,28.000,1,1,0,0,112,1,0,0,33,0,0,113,1,0,2,0,1,1,1,1,1,1,0,0,0,23572,0,0,0,0,0,0,0,0,3
1.473500,60.66,40.717,24.440,474,377,72.000,72,72,18.000,39.000,55.000,298,226,362,160,162,162,162,162,162,162,1,0,0,3,30,1,28.000,1,1,0,0,112,1,0,0,33,0,0,113,1,0,2,0,1,1,1,1,1,1,0,0,0,23576,0,0,0,0,0,0,0,0,3
1.473750,60.77,40.694,24.380,474,377,72.000,72,72,18.000,39.000,55.000,297,226,362,160,162,162,162,162,162,162,1,0,0,3,30,1,28.000,1,1,0,0,112,1,0,0,33,0,0,113,1,0,2,0,1,1,1,1,1,1,0,0,0,23580,0,0,0,0,0,0,0,0,3
1.474000,60.88,40.671,24.380,474,377,72.000,72,72,18.000,39.000,55.000,297,226,362,160,162,162,162,162,162,162,1,0,0,3,30,1,28.000,1,1,0,0,112,1,0,0,33,0,0,113,1,0,2,0,1,1,1,1,1,1,0,0,0,23584,0,0,0,0,0,0,0,0,3
1.474250,60.98,40.648,24.380,474,377,72.000,72,72,18.000,39.000,55.000,297,226,362,160,162,162,162,162,162,162,1,0,0,3,30,1,28.000,1,1,0,0,112,1,0,0,33,0,0,113,1,0,2,0,1,1,1,1,1,1,0,0,0,23588,0,0,0,0,0,0,0,0,3
1.474500,61.09,40.625,24.380,474,377,72.000,72,72,18.000,39.000,55.000,297,226,362,160,162,162,162,162,162,162,1,0,0,3,30,1,28.000,1,1,0,0,112,1,0,0,33,0,0,113,1,0,2,0,1,1,1,1,1,1,0,0,0,23592,0,0,0,0,0,0,0,0,3
1.474750,61.20,40.601,24.330,474,378,72.000,72,72,18.000,39.000,55.000,296,227,363,160,163,163,163,163,163,163,1,0,0,3,30,1,28.000,1,1,0,0,112,1,0,0,33,0,0,113,1,0,2,0,1,1,1,1,1,1,0,0,0,23596,0,0,0,0,0,0,0,0,3
1.475000,61.31,40.578,24.330,474,378,72.000,72,72,18.000,39.000,55.000,296,227,363,160,163,163,163,163,163,163,1,0,0,3,30,1,28.000,1,1,0,0,112,1,0,0,33,0,0,113,1,0,2,0,1,1,1,1,1,1,0,0,0,23600,0,0,0,0,0,0,0,0,3
1.475250,61.42,40.554,24.330,474,378,72.000,72,72,18.000,39.000,55.000,296,227,363,160,163,163,163,163,163,163,1,0,0,3,30,1,28.000,1,1,0,0,112,1,0,0,33,0,0,113,1,0,2,0,1,1,1,1,1,1,0,0,0,23604,0,0,0,0,0,0,0,0,3
1.475500,61.52,40.530,24.330,474,378,72.000,72,72,18.000,39.000,55.000,296,227,363,160,163,163,163,163,163,163,1,0,0,3,30,1,28.000,1,1,0,0,112,1,0,0,33,0,0,113,1,0,2,0,1,1,1,1,1,1,0,0,0,23608,0,0,0,0,0,0,0,0,3
1.475750,61.63,40.507,24.280,474,378,72.000,72,72,18.000,39.000,55.000,296,227,363,160,163,163,163,163,163,163,1,0,0,3,30,1,28.000,1,1,0,0,112,1,0,0,33,0,0,113,1,0,2,0,1,1,1,1,1,1,0,0,0,23612,0,0,0,0,0,0,0,0,3
1.476000,61.74,40.482,24.280,474,379,72.000,72,72,18.000,39.000,55.000,296,227,364,160,163,163,163,163,163,163,1,0,0,3,30,1,28.000,1,1,0,0,112,1,0,0,33,0,0,113,1,0,2,0,1,1,1,1,1,1,0,0,0,23616,0,0,0,0,0,0,0,0,3
1.476250,61.85,40.458,24.280,474,379,72.000,72,72,18.000,39.000,55.000,296,227,364,160,163,163,163,163,163,163,1,0,0,3,30,1,28.000,1,1,0,0,112,1,0,0,33,0,0,113,1,0,2,0,1,1,1,1,1,1,0,0,0,23620,0,0,0,0,0,0,0,0,3
1.476500,61.96,40.434,24.280,474,379,72.000,72,72,18.000,39.000,55.000,296,227,364,160,163,163,163,163,163,163,1,0,0,3,30,1,28.000,1,1,0,0,112,1,0,0,33,0,0,113,1,0,2,0,1,1,1,1,1,1,0,0,0,23624,0,0,0,0,0,0,0,0,3
1.476750,62.06,40.409,24.220,474,379,72.000,72,72,18.000,39.000,55.000,295,227,364,160,163,163,163,163,163,163,1,0,0,3,30,1,28.000,1,1,0,0,112,1,0,0,33,0,0,113,1,0,2,0,1,1,1,1,1,1,0,0,0,23628,0,0,0,0,0,0,0,0,3
1.477000,62.17,40.384,24.220,474,379,72.000,72,72,18.000,39.000,55.000,295,227,364,160,163,163,163,163,163,163,1,0,0,3,30,1,28.000,1,1,0,0,112,1,0,0,33,0,0,113,1,0,2,0,1,1,1,1,1,1,0,0,0,23632,0,0,0,0,0,0,0,0,3
1.477250,62.28,40.359,24.220,474,380,72.000,72,72,18.000,39.000,55.000,295,228,365,160,164,164,164,164,164,164,1,0,0,3,30,1,28.000,1,1,0,0,112,1,0,0,33,0,0,113,1,0,2,0,1,1,1,1,1,1,0,0,0,23636,0,0,0,0,0,0,0,0,3
1.477500,62.39,40.334,24.170,474,380,72.000,72,72,18.000,39.000,55.000,294,228,365,160,164,164,164,164,164,164,1,0,0,3,30,1,28.000,1,1,0,0,112,1,0,0,33,0,0,113,1,0,2,0,1,1,1,1,1,1,0,0,0,23640,0,0,0,0,0,0,0,0,3
1.477750,62.50,40.309,24.170,474,380,72.000,72,72,18.000,39.000,55.000,294,228,365,160,164,164,164,164,164,164,1,0,0,3,30,1,28.000,1,1,0,0,112,1,0,0,33,0,0,113,1,0,2,0,1,1,1,1,1,1,0,0,0,23644,0,0,0,0,0,0,0,0,3
1.478000,62.60,40.284,24.170,474,380,72.000,72,72,18.000,39.000,55.000,294,228,365,160,164,164,164,164,164,164,1,0,0,3,30,1,28.000,1,1,0,0,112,1,0,0,33,0,0,113,1,0,2,0,1,1,1,1,1,1,0,0,0,23648,0,0,0,0,0,0,0,0,3
1.478250,62.71,40.258,24.170,474,380,72.000,72,72,18.000,39.000,55.000,294,228,365,160,164,164,164,164,164,164,1,0,0,3,30,1,28.000,1,1,0,0,112,1,0,0,33,0,0,113,1,0,2,0,1,1,1,1,1,1,0,0,0,23652,0,0,0,0,0,0,0,0,3
1.478500,62.82,40.233,24.110,474,381,72.000,72,72,18.000,39.000,55.000,294,229,366,160,164,164,164,164,164,164,1,0,0,3,30,1,28.000,1,1,0,0,112,1,0,0,33,0,0,113,1,0,2,0,1,1,1,1,1,1,0,0,0,23656,0,0,0,0,0,0,0,0,3
1.478750,62.93,40.207,24.110,474,381,72.000,72,72,18.000,39.000,55.000,294,229,366,160,164,164,164,164,164,164,1,0,0,3,30,1,28.000,1,1,0,0,112,1,0,0,33,0,0,113,1,0,2,0,1,1,1,1,1,1,0,0,0,23660,0,0,0,0,0,0,0,0,3
1.479000,63.04,40.181,24.110,474,381,72.000,72,72,18.000,39.000,55.000,294,229,366,160,164,164,164,164,164,164,1,0,0,3,30,1,28.000,1,1,0,0,112,1,0,0,33,0,0,113,1,0,2,0,1,1,1,1,1,1,0,0,0,23664,0,0,0,0,0,0,0,0,3
1.479250,63.14,40.155,24.110,474,381,72.000,72,72,18.000,39.000,55.000,294,229,366,160,164,164,164,164,164,164,1,0,0,3,30,1,28.000,1,1,0,0,112,1,0,0,33,0,0,113,1,0,2,0,1,1,1,1,1,1,0,0,0,23668,0,0,0,0,0,0,0,0,3
1.479500,63.25,40.128,24.060,474,381,72.000,72,72,18.000,39.000,55.000,293,229,366,160,164,164,164,164,164,164,1,0,0,3,30,1,28.000,1,1,0,0,112,1,0,0,33,0,0,113,1,0,2,0,1,1,1,1,1,1,0,0,0,23672,0,0,0,0,0,0,0,0,3
1.479750,63.36,40.102,24.060,474,381,72.000,72,72,18.000,39.000,55.000,293,229,366,160,164,164,164,164,164,164,1,0,0,3,30,1,28.000,1,1,0,0,112,1,0,0,33,0,0,113,1,0,2,0,1,1,1,1,1,1,0,0,0,23676,0,0,0,0,0,0,0,0,3
1.480000,63.47,40.075,24.060,474,382,72.000,72,72,18.000,39.000,55.000,293,229,367,160,165,165,165,165,165,165,1,0,0,3,30,1,28.000,1,1,0,0,112,1,0,0,33,0,0,113,1,0,2,0,1,1,1,1,1,1,0,0,0,23680,0,0,0,0,0,0,0,0,3
1.480250,63.58,40.049,24.000,474,382,72.000,72,72,18.000,39.000,55.000,292,229,367,160,165,165,165,165,165,165,1,0,0,3,30,1,28.000,1,1,0,0,112,1,0,0,33,0,0,113,1,0,2,0,1,1,1,1,1,1,0,0,0,23684,0,0,0,0,0,0,0,0,3
1.480500,63.68,40.022,24.000,474,382,72.000,72,72,18.000,39.000,55.000,292,229,367,160,165,165,165,165,165,165,1,0,0,3,30,1,28.000,1,1,0,0,112,1,0,0,33,0,0,113,1,0,2,0,1,1,1,1,1,1,0,0,0,23688,0,0,0,0,0,0,0,0,3
1.480750,63.79,39.995,24.000,473,382,72.000,72,72,18.000,39.000,55.000,292,229,367,160,165,165,165,165,165,165,1,0,0,3,30,1,28.000,1,1,2,2,113,1,0,0,34,0,0,114,1,0,2,0,1,1,1,1,1,1,0,0,0,23692,0,0,0,0,0,0,0,0,3
1.481000,63.90,39.968,23.950,473,382,72.000,72,72,18.000,39.000,55.000,292,229,367,160,165,165,165,165,165,165,1,0,0,3,30,1,28.000,1,1,2,2,113,1,0,0,34,0,0,114,1,0,2,0,1,1,1,1,1,1,0,0,0,23696,0,0,0,0,0,0,0,0,3
1.481250,64.01,39.940,23.950,473,383,72.000,72,72,18.000,39.000,55.000,292,230,368,160,165,165,165,165,165,165,1,0,0,3,30,1,28.000,1,1,2,2,113,1,0,0,34,0,0,114,1,0,2,0,1,1,1,1,1,1,0,0,0,23700,0,0,0,0,0,0,0,0,3
1.481500,64.12,39.913,23.950,473,383,72.000,72,72,18.000,39.000,55.000,292,230,368,160,165,165,165,165,165,165,1,0,0,3,30,1,28.000,1,1,2,2,113,1,0,0,34,0,0,114,1,0,2,0,1,1,1,1,1,1,0,0,0,23704,0,0,0,0,0,0,0,0,3
1.481750,64.22,39.885,23.900,473,383,72.000,72,72,18.000,39.000,55.000,291,230,368,160,165,165,165,165,165,165,1,0,0,3,30,1,28.000,1,1,2,2,113,1,0,0,34,0,0,114,1,0,2,0,1,1,1,1,1,1,0,0,0,23708,0,0,0,0,0,0,0,0,3
1.482000,64.33,39.857,23.900,473,383,72.000,72,72,18.000,39.000,55.000,291,230,368,160,165,165,165,165,165,165,1,0,0,3,30,1,28.000,1,1,2,2,113,1,0,0,34,0,0,114,1,0,2,0,1,1,1,1,1,1,0,0,0,23712,0,0,0,0,0,0,0,0,3
1.482250,64.44,39.829,23.900,473,383,72.000,72,72,18.000,39.000,55.000,291,230,368,160,165,165,165,165,165,165,1,0,0,3,30,1,28.000,1,1,2,2,113,1,0,0,34,0,0,114,1,0,2,0,1,1,1,1,1,1,0,0,0,23716,0,0,0,0,0,0,0,0,3
1.482500,64.55,39.801,23.900,473,384,72.000,72,72,18.000,39.000,55.000,291,231,369,160,166,166,166,166,166,166,1,0,0,3,30,1,28.000,1,1,2,2,113,1,0,0,34,0,0,114,1,0,2,0,1,1,1,1,1,1,0,0,0,23720,0,0,0,0,0,0,0,0,3
1.482750,64.66,39.773,23.840,473,384,72.000,72,72,18.000,39.000,55.000,290,231,369,160,166,166,166,166,166,166,1,0,0,3,30,1,28.000,1,1,2,2,113,1,0,0,34,0,0,114,1,0,2,0,1,1,1,1,1,1,0,0,0,23724,0,0,0,0,0,0,0,0,3
1.483000,64.76,39.745,23.840,473,384,72.000,72,72,18.000,39.000,55.000,290,231,369,160,166,166,166,166,166,166,1,0,0,3,30,1,28.000,1,1,2,2,113,1,0,0,34,0,0,114,1,0,2,0,1,1,1,1,1,1,0,0,0,23728,0,0,0,0,0,0,0,0,3
1.483250,64.87,39.716,23.840,473,384,72.000,72,72,18.000,39.000,55.000,290,231,369,160,166,166,166,166,166,166,1,0,0,3,30,1,28.000,1,1,2,2,113,1,0,0,34,0,0,114,1,0,2,0,1,1,1,1,1,1,0,0,0,23732,0,0,0,0,0,0,0,0,3
1.483500,64.98,39.688,23.790,473,384,72.000,72,72,18.000,39.000,55.000,290,231,369,160,166,166,166,166,166,166,1,0,0,3,30,1,28.000,1,1,2,2,113,1,0,0,34,0,0,114,1,0,2,0,1,1,1,1,1,1,0,0,0,23736,0,0,0,0,0,0,0,0,3
1.483750,65.09,39.659,23.790,473,384,72.000,72,72,18.000,39.000,55.000,290,231,369,160,166,166,166,166,166,166,1,0,0,3,30,1,28.000,1,1,2,2,113,1,0,0,34,0,0,114,1,0,2,0,1,1,1,1,1,1,0,0,0,23740,0,0,0,0,0,0,0,0,3
1.484000,65.20,39.630,23.790,473,385,72.000,72,72,18.000,39.000,55.000,290,231,370,160,166,166,166,166,166,166,1,0,0,3,30,1,28.000,1,1,2,2,113,1,0,0,34,0,0,114,1,0,2,0,1,1,1,1,1,1,0,0,0,23744,0,0,0,0,0,0,0,0,3
1.484250,65.30,39.601,23.730,473,385,72.000,72,72,18.000,39.000,55.000,289,231,370,160,166,166,166,166,166,166,1,0,0,3,30,1,28.000,1,1,2,2,113,1,0,0,34,0,0,114,1,0,2,0,1,1,1,1,1,1,0,0,0,23748,0,0,0,0,0,0,0,0,3
1.484500,65.41,39.572,23.730,473,385,72.000,72,72,18.000,39.000,55.000,289,231,370,160,166,166,166,166,166,166,1,0,0,3,30,1,28.000,1,1,2,2,113,1,0,0,34,0,0,114,1,0,2,0,1,1,1,1,1,1,0,0,0,23752,0,0,0,0,0,0,0,0,3
1.484750,65.52,39.542,23.730,472,385,72.000,72,72,18.000,39.000,55.000,289,231,370,160,166,166,166,166,166,166,1,0,0,3,30,1,28.000,1,1,2,2,113,1,0,0,34,0,0,114,1,0,2,0,1,1,1,1,1,1,0,0,0,23756,0,0,0,0,0,0,0,0,3
1.485000,65.63,39.513,23.680,472,385,72.000,72,72,18.000,39.000,55.000,288,231,370,160,166,166,166,166,166,166,1,0,0,3,30,1,28.000,1,1,2,2,113,1,0,0,34,0,0,114,1,0,2,0,1,1,1,1,1,1,0,0,0,23760,0,0,0,0,0,0,0,0,3
1.485250,65.74,39.483,23.680,472,386,72.000,72,72,18.000,39.000,55.000,288,232,371,160,167,167,167,167,167,167,1,0,0,3,30,1,28.000,1,1,2,2,113,1,0,0,34,0,0,114,1,0,2,0,1,1,1,1,1,1,0,0,0,23764,0,0,0,0,0,0,0,0,3
1.485500,65.84,39.453,23.680,472,386,72.000,72,72,18.000,39.000,55.000,288,232,371,160,167,167,167,167,167,167,1,0,0,3,30,1,28.000,1,1,2,2,113,1,0,0,34,0,0,114,1,0,2,0,1,1,1,1,1,1,0,0,0,23768,0,0,0,0,0,0,0,0,3
1.485750,65.95,39.423,23.620,472,386,72.000,72,72,18.000,39.000,55.000,288,232,371,160,167,167,167,167,167,167,1,0,0,3,30,1,28.000,1,1,2,2,113,1,0,0,34,0,0,114,1,0,2,0,1,1,1,1,1,1,0,0,0,23772,0,0,0,0,0,0,0,0,3
1.486000,66.06,39.393,23.620,472,386,72.000,72,72,18.000,39.000,55.000,288,232,371,160,167,167,167,167,167,167,1,0,0,3,30,1,28.000,1,1,2,2,113,1,0,0,34,0,0,114,1,0,2,0,1,1,1,1,1,1,0,0,0,23776,0,0,0,0,0,0,0,0,3
1.486250,66.17,39.363,23.620,472,386,72.000,72,72,18.000,39.000,55.000,288,232,371,160,167,167,167,167,167,167,1,0,0,3,30,1,28.000,1,1,2,2,113,1,0,0,34,0,0,114,1,0,2,0,1,1,1,1,1,1,0,0,0,23780,0,0,0,0,0,0,0,0,3
1.486500,66.28,39.333,23.570,472,386,72.000,72,72,18.000,39.000,55.000,287,232,371,160,167,167,167,167,167,167,1,0,0,3,30,1,28.000,1,1,2,2,113,1,0,0,34,0,0,114,1,0,2,0,1,1,1,1,1,1,0,0,0,23784,0,0,0,0,0,0,0,0,3
1.486750,66.38,39.302,23.570,472,387,72.000,72,72,18.000,39.000,55.000,287,233,372,160,167,167,167,167,167,167,1,0,0,3,30,1,28.000,1,1,2,2,113,1,0,0,34,0,0,114,1,0,2,0,1,1,1,1,1,1,0,0,0,23788,0,0,0,0,0,0,0,0,3
1.487000,66.49,39.272,23.570,472,387,72.000,72,72,18.000,39.000,55.000,287,233,372,160,167,167,167,167,167,167,1,0,0,3,30,1,28.000,1,1,2,2,113,1,0,0,34,0,0,114,1,0,2,0,1,1,1,1,1,1,0,0,0,23792,0,0,0,0,0,0,0,0,3
1.487250,66.60,39.241,23.510,472,387,72.000,72,72,18.000,39.000,55.000,286,233,372,160,167,167,167,167,167,167,1,0,0,3,30,1,28.000,1,1,2,2,113,1,0,0,34,0,0,114,1,0,2,0,1,1,1,1,1,1,0,0,0,23796,0,0,0,0,0,0,0,0,3
1.487500,66.71,39.210,23.510,472,387,72.000,72,72,18.000,39.000,55.000,286,233,372,160,167,167,167,167,167,167,1,0,0,3,30,1,28.000,1,1,2,2,113,1,0,0,34,0,0,114,1,0,2,0,1,1,1,1,1,1,0,0,0,23800,0,0,0,0,0,0,0,0,3
1.487750,66.82,39.179,23.510,471,387,72.000,72,72,18.000,39.000,55.000,286,233,372,160,167,167,167,167,167,167,1,0,0,3,30,1,28.000,1,1,2,2,113,1,0,0,34,0,0,114,1,0,2,0,1,1,1,1,1,1,0,0,0,23804,0,0,0,0,0,0,0,0,3
1.488000,66.92,39.148,23.460,471,387,72.000,72,72,18.000,39.000,55.000,286,233,372,160,167,167,167,167,167,167,1,0,0,3,30,1,28.000,1,1,2,2,113,1,0,0,34,0,0,114,1,0,2,0,1,1,1,1,1,1,0,0,0,23808,0,0,0,0,0,0,0,0,3
1.488250,67.03,39.116,23.460,471,388,72.000,72,72,18.000,39.000,55.000,286,233,373,160,168,168,168,168,168,168,1,0,0,3,30,1,28.000,1,1,2,2,113,1,0,0,34,0,0,114,1,0,2,0,1,1,1,1,1,1,0,0,0,23812,0,0,0,0,0,0,0,0,3
1.488500,67.14,39.085,23.460,471,388,72.000,72,72,18.000,39.000,55.000,286,233,373,160,168,168,168,168,168,168,1,0,0,3,30,1,28.000,1,1,2,2,113,1,0,0,34,0,0,114,1,0,2,0,1,1,1,1,1,1,0,0,0,23816,0,0,0,0,0,0,0,0,3
1.488750,67.25,39.053,23.410,471,388,72.000,72,72,18.000,39.000,55.000,285,233,373,160,168,168,168,168,168,168,1,0,0,3,30,1,28.000,1,1,2,2,113,1,0,0,34,0,0,114,1,0,2,0,1,1,1,1,1,1,0,0,0,23820,0,0,0,0,0,0,0,0,3
1.489000,67.36,39.022,23.410,471,388,72.000,72,72,18.000,39.000,55.000,285,233,373,160,168,168,168,168,168,168,1,0,0,3,30,1,28.000,1,1,2,2,113,1,0,0,34,0,0,114,1,0,2,0,1,1,1,1,1,1,0,0,0,23824,0,0,0,0,0,0,0,0,3
1.489250,67.46,38.990,23.410,471,388,72.000,72,72,18.000,39.000,55.000,285,233,373,160,168,168,168,168,168,168,1,0,0,3,30,1,28.000,1,1,2,2,113,1,0,0,34,0,0,114,1,0,2,0,1,1,1,1,1,1,0,0,0,23828,0,0,0,0,0,0,0,0,3
1.489500,67.57,38.958,23.350,471,389,72.000,72,72,18.000,39.000,55.000,284,234,375,160,168,168,168,168,168,168,1,0,0,3,30,1,28.000,1,1,3,3,114,1,0,0,35,0,0,115,1,0,2,0,1,1,1,1,1,1,0,0,0,23832,0,0,0,0,0,0,0,0,3
1.489750,67.68,38.926,23.350,471,389,72.000,72,72,18.000,39.000,55.000,284,234,375,160,168,168,168,168,168,168,1,0,0,3,30,1,28.000,1,1,3,3,114,1,0,0,35,0,0,115,1,0,2,0,1,1,1,1,1,1,0,0,0,23836,0,0,0,0,0,0,0,0,3
1.490000,67.79,38.893,23.350,470,389,72.000,72,72,18.000,39.000,55.000,284,234,375,160,168,168,168,168,168,168,1,0,0,3,30,1,28.000,1,1,3,3,114,1,0,0,35,0,0,115,1,0,2,0,1,1,1,1,1,1,0,0,0,23840,0,0,0,0,0,0,0,0,3
1.490250,67.90,38.861,23.300,470,389,72.000,72,72,18.000,39.000,55.000,284,234,375,160,168,168,168,168,168,168,1,0,0,3,30,1,28.000,1,1,3,3,114,1,0,0,35,0,0,115,1,0,2,0,1,1,1,1,1,1,0,0,0,23844,0,0,0,0,0,0,0,0,3
1.490500,68.00,38.828,23.300,470,389,72.000,72,72,18.000,39.000,55.000,284,234,375,160,168,168,168,168,168,168,1,0,0,3,30,1,28.000,1,1,3,3,114,1,0,0,35,0,0,115,1,0,2,0,1,1,1,1,1,1,0,0,0,23848,0,0,0,0,0,0,0,0,3
1.490750,68.11,38.796,23.300,470,389,72.000,72,72,18.000,39.000,55.000,284,234,375,160,168,168,168,168,168,168,1,0,0,3,30,1,28.000,1,1,3,3,114,1,0,0,35,0,0,115,1,0,2,0,1,1,1,1,1,1,0,0,0,23852,0,0,0,0,0,0,0,0,3
1.491000,68.22,38.763,23.240,470,390,72.000,72,72,18.000,39.000,55.000,283,235,376,160,169,169,169,169,169,169,1,0,0,3,30,1,28.000,1,1,3,3,114,1,0,0,35,0,0,115,1,0,2,0,1,1,1,1,1,1,0,0,0,23856,0,0,0,0,0,0,0,0,3
1.491250,68.33,38.730,23.240,470,390,72.000,72,72,18.000,39.000,55.000,283,235,376,160,169,169,169,169,169,169,1,0,0,3,30,1,28.000,1,1,3,3,114,1,0,0,35,0,0,115,1,0,2,0,1,1,1,1,1,1,0,0,0,23860,0,0,0,0,0,0,0,0,3
1.491500,68.44,38.697,23.190,470,390,72.000,72,72,18.000,39.000,55.000,282,235,376,160,169,169,169,169,169,169,1,0,0,3,30,1,28.000,1,1,3,3,114,1,0,0,35,0,0,115,1,0,2,0,1,1,1,1,1,1,0,0,0,23864,0,0,0,0,0,0,0,0,3
1.491750,68.54,38.664,23.190,470,390,72.000,72,72,18.000,39.000,55.000,282,235,376,160,169,169,169,169,169,169,1,0,0,3,30,1,28.000,1,1,3,3,114,1,0,0,35,0,0,115,1,0,2,0,1,1,1,1,1,1,0,0,0,23868,0,0,0,0,0,0,0,0,3
1.492000,68.65,38.630,23.190,470,390,72.000,72,72,18.000,39.000,55.000,282,235,376,160,169,169,169,169,169,169,1,0,0,3,30,1,28.000,1,1,3,3,114,1,0,0,35,0,0,115,1,0,2,0,1,1,1,1,1,1,0,0,0,23872,0,0,0,0,0,0,0,0,3
1.492250,68.76,38.597,23.130,469,390,72.000,72,72,18.000,39.000,55.000,282,235,376,160,169,169,169,169,169,169,1,0,0,3,30,1,28.000,1,1,3,3,114,1,0,0,35,0,0,115,1,0,2,0,1,1,1,1,1,1,0,0,0,23876,0,0,0,0,0,0,0,0,3
1.492500,68.87,38.563,23.130,469,391,72.000,72,72,18.000,39.000,55.000,282,235,377,160,169,169,169,169,169,169,1,0,0,3,30,1,28.000,1,1,3,3,114,1,0,0,35,0,0,115,1,0,2,0,1,1,1,1,1,1,0,0,0,23880,0,0,0,0,0,0,0,0,3
1.492750,68.98,38.530,23.130,469,391,72.000,72,72,18.000,39.000,55.000,282,235,377,160,169,169,169,169,169,169,1,0,0,3,30,1,28.000,1,1,3,3,114,1,0,0,35,0,0,115,1,0,2,0,1,1,1,1,1,1,0,0,0,23884,0,0,0,0,0,0,0,0,3
1.493000,69.08,38.496,23.080,469,391,72.000,72,72,18.000,39.000,55.000,281,235,377,160,169,169,169,169,169,169,1,0,0,3,30,1,28.000,1,1,3,3,114,1,0,0,35,0,0,115,1,0,2,0,1,1,1,1,1,1,0,0,0,23888,0,0,0,0,0,0,0,0,3
1.493250,69.19,38.462,23.080,469,391,72.000,72,72,18.000,39.000,55.000,281,235,377,160,169,169,169,169,169,169,1,0,0,3,30,1,28.000,1,1,3,3,114,1,0,0,35,0,0,115,1,0,2,0,1,1,1,1,1,1,0,0,0,23892,0,0,0,0,0,0,0,0,3
1.493500,69.30,38.428,23.030,469,391,72.000,72,72,18.000,39.000,55.000,280,235,377,160,169,169,169,169,169,169,1,0,0,3,30,1,28.000,1,1,3,3,114,1,0,0,35,0,0,115,1,0,2,0,1,1,1,1,1,1,0,0,0,23896,0,0,0,0,0,0,0,0,3
1.493750,69.41,38.394,23.030,469,391,72.000,72,72,18.000,39.000,55.000,280,235,377,160,169,169,169,169,169,169,1,0,0,3,30,1,28.000,1,1,3,3,114,1,0,0,35,0,0,115,1,0,2,0,1,1,1,1,1,1,0,0,0,23900,0,0,0,0,0,0,0,0,3
1.494000,69.52,38.359,23.030,468,391,72.000,72,72,18.000,39.000,55.000,280,235,377,160,169,169,169,169,169,169,1,0,0,3,30,1,28.000,1,1,3,3,114,1,0,0,35,0,0,115,1,0,2,0,1,1,1,1,1,1,0,0,0,23904,0,0,0,0,0,0,0,0,3
1.494250,69.62,38.325,22.970,468,392,72.000,72,72,18.000,39.000,55.000,280,236,378,160,170,170,170,170,170,170,1,0,0,3,30,1,28.000,1,1,3,3,114,1,0,0,35,0,0,115,1,0,2,0,1,1,1,1,1,1,0,0,0,23908,0,0,0,0,0,0,0,0,3
1.494500,69.73,38.290,22.970,468,392,72.000,72,72,18.000,39.000,55.000,280,236,378,160,170,170,170,170,170,170,1,0,0,3,30,1,28.000,1,1,3,3,114,1,0,0,35,0,0,115,1,0,2,0,1,1,1,1,1,1,0,0,0,23912,0,0,0,0,0,0,0,0,3
1.494750,69.84,38.256,22.970,468,392,72.000,72,72,18.000,39.000,55.000,280,236,378,160,170,170,170,170,170,170,1,0,0,3,30,1,28.000,1,1,3,3,114,1,0,0,35,0,0,115,1,0,2,0,1,1,1,1,1,1,0,0,0,23916,0,0,0,0,0,0,0,0,3
1.495000,69.95,38.221,22.920,468,392,72.000,72,72,18.000,39.000,55.000,279,236,378,160,170,170,170,170,170,170,1,0,0,3,30,1,28.000,1,1,3,3,114,1,0,0,35,0,0,115,1,0,2,0,1,1,1,1,1,1,0,0,0,23920,0,0,0,0,0,0,0,0,3
1.495250,70.06,38.186,22.920,468,392,72.000,72,72,18.000,39.000,55.000,279,236,378,160,170,170,170,170,170,170,1,0,0,3,30,1,28.000,1,1,3,3,114,1,0,0,35,0,0,115,1,0,2,0,1,1,1,1,1,1,0,0,0,23924,0,0,0,0,0,0,0,0,3
1.495500,70.16,38.151,22.860,468,392,72.000,72,72,18.000,39.000,55.000,278,236,378,160,170,170,170,170,170,170,1,0,0,3,30,1,28.000,1,1,3,3,114,1,0,0,35,0,0,115,1,0,2,0,1,1,1,1,1,1,0,0,0,23928,0,0,0,0,0,0,0,0,3
1.495750,70.27,38.116,22.860,467,393,72.000,72,72,18.000,39.000,55.000,278,237,379,160,170,170,170,170,170,170,1,0,0,3,30,1,28.000,1,1,3,3,114,1,0,0,35,0,0,115,1,0,2,0,1,1,1,1,1,1,0,0,0,23932,0,0,0,0,0,0,0,0,3
1.496000,70.38,38.080,22.860,467,393,72.000,72,72,18.000,39.000,55.000,278,237,379,160,170,170,170,170,170,170,1,0,0,3,30,1,28.000,1,1,3,3,114,1,0,0,35,0,0,115,1,0,2,0,1,1,1,1,1,1,0,0,0,23936,0,0,0,0,0,0,0,0,3
1.496250,70.49,38.045,22.810,467,393,72.000,72,72,18.000,39.000,55.000,278,237,379,160,170,170,170,170,170,170,1,0,0,3,30,1,28.000,1,1,3,3,114,1,0,0,35,0,0,115,1,0,2,0,1,1,1,1,1,1,0,0,0,23940,0,0,0,0,0,0,0,0,3
1.496500,70.60,38.009,22.810,467,393,72.000,72,72,18.000,39.000,55.000,278,237,379,160,170,170,170,170,170,170,1,0,0,3,30,1,28.000,1,1,3,3,114,1,0,0,35,0,0,115,1,0,2,0,1,1,1,1,1,1,0,0,0,23944,0,0,0,0,0,0,0,0,3
1.496750,70.70,37.974,22.750,467,393,72.000,72,72,18.000,39.000,55.000,277,237,379,160,170,170,170,170,170,170,1,0,0,3,30,1,28.000,1,1,3,3,114,1,0,0,35,0,0,115,1,0,2,0,1,1,1,1,1,1,0,0,0,23948,0,0,0,0,0,0,0,0,3
1.497000,70.81,37.938,22.750,467,393,72.000,72,72,18.000,39.000,55.000,277,237,379,160,170,170,170,170,170,170,1,0,0,3,30,1,28.000,1,1,3,3,114,1,0,0,35,0,0,115,1,0,2,0,1,1,1,1,1,1,0,0,0,23952,0,0,0,0,0,0,0,0,3
1.497250,70.92,37.902,22.750,466,393,72.000,72,72,18.000,39.000,55.000,277,237,379,160,170,170,170,170,170,170,1,0,0,3,30,1,28.000,1,1,3,3,114,1,0,0,35,0,0,115,1,0,2,0,1,1,1,1,1,1,0,0,0,23956,0,0,0,0,0,0,0,0,3
1.497500,71.03,37.866,22.700,466,394,72.000,72,72,18.000,39.000,55.000,276,237,380,160,171,171,171,171,171,171,1,0,0,3,30,1,28.000,1,1,3,3,114,1,0,0,35,0,0,115,1,0,2,0,1,1,1,1,1,1,0,0,0,23960,0,0,0,0,0,0,0,0,3
1.497750,71.14,37.830,22.700,466,394,72.000,72,72,18.000,39.000,55.000,276,237,380,160,171,171,171,171,171,171,1,0,0,3,30,1,28.000,1,1,3,3,114,1,0,0,35,0,0,115,1,0,2,0,1,1,1,1,1,1,0,0,0,23964,0,0,0,0,0,0,0,0,3
1.498000,71.24,37.794,22.640,466,394,72.000,72,72,18.000,39.000,55.000,276,237,380,160,171,171,171,171,171,171,1,0,0,3,30,1,28.000,1,1,3,3,114,1,0,0,35,0,0,115,1,0,2,0,1,1,1,1,1,1,0,0,0,23968,0,0,0,0,0,0,0,0,3
1.498250,71.35,37.757,22.640,466,394,72.000,72,72,18.000,39.000,55.000,276,237,380,160,171,171,171,171,171,171,1,0,0,3,30,1,28.000,1,1,1,1,115,1,0,0,36,0,0,116,1,0,2,0,1,1,1,1,1,1,0,0,0,23972,0,0,0,0,0,0,0,0,3
1.498500,71.46,37.721,22.640,466,394,72.000,72,72,18.000,39.000,55.000,276,237,380,160,171,171,171,171,171,171,1,0,0,3,30,1,28.000,1,1,1,1,115,1,0,0,36,0,0,116,1,0,2,0,1,1,1,1,1,1,0,0,0,23976,0,0,0,0,0,0,0,0,3
1.498750,71.57,37.684,22.590,465,394,72.000,72,72,18.000,39.000,55.000,275,237,380,160,171,171,171,171,171,171,1,0,0,3,30,1,28.000,1,1,1,1,115,1,0,0,36,0,0,116,1,0,2,0,1,1,1,1,1,1,0,0,0,23980,0,0,0,0,0,0,0,0,3
1.499000,71.68,37.647,22.590,465,395,72.000,72,72,18.000,39.000,55.000,275,238,381,160,171,171,171,171,171,171,1,0,0,3,30,1,28.000,1,1,1,1,115,1,0,0,36,0,0,116,1,0,2,0,1,1,1,1,1,1,0,0,0,23984,0,0,0,0,0,0,0,0,3
1.499250,71.78,37.610,22.540,465,395,72.000,72,72,18.000,39.000,55.000,274,238,381,160,171,171,171,171,171,171,1,0,0,3,30,1,28.000,1,1,1,1,115,1,0,0,36,0,0,116,1,0,2,0,1,1,1,1,1,1,0,0,0,23988,0,0,0,0,0,0,0,0,3
1.499500,71.89,37.574,22.540,465,395,72.000,72,72,18.000,39.000,55.000,274,238,381,160,171,171,171,171,171,171,1,0,0,3,30,1,28.000,1,1,1,1,115,1,0,0,36,0,0,116,1,0,2,0,1,1,1,1,1,1,0,0,0,23992,0,0,0,0,0,0,0,0,3
1.499750,72.00,37.536,22.540,465,395,72.000,72,72,18.000,39.000,55.000,274,238,381,160,171,171,171,171,171,171,1,0,0,3,30,1,28.000,1,1,1,1,115,1,0,0,36,0,0,116,1,0,2,0,1,1,1,1,1,1,0,0,0,23996,0,0,0,0,0,0,0,0,3
1.500000,72.11,37.499,22.480,465,395,72.000,72,72,18.000,39.000,55.000,274,238,381,160,171,171,171,171,171,171,1,0,0,3,30,1,28.000,1,1,1,1,115,1,0,0,36,0,0,116,1,0,2,0,1,1,1,1,1,1,0,0,0,24000,0,0,0,0,0,0,0,0,3
1.500250,72.22,37.462,22.480,464,395,72.000,72,72,18.000,39.000,55.000,274,238,381,160,171,171,171,171,171,171,1,0,0,3,30,1,28.000,1,1,1,1,115,1,0,0,36,0,0,116,1,0,2,0,1,1,1,1,1,1,0,0,0,24004,0,0,0,0,0,0,0,0,3
1.500500,72.32,37.425,22.430,464,395,72.000,72,72,18.000,39.000,55.000,273,238,381,160,171,171,171,171,171,171,1,0,0,3,30,1,28.000,1,1,1,1,115,1,0,0,36,0,0,116,1,0,2,0,1,1,1,1,1,1,0,0,0,24008,0,0,0,0,0,0,0,0,3
1.500750,72.43,37.387,22.430,464,396,72.000,72,72,18.000,39.000,55.000,273,239,382,160,172,172,172,172,172,172,1,0,0,3,30,1,28.000,1,1,1,1,115,1,0,0,36,0,0,116,1,0,2,0,1,1,1,1,1,1,0,0,0,24012,0,0,0,0,0,0,0,0,3
1.501000,72.54,37.349,22.430,464,396,72.000,72,72,18.000,39.000,55.000,273,239,382,160,172,172,172,172,172,172,1,0,0,3,30,1,28.000,1,1,1,1,115,1,0,0,36,0,0,116,1,0,2,0,1,1,1,1,1,1,0,0,0,24016,0,0,0,0,0,0,0,0,3
1.501250,72.65,37.312,22.370,464,396,72.000,72,72,18.000,39.000,55.000,272,239,382,160,172,172,172,172,172,172,1,0,0,3,30,1,28.000,1,1,1,1,115,1,0,0,36,0,0,116,1,0,2,0,1,1,1,1,1,1,0,0,0,24020,0,0,0,0,0,0,0,0,3
1.501500,72.76,37.274,22.370,463,396,72.000,72,72,18.000,39.000,55.000,272,239,382,160,172,172,172,172,172,172,1,0,0,3,30,1,28.000,1,1,1,1,115,1,0,0,36,0,0,116,1,0,2,0,1,1,1,1,1,1,0,0,0,24024,0,0,0,0,0,0,0,0,3
1.501750,72.86,37.236,22.320,463,396,72.000,72,72,18.000,39.000,55.000,272,239,382,160,172,172,172,172,172,172,1,0,0,3,30,1,28.000,1,1,1,1,115,1,0,0,36,0,0,116,1,0,2,0,1,1,1,1,1,1,0,0,0,24028,0,0,0,0,0,0,0,0,3
1.502000,72.97,37.198,22.320,463,396,72.000,72,72,18.000,39.000,55.000,272,239,382,160,172,172,172,172,172,172,1,0,0,3,30,1,28.000,1,1,1,1,115,1,0,0,36,0,0,116,1,0,2,0,1,1,1,1,1,1,0,0,0,24032,0,0,0,0,0,0,0,0,3
1.502250,73.08,37.160,22.260,463,396,72.000,72,72,18.000,39.000,55.000,271,239,382,160,172,172,172,172,172,172,1,0,0,3,30,1,28.000,1,1,1,1,115,1,0,0,36,0,0,116,1,0,2,0,1,1,1,1,1,1,0,0,0,24036,0,0,0,0,0,0,0,0,3
1.502500,73.19,37.121,22.260,463,396,72.000,72,72,18.000,39.000,55.000,271,239,382,160,172,172,172,172,172,172,1,0,0,3,30,1,28.000,1,1,1,1,115,1,0,0,36,0,0,116,1,0,2,0,1,1,1,1,1,1,0,0,0,24040,0,0,0,0,0,0,0,0,3
1.502750,73.30,37.083,22.260,462,397,72.000,72,72,18.000,39.000,55.000,271,239,383,160,172,172,172,172,172,172,1,0,0,3,30,1,28.000,1,1,1,1,115,1,0,0,36,0,0,116,1,0,2,0,1,1,1,1,1,1,0,0,0,24044,0,0,0,0,0,0,0,0,3
1.503000,73.40,37.045,22.210,462,397,72.000,72,72,18.000,39.000,55.000,270,239,383,160,172,172,172,172,172,172,1,0,0,3,30,1,28.000,1,1,1,1,115,1,0,0,36,0,0,116,1,0,2,0,1,1,1,1,1,1,0,0,0,24048,0,0,0,0,0,0,0,0,3
1.503250,73.51,37.006,22.210,462,397,72.000,72,72,18.000,39.000,55.000,270,239,383,160,172,172,172,172,172,172,1,0,0,3,30,1,28.000,1,1,1,1,115,1,0,0,36,0,0,116,1,0,2,0,1,1,1,1,1,1,0,0,0,24052,0,0,0,0,0,0,0,0,3
1.503500,73.62,36.967,22.150,462,397,72.000,72,72,18.000,39.000,55.000,270,239,383,160,172,172,172,172,172,172,1,0,0,3,30,1,28.000,1,1,1,1,115,1,0,0,36,0,0,116,1,0,2,0,1,1,1,1,1,1,0,0,0,24056,0,0,0,0,0,0,0,0,3
1.503750,73.73,36.928,22.150,462,397,72.000,72,72,18.000,39.000,55.000,270,239,383,160,172,172,172,172,172,172,1,0,0,3,30,1,28.000,1,1,1,1,115,1,0,0,36,0,0,116,1,0,2,0,1,1,1,1,1,1,0,0,0,24060,0,0,0,0,0,0,0,0,3
1.504000,73.84,36.889,22.150,461,397,72.000,72,72,18.000,39.000,55.000,270,239,383,160,172,172,172,172,172,172,1,0,0,3,30,1,28.000,1,1,1,1,115,1,0,0,36,0,0,116,1,0,2,0,1,1,1,1,1,1,0,0,0,24064,0,0,0,0,0,0,0,0,3
1.504250,73.94,36.850,22.100,461,397,72.000,72,72,18.000,39.000,55.000,269,239,383,160,172,172,172,172,172,172,1,0,0,3,30,1,28.000,1,1,1,1,115,1,0,0,36,0,0,116,1,0,2,0,1,1,1,1,1,1,0,0,0,24068,0,0,0,0,0,0,0,0,3
1.504500,74.05,36.811,22.100,461,398,72.000,72,72,18.000,39.000,55.000,269,240,384,160,173,173,173,173,173,173,1,0,0,3,30,1,28.000,1,1,1,1,115,1,0,0,36,0,0,116,1,0,2,0,1,1,1,1,1,1,0,0,0,24072,0,0,0,0,0,0,0,0,3
1.504750,74.16,36.772,22.050,461,398,72.000,72,72,18.000,39.000,55.000,268,240,384,160,173,173,173,173,173,173,1,0,0,3,30,1,28.000,1,1,1,1,115,1,0,0,36,0,0,116,1,0,2,0,1,1,1,1,1,1,0,0,0,24076,0,0,0,0,0,0,0,0,3
1.505000,74.27,36.733,22.050,461,398,72.000,72,72,18.000,39.000,55.000,268,240,384,160,173,173,173,173,173,173,1,0,0,3,30,1,28.000,1,1,1,1,115,1,0,0,36,0,0,116,1,0,2,0,1,1,1,1,1,1,0,0,0,24080,0,0,0,0,0,0,0,0,3
1.505250,74.38,36.693,21.990,460,398,72.000,72,72,18.000,39.000,55.000,268,240,384,160,173,173,173,173,173,173,1,0,0,3,30,1,28.000,1,1,1,1,115,1,0,0,36,0,0,116,1,0,2,0,1,1,1,1,1,1,0,0,0,24084,0,0,0,0,0,0,0,0,3
1.505500,74.48,36.654,21.990,460,398,72.000,72,72,18.000,39.000,55.000,268,240,384,160,173,173,173,173,173,173,1,0,0,3,30,1,28.000,1,1,1,1,115,1,0,0,36,0,0,116,1,0,2,0,1,1,1,1,1,1,0,0,0,24088,0,0,0,0,0,0,0,0,3
1.505750,74.59,36.614,21.940,460,398,72.000,72,72,18.000,39.000,55.000,267,240,384,160,173,173,173,173,173,173,1,0,0,3,30,1,28.000,1,1,1,1,115,1,0,0,36,0,0,116,1,0,2,0,1,1,1,1,1,1,0,0,0,24092,0,0,0,0,0,0,0,0,3
1.506000,74.70,36.575,21.940,460,398,72.000,72,72,18.000,39.000,55.000,267,240,384,160,173,173,173,173,173,173,1,0,0,3,30,1,28.000,1,1,1,1,115,1,0,0,36,0,0,116,1,0,2,0,1,1,1,1,1,1,0,0,0,24096,0,0,0,0,0,0,0,0,3
1.506250,74.81,36.535,21.880,460,398,72.000,72,72,18.000,39.000,55.000,266,240,384,160,173,173,173,173,173,173,1,0,0,3,30,1,28.000,1,1,1,1,115,1,0,0,36,0,0,116,1,0,2,0,1,1,1,1,1,1,0,0,0,24100,0,0,0,0,0,0,0,0,3
1.506500,74.92,36.495,21.880,459,399,72.000,72,72,18.000,39.000,55.000,266,241,385,160,173,173,173,173,173,173,1,0,0,3,30,1,28.000,1,1,1,1,115,1,0,0,36,0,0,116,1,0,2,0,1,1,1,1,1,1,0,0,0,24104,0,0,0,0,0,0,0,0,3
1.506750,75.02,36.455,21.880,459,399,72.000,71,72,18.000,39.000,55.000,266,241,385,160,173,173,173,173,173,173,1,0,0,3,30,1,28.000,1,1,0,0,116,1,0,0,37,0,0,117,1,0,2,0,1,1,1,1,1,1,0,0,0,24108,0,0,0,0,0,0,0,0,3
1.507000,75.13,36.415,21.830,459,399,72.000,71,72,18.000,39.000,55.000,266,241,385,160,173,173,173,173,173,173,1,0,0,3,30,1,28.000,1,1,0,0,116,1,0,0,37,0,0,117,1,0,2,0,1,1,1,1,1,1,0,0,0,24112,0,0,0,0,0,0,0,0,3
1.507250,75.24,36.374,21.830,459,399,72.000,71,72,18.000,39.000,55.000,266,241,385,160,173,173,173,173,173,173,1,0,0,3,30,1,28.000,1,1,0,0,116,1,0,0,37,0,0,117,1,0,2,0,1,1,1,1,1,1,0,0,0,24116,0,0,0,0,0,0,0,0,3
1.507500,75.35,36.334,21.770,458,399,72.000,71,72,18.000,39.000,55.000,265,241,385,160,173,173,173,173,173,173,1,0,0,3,30,1,28.000,1,1,0,0,116,1,0,0,37,0,0,117,1,0,2,0,1,1,1,1,1,1,0,0,0,24120,0,0,0,0,0,0,0,0,3
1.507750,75.46,36.294,21.770,458,399,72.000,71,72,18.000,39.000,55.000,265,241,385,160,173,173,173,173,173,173,1,0,0,3,30,1,28.000,1,1,0,0,116,1,0,0,37,0,0,117,1,0,2,0,1,1,1,1,1,1,0,0,0,24124,0,0,0,0,0,0,0,0,3
1.508000,75.56,36.253,21.770,458,399,72.000,71,72,18.000,39.000,55.000,265,241,385,160,173,173,173,173,173,173,1,0,0,3,30,1,28.000,1,1,0,0,116,1,0,0,37,0,0,117,1,0,2,0,1,1,1,1,1,1,0,0,0,24128,0,0,0,0,0,0,0,0,3
1.508250,75.67,36.213,21.720,458,399,72.000,71,72,18.000,39.000,55.000,264,241,385,160,173,173,173,173,173,173,1,0,0,3,30,1,28.000,1,1,0,0,116,1,0,0,37,0,0,117,1,0,2,0,1,1,1,1,1,1,0,0,0,24132,0,0,0,0,0,0,0,0,3
1.508500,75.78,36.172,21.720,457,400,72.000,71,72,18.000,39.000,55.000,264,241,386,160,173,173,173,173,173,173,1,0,0,3,30,1,28.000,1,1,0,0,116,1,0,0,37,0,0,117,1,0,2,0,1,1,1,1,1,1,0,0,0,24136,0,0,0,0,0,0,0,0,3
1.508750,75.89,36.131,21.670,457,400,72.000,71,72,18.000,39.000,55.000,264,241,386,160,173,173,173,173,173,173,1,0,0,3,30,1,28.000,1,1,0,0,116,1,0,0,37,0,0,117,1,0,2,0,1,1,1,1,1,1,0,0,0,24140,0,0,0,0,0,0,0,0,3
1.509000,76.00,36.090,21.670,457,400,72.000,71,72,18.000,39.000,55.000,264,241,386,160,173,173,173,173,173,173,1,0,0,3,30,1,28.000,1,1,0,0,116,1,0,0,37,0,0,117,1,0,2,0,1,1,1,1,1,1,0,0,0,24144,0,0,0,0,0,0,0,0,3
1.509250,76.10,36.049,21.610,457,400,72.000,71,72,18.000,39.000,55.000,263,241,386,160,173,173,173,173,173,173,1,0,0,3,30,1,28.000,1,1,0,0,116,1,0,0,37,0,0,117,1,0,2,0,1,1,1,1,1,1,0,0,0,24148,0,0,0,0,0,0,0,0,3
1.509500,76.21,36.008,21.610,457,400,72.000,71,72,18.000,39.000,55.000,263,241,386,160,173,173,173,173,173,173,1,0,0,3,30,1,28.000,1,1,0,0,116,1,0,0,37,0,0,117,1,0,2,0,1,1,1,1,1,1,0,0,0,24152,0,0,0,0,0,0,0,0,3
1.509750,76.32,35.967,21.560,456,400,72.000,71,72,18.000,39.000,55.000,262,241,386,160,173,173,173,173,173,173,1,0,0,3,30,1,28.000,1,1,0,0,116,1,0,0,37,0,0,117,1,0,2,0,1,1,1,1,1,1,0,0,0,24156,0,0,0,0,0,0,0,0,3
1.510000,76.43,35.926,21.560,456,400,72.000,71,72,18.000,39.000,55.000,262,241,386,160,173,173,173,173,173,173,1,0,0,3,30,1,28.000,1,1,0,0,116,1,0,0,37,0,0,117,1,0,2,0,1,1,1,1,1,1,0,0,0,24160,0,0,0,0,0,0,0,0,3
1.510250,76.54,35.885,21.500,456,400,72.000,71,72,18.000,39.000,55.000,262,241,386,160,173,173,173,173,173,173,1,0,0,3,30,1,28.000,1,1,0,0,116,1,0,0,37,0,0,117,1,0,2,0,1,1,1,1,1,1,0,0,0,24164,0,0,0,0,0,0,0,0,3
1.510500,76.64,35.843,21.500,456,400,72.000,71,72,18.000,39.000,55.000,262,241,386,160,173,173,173,173,173,173,1,0,0,3,30,1,28.000,1,1,0,0,116,1,0,0,37,0,0,117,1,0,2,0,1,1,1,1,1,1,0,0,0,24168,0,0,0,0,0,0,0,0,3
1.510750,76.75,35.802,21.500,455,401,72.000,71,72,18.000,39.000,55.000,262,242,387,160,174,174,174,174,174,174,1,0,0,3,30,1,28.000,1,1,0,0,116,1,0,0,37,0,0,117,1,0,2,0,1,1,1,1,1,1,0,0,0,24172,0,0,0,0,0,0,0,0,3
1.511000,76.86,35.760,21.450,455,401,72.000,71,72,18.000,39.000,55.000,261,242,387,160,174,174,174,174,174,174,1,0,0,3,30,1,28.000,1,1,0,0,116,1,0,0,37,0,0,117,1,0,2,0,1,1,1,1,1,1,0,0,0,24176,0,0,0,0,0,0,0,0,3
1.511250,76.97,35.718,21.450,455,401,72.000,71,72,18.000,39.000,55.000,261,242,387,160,174,174,174,174,174,174,1,0,0,3,30,1,28.000,1,1,0,0,116,1,0,0,37,0,0,117,1,0,2,0,1,1,1,1,1,1,0,0,0,24180,0,0,0,0,0,0,0,0,3
1.511500,77.08,35.677,21.390,455,401,72.000,71,72,18.000,39.000,55.000,260,242,387,160,174,174,174,174,174,174,1,0,0,3,30,1,28.000,1,1,0,0,116,1,0,0,37,0,0,117,1,0,2,0,1,1,1,1,1,1,0,0,0,24184,0,0,0,0,0,0,0,0,3
1.511750,77.18,35.635,21.390,454,401,72.000,71,72,18.000,39.000,55.000,260,242,387,160,174,174,174,174,174,174,1,0,0,3,30,1,28.000,1,1,0,0,116,1,0,0,37,0,0,117,1,0,2,0,1,1,1,1,1,1,0,0,0,24188,0,0,0,0,0,0,0,0,3
1.512000,77.29,35.593,21.340,454,401,72.000,71,72,18.000,39.000,55.000,260,242,387,160,174,174,174,174,174,174,1,0,0,3,30,1,28.000,1,1,0,0,116,1,0,0,37,0,0,117,1,0,2,0,1,1,1,1,1,1,0,0,0,24192,0,0,0,0,0,0,0,0,3
1.512250,77.40,35.551,21.340,454,401,72.000,71,72,18.000,39.000,55.000,260,242,387,160,174,174,174,174,174,174,1,0,0,3,30,1,28.000,1,1,0,0,116,1,0,0,37,0,0,117,1,0,2,0,1,1,1,1,1,1,0,0,0,24196,0,0,0,0,0,0,0,0,3
1.512500,77.51,35.509,21.280,454,401,72.000,71,72,18.000,39.000,55.000,259,242,387,160,174,174,174,174,174,174,1,0,0,3,30,1,28.000,1,1,0,0,116,1,0,0,37,0,0,117,1,0,2,0,1,1,1,1,1,1,0,0,0,24200,0,0,0,0,0,0,0,0,3
1.512750,77.62,35.467,21.280,453,401,72.000,71,72,18.000,39.000,55.000,259,242,387,160,174,174,174,174,174,174,1,0,0,3,30,1,28.000,1,1,0,0,116,1,0,0,37,0,0,117,1,0,2,0,1,1,1,1,1,1,0,0,0,24204,0,0,0,0,0,0,0,0,3
1.513000,77.72,35.424,21.230,453,402,72.000,71,72,18.000,39.000,55.000,258,242,388,160,174,174,174,174,174,174,1,0,0,3,30,1,28.000,1,1,0,0,116,1,0,0,37,0,0,117,1,0,2,0,1,1,1,1,1,1,0,0,0,24208,0,0,0,0,0,0,0,0,3
1.513250,77.83,35.382,21.230,453,402,72.000,71,72,18.000,39.000,55.000,258,242,388,160,174,174,174,174,174,174,1,0,0,3,30,1,28.000,1,1,0,0,116,1,0,0,37,0,0,117,1,0,2,0,1,1,1,1,1,1,0,0,0,24212,0,0,0,0,0,0,0,0,3
1.513500,77.94,35.340,21.180,452,402,72.000,71,72,18.000,39.000,55.000,258,242,388,160,174,174,174,174,174,174,1,0,0,3,30,1,28.000,1,1,0,0,116,1,0,0,37,0,0,117,1,0,2,0,1,1,1,1,1,1,0,0,0,24216,0,0,0,0,0,0,0,0,3
1.513750,78.05,35.297,21.180,452,402,72.000,71,72,18.000,39.000,55.000,258,242,388,160,174,174,174,174,174,174,1,0,0,3,30,1,28.000,1,1,0,0,116,1,0,0,37,0,0,117,1,0,2,0,1,1,1,1,1,1,0,0,0,24220,0,0,0,0,0,0,0,0,3
1.514000,78.16,35.254,21.180,452,402,72.000,71,72,18.000,39.000,55.000,258,242,388,160,174,174,174,174,174,174,1,0,0,3,30,1,28.000,1,1,0,0,116,1,0,0,37,0,0,117,1,0,2,0,1,1,1,1,1,1,0,0,0,24224,0,0,0,0,0,0,0,0,3
1.514250,78.26,35.212,21.120,452,402,72.000,71,72,18.000,39.000,55.000,257,242,388,160,174,174,174,174,174,174,1,0,0,3,30,1,28.000,1,1,0,0,116,1,0,0,37,0,0,117,1,0,2,0,1,1,1,1,1,1,0,0,0,24228,0,0,0,0,0,0,0,0,3
1.514500,78.37,35.169,21.120,451,402,72.000,71,72,18.000,39.000,55.000,257,242,388,160,174,174,174,174,174,174,1,0,0,3,30,1,28.000,1,1,0,0,116,1,0,0,37,0,0,117,1,0,2,0,1,1,1,1,1,1,0,0,0,24232,0,0,0,0,0,0,0,0,3
1.514750,78.48,35.126,21.070,451,402,72.000,71,72,18.000,39.000,55.000,256,242,388,160,174,174,174,174,174,174,1,0,0,3,30,1,28.000,1,1,0,0,116,1,0,0,37,0,0,117,1,0,2,0,1,1,1,1,1,1,0,0,0,24236,0,0,0,0,0,0,0,0,3
1.515000,78.59,35.083,21.070,451,402,72.000,71,72,18.000,39.000,55.000,256,242,388,160,174,174,174,174,174,174,1,0,0,3,30,1,28.000,1,1,0,0,116,1,0,0,37,0,0,117,1,0,2,0,1,1,1,1,1,1,0,0,0,24240,0,0,0,0,0,0,0,0,3
1.515250,78.70,35.040,21.010,451,402,72.000,71,72,18.000,39.000,55.000,256,242,388,160,174,174,174,174,174,174,1,0,0,3,30,1,28.000,1,1,0,0,116,1,0,0,37,0,0,117,1,0,2,0,1,1,1,1,1,1,0,0,0,24244,0,0,0,0,0,0,0,0,3
1.515500,78.80,34.997,21.010,450,403,72.000,71,72,18.000,39.000,55.000,256,243,389,160,175,175,175,175,175,175,1,0,0,3,30,1,28.000,1,1,2,2,117,1,0,0,38,0,0,118,1,0,2,0,1,1,1,1,1,1,0,0,0,24248,0,0,0,0,0,0,0,0,3
1.515750,78.91,34.954,20.960,450,403,72.000,71,72,18.000,39.000,55.000,255,243,389,160,175,175,175,175,175,175,1,0,0,3,30,1,28.000,1,1,2,2,117,1,0,0,38,0,0,118,1,0,2,0,1,1,1,1,1,1,0,0,0,24252,0,0,0,0,0,0,0,0,3
1.516000,79.02,34.911,20.960,450,403,72.000,71,72,18.000,39.000,55.000,255,243,389,160,175,175,175,175,175,175,1,0,0,3,30,1,28.000,1,1,2,2,117,1,0,0,38,0,0,118,1,0,2,0,1,1,1,1,1,1,0,0,0,24256,0,0,0,0,0,0,0,0,3
1.516250,79.13,34.868,20.900,449,403,72.000,71,72,18.000,39.000,55.000,254,243,389,160,175,175,175,175,175,175,1,0,0,3,30,1,28.000,1,1,2,2,117,1,0,0,38,0,0,118,1,0,2,0,1,1,1,1,1,1,0,0,0,24260,0,0,0,0,0,0,0,0,3
1.516500,79.24,34.824,20.900,449,403,72.000,71,72,18.000,39.000,55.000,254,243,389,160,175,175,175,175,175,175,1,0,0,3,30,1,28.000,1,1,2,2,117,1,0,0,38,0,0,118,1,0,2,0,1,1,1,1,1,1,0,0,0,24264,0,0,0,0,0,0,0,0,3
1.516750,79.34,34.781,20.850,449,403,72.000,71,72,18.000,39.000,55.000,254,243,389,160,175,175,175,175,175,175,1,0,0,3,30,1,28.000,1,1,2,2,117,1,0,0,38,0,0,118,1,0,2,0,1,1,1,1,1,1,0,0,0,24268,0,0,0,0,0,0,0,0,3
1.517000,79.45,34.737,20.850,449,403,72.000,71,72,18.000,39.000,55.000,254,243,389,160,175,175,175,175,175,175,1,0,0,3,30,1,28.000,1,1,2,2,117,1,0,0,38,0,0,118,1,0,2,0,1,1,1,1,1,1,0,0,0,24272,0,0,0,0,0,0,0,0,3
1.517250,79.56,34.694,20.790,448,403,72.000,71,72,18.000,39.000,55.000,253,243,389,160,175,175,175,175,175,175,1,0,0,3,30,1,28.000,1,1,2,2,117,1,0,0,38,0,0,118,1,0,2,0,1,1,1,1,1,1,0,0,0,24276,0,0,0,0,0,0,0,0,3
1.517500,79.67,34.650,20.790,448,403,72.000,71,72,18.000,39.000,55.000,253,243,389,160,175,175,175,175,175,175,1,0,0,3,30,1,28.000,1,1,2,2,117,1,0,0,38,0,0,118,1,0,2,0,1,1,1,1,1,1,0,0,0,24280,0,0,0,0,0,0,0,0,3
1.517750,79.78,34.606,20.740,448,403,72.000,71,72,18.000,39.000,55.000,252,243,389,160,175,175,175,175,175,175,1,0,0,3,30,1,28.000,1,1,2,2,117,1,0,0,38,0,0,118,1,0,2,0,1,1,1,1,1,1,0,0,0,24284,0,0,0,0,0,0,0,0,3
1.518000,79.88,34.563,20.740,447,403,72.000,71,72,18.000,39.000,55.000,252,243,389,160,175,175,175,175,175,175,1,0,0,3,30,1,28.000,1,1,2,2,117,1,0,0,38,0,0,118,1,0,2,0,1,1,1,1,1,1,0,0,0,24288,0,0,0,0,0,0,0,0,3
1.518250,79.99,34.519,20.690,447,404,72.000,71,72,18.000,39.000,55.000,252,244,390,160,175,175,175,175,175,175,1,0,0,3,30,1,28.000,1,1,2,2,117,1,0,0,38,0,0,118,1,0,2,0,1,1,1,1,1,1,0,0,0,24292,0,0,0,0,0,0,0,0,3
1.518500,80.10,34.475,20.690,447,404,72.000,71,72,18.000,39.000,55.000,252,244,390,160,175,175,175,175,175,175,1,0,0,3,30,1,28.000,1,1,2,2,117,1,0,0,38,0,0,118,1,0,2,0,1,1,1,1,1,1,0,0,0,24296,0,0,0,0,0,0,0,0,3
1.518750,80.21,34.431,20.630,447,404,72.000,71,72,18.000,39.000,55.000,251,244,390,160,175,175,175,175,175,175,1,0,0,3,30,1,28.000,1,1,2,2,117,1,0,0,38,0,0,118,1,0,2,0,1,1,1,1,1,1,0,0,0,24300,0,0,0,0,0,0,0,0,3
1.519000,80.32,34.387,20.630,446,404,72.000,71,72,18.000,39.000,55.000,251,244,390,160,175,175,175,175,175,175,1,0,0,3,30,1,28.000,1,1,2,2,117,1,0,0,38,0,0,118,1,0,2,0,1,1,1,1,1,1,0,0,0,24304,0,0,0,0,0,0,0,0,3
1.519250,80.42,34.343,20.580,446,404,72.000,71,72,18.000,39.000,55.000,251,244,390,160,175,175,175,175,175,175,1,0,0,3,30,1,28.000,1,1,2,2,117,1,0,0,38,0,0,118,1,0,2,0,1,1,1,1,1,1,0,0,0,24308,0,0,0,0,0,0,0,0,3
1.519500,80.53,34.298,20.580,446,404,72.000,71,72,18.000,39.000,55.000,251,244,390,160,175,175,175,175,175,175,1,0,0,3,30,1,28.000,1,1,2,2,117,1,0,0,38,0,0,118,1,0,2,0,1,1,1,1,1,1,0,0,0,24312,0,0,0,0,0,0,0,0,3
1.519750,80.64,34.254,20.520,445,404,72.000,71,72,18.000,39.000,55.000,250,244,390,160,175,175,175,175,175,175,1,0,0,3,30,1,28.000,1,1,2,2,117,1,0,0,38,0,0,118,1,0,2,0,1,1,1,1,1,1,0,0,0,24316,0,0,0,0,0,0,0,0,3
1.520000,80.75,34.210,20.520,445,404,72.000,71,72,18.000,39.000,55.000,250,244,390,160,175,175,175,175,175,175,1,0,0,3,30,1,28.000,1,1,2,2,117,1,0,0,38,0,0,118,1,0,2,0,1,1,1,1,1,1,0,0,0,24320,0,0,0,0,0,0,0,0,3
1.520250,80.86,34.165,20.470,445,404,72.000,71,72,18.000,39.000,55.000,249,244,390,160,175,175,175,175,175,175,1,0,0,3,30,1,28.000,1,1,2,2,117,1,0,0,38,0,0,118,1,0,2,0,1,1,1,1,1,1,0,0,0,24324,0,0,0,0,0,0,0,0,3
1.520500,80.96,34.121,20.470,444,404,72.000,71,72,18.000,39.000,55.000,249,244,390,160,175,175,175,175,175,175,1,0,0,3,30,1,28.000,1,1,2,2,117,1,0,0,38,0,0,118,1,0,2,0,1,1,1,1,1,1,0,0,0,24328,0,0,0,0,0,0,0,0,3
1.520750,81.07,34.076,20.410,444,404,72.000,71,72,18.000,39.000,55.000,248,244,390,160,175,175,175,175,175,175,1,0,0,3,30,1,28.000,1,1,2,2,117,1,0,0,38,0,0,118,1,0,2,0,1,1,1,1,1,1,0,0,0,24332,0,0,0,0,0,0,0,0,3
1.521000,81.18,34.032,20.410,444,404,72.000,71,72,18.000,39.000,55.000,248,244,390,160,175,175,175,175,175,175,1,0,0,3,30,1,28.000,1,1,2,2,117,1,0,0,38,0,0,118,1,0,2,0,1,1,1,1,1,1,0,0,0,24336,0,0,0,0,0,0,0,0,3
1.521250,81.29,33.987,20.410,444,405,72.000,71,72,18.000,39.000,55.000,248,245,392,160,176,176,176,176,176,176,1,0,0,3,30,1,28.000,1,1,2,2,117,1,0,0,38,0,0,118,1,0,2,0,1,1,1,1,1,1,0,0,0,24340,0,0,0,0,0,0,0,0,3
1.521500,81.40,33.942,20.360,443,405,72.000,71,72,18.000,39.000,55.000,248,245,392,160,176,176,176,176,176,176,1,0,0,3,30,1,28.000,1,1,2,2,117,1,0,0,38,0,0,118,1,0,2,0,1,1,1,1,1,1,0,0,0,24344,0,0,0,0,0,0,0,0,3
1.521750,81.50,33.898,20.310,443,405,72.000,71,72,18.000,39.000,55.000,247,245,392,160,176,176,176,176,176,176,1,0,0,3,30,1,28.000,1,1,2,2,117,1,0,0,38,0,0,118,1,0,2,0,1,1,1,1,1,1,0,0,0,24348,0,0,0,0,0,0,0,0,3
1.522000,81.61,33.853,20.310,443,405,72.000,71,72,18.000,39.000,55.000,247,245,392,160,176,176,176,176,176,176,1,0,0,3,30,1,28.000,1,1,2,2,117,1,0,0,38,0,0,118,1,0,2,0,1,1,1,1,1,1,0,0,0,24352,0,0,0,0,0,0,0,0,3
1.522250,81.72,33.808,20.310,442,405,72.000,71,72,18.000,39.000,55.000,247,245,392,160,176,176,176,176,176,176,1,0,0,3,30,1,28.000,1,1,2,2,117,1,0,0,38,0,0,118,1,0,2,0,1,1,1,1,1,1,0,0,0,24356,0,0,0,0,0,0,0,0,3
1.522500,81.83,33.763,20.250,442,405,72.000,71,72,18.000,39.000,55.000,246,245,392,160,176,176,176,176,176,176,1,0,0,3,30,1,28.000,1,1,2,2,117,1,0,0,38,0,0,118,1,0,2,0,1,1,1,1,1,1,0,0,0,24360,0,0,0,0,0,0,0,0,3
1.522750,81.94,33.718,20.250,442,405,72.000,71,72,18.000,39.000,55.000,246,245,392,160,176,176,176,176,176,176,1,0,0,3,30,1,28.000,1,1,2,2,117,1,0,0,38,0,0,118,1,0,2,0,1,1,1,1,1,1,0,0,0,24364,0,0,0,0,0,0,0,0,3
1.523000,82.04,33.673,20.200,441,405,72.000,71,72,18.000,39.000,55.000,246,245,392,160,176,176,176,176,176,176,1,0,0,3,30,1,28.000,1,1,2,2,117,1,0,0,38,0,0,118,1,0,2,0,1,1,1,1,1,1,0,0,0,24368,0,0,0,0,0,0,0,0,3
1.523250,82.15,33.628,20.200,441,405,72.000,71,72,18.000,39.000,55.000,246,245,392,160,176,176,176,176,176,176,1,0,0,3,30,1,28.000,1,1,2,2,117,1,0,0,38,0,0,118,1,0,2,0,1,1,1,1,1,1,0,0,0,24372,0,0,0,0,0,0,0,0,3
1.523500,82.26,33.583,20.140,441,405,72.000,71,72,18.000,39.000,55.000,245,245,392,160,176,176,176,176,176,176,1,0,0,3,30,1,28.000,1,1,2,2,117,1,0,0,38,0,0,118,1,0,2,0,1,1,1,1,1,1,0,0,0,24376,0,0,0,0,0,0,0,0,3
1.523750,82.37,33.537,20.140,440,405,72.000,71,72,18.000,39.000,55.000,245,245,392,160,176,176,176,176,176,176,1,0,0,3,30,1,28.000,1,1,2,2,117,1,0,0,38,0,0,118,1,0,2,0,1,1,1,1,1,1,0,0,0,24380,0,0,0,0,0,0,0,0,3
1.524000,82.48,33.492,20.090,440,405,72.000,71,72,18.000,39.000,55.000,245,245,392,160,176,176,176,176,176,176,1,0,0,3,30,1,28.000,1,1,2,2,117,1,0,0,38,0,0,118,1,0,2,0,1,1,1,1,1,1,0,0,0,24384,0,0,0,0,0,0,0,0,3
1.524250,82.58,33.447,20.030,440,405,72.000,71,72,18.000,39.000,55.000,244,245,392,160,176,176,176,176,176,176,1,0,0,3,30,1,28.000,1,1,3,3,118,1,0,0,39,0,0,119,1,0,2,0,1,1,1,1,1,1,0,0,0,24388,0,0,0,0,0,0,0,0,3
1.524500,82.69,33.401,20.030,439,406,72.000,71,72,18.000,39.000,55.000,244,245,393,160,176,176,176,176,176,176,1,0,0,3,30,1,28.000,1,1,3,3,118,1,0,0,39,0,0,119,1,0,2,0,1,1,1,1,1,1,0,0,0,24392,0,0,0,0,0,0,0,0,3
1.524750,82.80,33.356,20.030,439,406,72.000,71,72,18.000,39.000,55.000,244,245,393,160,176,176,176,176,176,176,1,0,0,3,30,1,28.000,1,1,3,3,118,1,0,0,39,0,0,119,1,0,2,0,1,1,1,1,1,1,0,0,0,24396,0,0,0,0,0,0,0,0,3
1.525000,82.91,33.310,19.980,439,406,72.000,71,72,18.000,39.000,55.000,243,245,393,160,176,176,176,176,176,176,1,0,0,3,30,1,28.000,1,1,3,3,118,1,0,0,39,0,0,119,1,0,2,0,1,1,1,1,1,1,0,0,0,24400,0,0,0,0,0,0,0,0,3
1.525250,83.02,33.265,19.920,438,406,72.000,71,72,18.000,39.000,55.000,242,245,393,160,176,176,176,176,176,176,1,0,0,3,30,1,28.000,1,1,3,3,118,1,0,0,39,0,0,119,1,0,2,0,1,1,1,1,1,1,0,0,0,24404,0,0,0,0,0,0,0,0,3
1.525500,83.12,33.219,19.920,438,406,72.000,71,72,18.000,39.000,55.000,242,245,393,160,176,176,176,176,176,176,1,0,0,3,30,1,28.000,1,1,3,3,118,1,0,0,39,0,0,119,1,0,2,0,1,1,1,1,1,1,0,0,0,24408,0,0,0,0,0,0,0,0,3
1.525750,83.23,33.173,19.920,438,406,72.000,71,72,18.000,39.000,55.000,242,245,393,160,176,176,176,176,176,176,1,0,0,3,30,1,28.000,1,1,3,3,118,1,0,0,39,0,0,119,1,0,2,0,1,1,1,1,1,1,0,0,0,24412,0,0,0,0,0,0,0,0,3
1.526000,83.34,33.128,19.870,437,406,72.000,71,72,18.000,39.000,55.000,242,245,393,160,176,176,176,176,176,176,1,0,0,3,30,1,28.000,1,1,3,3,118,1,0,0,39,0,0,119,1,0,2,0,1,1,1,1,1,1,0,0,0,24416,0,0,0,0,0,0,0,0,3
1.526250,83.45,33.082,19.820,437,406,72.000,71,72,18.000,39.000,55.000,241,245,393,160,176,176,176,176,176,176,1,0,0,3,30,1,28.000,1,1,3,3,118,1,0,0,39,0,0,119,1,0,2,0,1,1,1,1,1,1,0,0,0,24420,0,0,0,0,0,0,0,0,3
1.526500,83.56,33.036,19.820,437,406,72.000,71,72,18.000,39.000,55.000,241,245,393,160,176,176,176,176,176,176,1,0,0,3,30,1,28.000,1,1,3,3,118,1,0,0,39,0,0,119,1,0,2,0,1,1,1,1,1,1,0,0,0,24424,0,0,0,0,0,0,0,0,3
1.526750,83.66,32.990,19.820,436,406,72.000,71,72,18.000,39.000,55.000,241,245,393,160,176,176,176,176,176,176,1,0,0,3,30,1,28.000,1,1,3,3,118,1,0,0,39,0,0,119,1,0,2,0,1,1,1,1,1,1,0,0,0,24428,0,0,0,0,0,0,0,0,3
1.527000,83.77,32.944,19.760,436,406,72.000,71,72,18.000,39.000,55.000,241,245,393,160,176,176,176,176,176,176,1,0,0,3,30,1,28.000,1,1,3,3,118,1,0,0,39,0,0,119,1,0,2,0,1,1,1,1,1,1,0,0,0,24432,0,0,0,0,0,0,0,0,3
1.527250,83.88,32.899,19.710,436,406,72.000,71,72,18.000,39.000,55.000,240,245,393,160,176,176,176,176,176,176,1,0,0,3,30,1,28.000,1,1,3,3,118,1,0,0,39,0,0,119,1,0,2,0,1,1,1,1,1,1,0,0,0,24436,0,0,0,0,0,0,0,0,3
1.527500,83.99,32.853,19.710,435,406,72.000,71,72,18.000,39.000,55.000,240,245,393,160,176,176,176,176,176,176,1,0,0,3,30,1,28.000,1,1,3,3,118,1,0,0,39,0,0,119,1,0,2,0,1,1,1,1,1,1,0,0,0,24440,0,0,0,0,0,0,0,0,3
1.527750,84.10,32.806,19.710,435,406,72.000,71,72,18.000,39.000,55.000,240,245,393,160,176,176,176,176,176,176,1,0,0,3,30,1,28.000,1,1,3,3,118,1,0,0,39,0,0,119,1,0,2,0,1,1,1,1,1,1,0,0,0,24444,0,0,0,0,0,0,0,0,3
1.528000,84.20,32.760,19.650,435,406,72.000,71,72,18.000,39.000,55.000,239,245,393,160,176,176,176,176,176,176,1,0,0,3,30,1,28.000,1,1,3,3,118,1,0,0,39,0,0,119,1,0,2,0,1,1,1,1,1,1,0,0,0,24448,0,0,0,0,0,0,0,0,3
1.528250,84.31,32.714,19.600,434,406,72.000,71,72,18.000,39.000,55.000,239,245,393,160,176,176,176,176,176,176,1,0,0,3,30,1,28.000,1,1,3,3,118,1,0,0,39,0,0,119,1,0,2,0,1,1,1,1,1,1,0,0,0,24452,0,0,0,0,0,0,0,0,3
1.528500,84.42,32.668,19.600,434,407,72.000,71,72,18.000,39.000,55.000,239,246,394,160,177,177,177,177,177,177,1,0,0,3,30,1,28.000,1,1,3,3,118,1,0,0,39,0,0,119,1,0,2,0,1,1,1,1,1,1,0,0,0,24456,0,0,0,0,0,0,0,0,3
1.528750,84.53,32.622,19.540,434,407,72.000,71,72,18.000,39.000,55.000,238,246,394,160,177,177,177,177,177,177,1,0,0,3,30,1,28.000,1,1,3,3,118,1,0,0,39,0,0,119,1,0,2,0,1,1,1,1,1,1,0,0,0,24460,0,0,0,0,0,0,0,0,3
1.529000,84.64,32.576,19.540,433,407,72.000,71,72,18.000,39.000,55.000,238,246,394,160,177,177,177,177,177,177,1,0,0,3,30,1,28.000,1,1,3,3,118,1,0,0,39,0,0,119,1,0,2,0,1,1,1,1,1,1,0,0,0,24464,0,0,0,0,0,0,0,0,3
1.529250,84.74,32.529,19.490,433,407,72.000,71,72,18.000,39.000,55.000,237,246,394,160,177,177,177,177,177,177,1,0,0,3,30,1,28.000,1,1,3,3,118,1,0,0,39,0,0,119,1,0,2,0,1,1,1,1,1,1,0,0,0,24468,0,0,0,0,0,0,0,0,3
1.529500,84.85,32.483,19.490,433,407,72.000,71,72,18.000,39.000,55.000,237,246,394,160,177,177,177,177,177,177,1,0,0,3,30,1,28.000,1,1,3,3,118,1,0,0,39,0,0,119,1,0,2,0,1,1,1,1,1,1,0,0,0,24472,0,0,0,0,0,0,0,0,3
1.529750,84.96,32.437,19.440,432,407,72.000,71,72,18.000,39.000,55.000,237,246,394,160,177,177,177,177,177,177,1,0,0,3,30,1,28.000,1,1,3,3,118,1,0,0,39,0,0,119,1,0,2,0,1,1,1,1,1,1,0,0,0,24476,0,0,0,0,0,0,0,0,3
1.530000,85.07,32.390,19.440,432,407,72.000,71,72,18.000,39.000,55.000,237,246,394,160,177,177,177,177,177,177,1,0,0,3,30,1,28.000,1,1,3,3,118,1,0,0,39,0,0,119,1,0,2,0,1,1,1,1,1,1,0,0,0,24480,0,0,0,0,0,0,0,0,3
1.530250,85.18,32.344,19.380,432,407,72.000,71,72,18.000,39.000,55.000,236,246,394,160,177,177,177,177,177,177,1,0,0,3,30,1,28.000,1,1,3,3,118,1,0,0,39,0,0,119,1,0,2,0,1,1,1,1,1,1,0,0,0,24484,0,0,0,0,0,0,0,0,3
1.530500,85.28,32.297,19.380,431,407,72.000,71,72,18.000,39.000,55.000,236,246,394,160,177,177,177,177,177,177,1,0,0,3,30,1,28.000,1,1,3,3,118,1,0,0,39,0,0,119,1,0,2,0,1,1,1,1,1,1,0,0,0,24488,0,0,0,0,0,0,0,0,3
1.530750,85.39,32.251,19.330,431,407,72.000,71,72,18.000,39.000,55.000,235,246,394,160,177,177,177,177,177,177,1,0,0,3,30,1,28.000,1,1,3,3,118,1,0,0,39,0,0,119,1,0,2,0,1,1,1,1,1,1,0,0,0,24492,0,0,0,0,0,0,0,0,3
1.531000,85.50,32.204,19.330,431,407,72.000,71,72,18.000,39.000,55.000,235,246,394,160,177,177,177,177,177,177,1,0,0,3,30,1,28.000,1,1,3,3,118,1,0,0,39,0,0,119,1,0,2,0,1,1,1,1,1,1,0,0,0,24496,0,0,0,0,0,0,0,0,3
1.531250,85.61,32.158,19.270,430,407,72.000,71,72,18.000,39.000,55.000,235,246,394,160,177,177,177,177,177,177,1,0,0,3,30,1,28.000,1,1,3,3,118,1,0,0,39,0,0,119,1,0,2,0,1,1,1,1,1,1,0,0,0,24500,0,0,0,0,0,0,0,0,3
1.531500,85.72,32.111,19.270,430,407,72.000,71,72,18.000,39.000,55.000,235,246,394,160,177,177,177,177,177,177,1,0,0,3,30,1,28.000,1,1,3,3,118,1,0,0,39,0,0,119,1,0,2,0,1,1,1,1,1,1,0,0,0,24504,0,0,0,0,0,0,0,0,3
1.531750,85.82,32.064,19.220,429,407,72.000,71,72,18.000,39.000,55.000,234,246,394,160,177,177,177,177,177,177,1,0,0,3,30,1,28.000,1,1,3,3,118,1,0,0,39,0,0,119,1,0,2,0,1,1,1,1,1,1,0,0,0,24508,0,0,0,0,0,0,0,0,3
1.532000,85.93,32.018,19.220,429,407,72.000,71,72,18.000,39.000,55.000,234,246,394,160,177,177,177,177,177,177,1,0,0,3,30,1,28.000,1,1,3,3,118,1,0,0,39,0,0,119,1,0,2,0,1,1,1,1,1,1,0,0,0,24512,0,0,0,0,0,0,0,0,3
1.532250,86.04,31.971,19.160,429,407,72.000,71,72,18.000,39.000,55.000,233,246,394,160,177,177,177,177,177,177,1,0,0,3,30,1,28.000,1,1,3,3,118,1,0,0,39,0,0,119,1,0,2,0,1,1,1,1,1,1,0,0,0,24516,0,0,0,0,0,0,0,0,3
1.532500,86.15,31.924,19.160,428,407,72.000,71,72,18.000,39.000,55.000,233,246,394,160,177,177,177,177,177,177,1,0,0,3,30,1,28.000,1,1,3,3,118,1,0,0,39,0,0,119,1,0,2,0,1,1,1,1,1,1,0,0,0,24520,0,0,0,0,0,0,0,0,3
1.532750,86.26,31.877,19.110,428,407,72.000,71,72,18.000,39.000,55.000,233,246,394,160,177,177,177,177,177,177,1,0,0,3,30,1,28.000,1,1,1,1,119,1,0,0,40,0,0,120,1,0,2,0,1,1,1,1,1,1,0,0,0,24524,0,0,0,0,0,0,0,0,3
1.533000,86.36,31.830,19.110,428,407,72.000,71,72,18.000,39.000,55.000,233,246,394,160,177,177,177,177,177,177,1,0,0,3,30,1,28.000,1,1,1,1,119,1,0,0,40,0,0,120,1,0,2,0,1,1,1,1,1,1,0,0,0,24528,0,0,0,0,0,0,0,0,3
1.533250,86.47,31.784,19.050,427,407,72.000,71,72,18.000,39.000,55.000,232,246,394,160,177,177,177,177,177,177,1,0,0,3,30,1,28.000,1,1,1,1,119,1,0,0,40,0,0,120,1,0,2,0,1,1,1,1,1,1,0,0,0,24532,0,0,0,0,0,0,0,0,3
1.533500,86.58,31.737,19.050,427,407,72.000,71,72,18.000,39.000,55.000,232,246,394,160,177,177,177,177,177,177,1,0,0,3,30,1,28.000,1,1,1,1,119,1,0,0,40,0,0,120,1,0,2,0,1,1,1,1,1,1,0,0,0,24536,0,0,0,0,0,0,0,0,3
1.533750,86.69,31.690,19.000,427,407,72.000,71,72,18.000,39.000,55.000,231,246,394,160,177,177,177,177,177,177,1,0,0,3,30,1,28.000,1,1,1,1,119,1,0,0,40,0,0,120,1,0,2,0,1,1,1,1,1,1,0,0,0,24540,0,0,0,0,0,0,0,0,3
1.534000,86.80,31.643,19.000,426,408,72.000,71,72,18.000,39.000,55.000,231,246,395,160,177,177,177,177,177,177,1,0,0,3,30,1,28.000,1,1,1,1,119,1,0,0,40,0,0,120,1,0,2,0,1,1,1,1,1,1,0,0,0,24544,0,0,0,0,0,0,0,0,3
1.534250,86.90,31.596,18.950,426,408,72.000,71,72,18.000,39.000,55.000,231,246,395,160,177,177,177,177,177,177,1,0,0,3,30,1,28.000,1,1,1,1,119,1,0,0,40,0,0,120,1,0,2,0,1,1,1,1,1,1,0,0,0,24548,0,0,0,0,0,0,0,0,3
1.534500,87.01,31.549,18.950,425,408,72.000,71,72,18.000,39.000,55.000,231,246,395,160,177,177,177,177,177,177,1,0,0,3,30,1,28.000,1,1,1,1,119,1,0,0,40,0,0,120,1,0,2,0,1,1,1,1,1,1,0,0,0,24552,0,0,0,0,0,0,0,0,3
1.534750,87.12,31.502,18.890,425,408,72.000,71,72,18.000,39.000,55.000,230,246,395,160,177,177,177,177,177,177,1,0,0,3,30,1,28.000,1,1,1,1,119,1,0,0,40,0,0,120,1,0,2,0,1,1,1,1,1,1,0,0,0,24556,0,0,0,0,0,0,0,0,3
1.535000,87.23,31.455,18.890,425,408,72.000,71,72,18.000,39.000,55.000,230,246,395,160,177,177,177,177,177,177,1,0,0,3,30,1,28.000,1,1,1,1,119,1,0,0,40,0,0,120,1,0,2,0,1,1,1,1,1,1,0,0,0,24560,0,0,0,0,0,0,0,0,3
1.535250,87.34,31.408,18.840,424,408,72.000,71,72,18.000,39.000,55.000,229,246,395,160,177,177,177,177,177,177,1,0,0,3,30,1,28.000,1,1,1,1,119,1,0,0,40,0,0,120,1,0,2,0,1,1,1,1,1,1,0,0,0,24564,0,0,0,0,0,0,0,0,3
1.535500,87.44,31.360,18.840,424,408,72.000,71,72,18.000,39.000,55.000,229,246,395,160,177,177,177,177,177,177,1,0,0,3,30,1,28.000,1,1,1,1,119,1,0,0,40,0,0,120,1,0,2,0,1,1,1,1,1,1,0,0,0,24568,0,0,0,0,0,0,0,0,3
1.535750,87.55,31.313,18.780,424,408,72.000,71,72,18.000,39.000,55.000,229,246,395,160,177,177,177,177,177,177,1,0,0,3,30,1,28.000,1,1,1,1,119,1,0,0,40,0,0,120,1,0,2,0,1,1,1,1,1,1,0,0,0,24572,0,0,0,0,0,0,0,0,3
1.536000,87.66,31.266,18.730,423,408,72.000,71,72,18.000,39.000,55.000,228,246,395,160,177,177,177,177,177,177,1,0,0,3,30,1,28.000,1,1,1,1,119,1,0,0,40,0,0,120,1,0,2,0,1,1,1,1,1,1,0,0,0,24576,0,0,0,0,0,0,0,0,3
1.536250,87.77,31.219,18.730,423,408,72.000,71,72,18.000,39.000,55.000,228,246,395,160,177,177,177,177,177,177,1,0,0,3,30,1,28.000,1,1,1,1,119,1,0,0,40,0,0,120,1,0,2,0,1,1,1,1,1,1,0,0,0,24580,0,0,0,0,0,0,0,0,3
1.536500,87.88,31.172,18.670,422,408,72.000,71,72,18.000,39.000,55.000,227,246,395,160,177,177,177,177,177,177,1,0,0,3,30,1,28.000,1,1,1,1,119,1,0,0,40,0,0,120,1,0,2,0,1,1,1,1,1,1,0,0,0,24584,0,0,0,0,0,0,0,0,3
1.536750,87.98,31.125,18.670,422,408,72.000,71,72,18.000,39.000,55.000,227,246,395,160,177,177,177,177,177,177,1,0,0,3,30,1,28.000,1,1,1,1,119,1,0,0,40,0,0,120,1,0,2,0,1,1,1,1,1,1,0,0,0,24588,0,0,0,0,0,0,0,0,3
1.537000,88.09,31.077,18.620,422,408,72.000,71,72,18.000,39.000,55.000,227,246,395,160,177,177,177,177,177,177,1,0,0,3,30,1,28.000,1,1,1,1,119,1,0,0,40,0,0,120,1,0,2,0,1,1,1,1,1,1,0,0,0,24592,0,0,0,0,0,0,0,0,3
1.537250,88.20,31.030,18.620,421,408,72.000,71,72,18.000,39.000,55.000,227,246,395,160,177,177,177,177,177,177,1,0,0,3,30,1,28.000,1,1,1,1,119,1,0,0,40,0,0,120,1,0,2,0,1,1,1,1,1,1,0,0,0,24596,0,0,0,0,0,0,0,0,3
1.537500,88.31,30.983,18.560,421,408,72.000,71,72,18.000,39.000,55.000,226,246,395,160,177,177,177,177,177,177,1,0,0,3,30,1,28.000,1,1,1,1,119,1,0,0,40,0,0,120,1,0,2,0,1,1,1,1,1,1,0,0,0,24600,0,0,0,0,0,0,0,0,3
1.537750,88.42,30.935,18.560,421,408,72.000,71,72,18.000,39.000,55.000,226,246,395,160,177,177,177,177,177,177,1,0,0,3,30,1,28.000,1,1,1,1,119,1,0,0,40,0,0,120,1,0,2,0,1,1,1,1,1,1,0,0,0,24604,0,0,0,0,0,0,0,0,3
1.538000,88.52,30.888,18.510,420,408,72.000,71,72,18.000,39.000,55.000,225,246,395,160,177,177,177,177,177,177,1,0,0,3,30,1,28.000,1,1,1,1,119,1,0,0,40,0,0,120,1,0,2,0,1,1,1,1,1,1,0,0,0,24608,0,0,0,0,0,0,0,0,3
1.538250,88.63,30.841,18.510,420,408,72.000,71,72,18.000,39.000,55.000,225,246,395,160,177,177,177,177,177,177,1,0,0,3,30,1,28.000,1,1,1,1,119,1,0,0,40,0,0,120,1,0,2,0,1,1,1,1,1,1,0,0,0,24612,0,0,0,0,0,0,0,0,3
1.538500,88.74,30.793,18.460,419,408,72.000,71,72,18.000,39.000,55.000,225,246,395,160,177,177,177,177,177,177,1,0,0,3,30,1,28.000,1,1,1,1,119,1,0,0,40,0,0,120,1,0,2,0,1,1,1,1,1,1,0,0,0,24616,0,0,0,0,0,0,0,0,3
1.538750,88.85,30.746,18.460,419,408,72.000,71,72,18.000,39.000,55.000,225,246,395,160,177,177,177,177,177,177,1,0,0,3,30,1,28.000,1,1,1,1,119,1,0,0,40,0,0,120,1,0,2,0,1,1,1,1,1,1,0,0,0,24620,0,0,0,0,0,0,0,0,3
1.539000,88.96,30.699,18.400,419,408,72.000,71,72,18.000,39.000,55.000,224,246,395,160,177,177,177,177,177,177,1,0,0,3,30,1,28.000,1,1,1,1,119,1,0,0,40,0,0,120,1,0,2,0,1,1,1,1,1,1,0,0,0,24624,0,0,0,0,0,0,0,0,3
1.539250,89.06,30.651,18.400,418,408,72.000,71,72,18.000,39.000,55.000,224,246,395,160,177,177,177,177,177,177,1,0,0,3,30,1,28.000,1,1,1,1,119,1,0,0,40,0,0,120,1,0,2,0,1,1,1,1,1,1,0,0,0,24628,0,0,0,0,0,0,0,0,3
1.539500,89.17,30.604,18.350,418,408,72.000,71,72,18.000,39.000,55.000,223,246,395,160,177,177,177,177,177,177,1,0,0,3,30,1,28.000,1,1,1,1,119,1,0,0,40,0,0,120,1,0,2,0,1,1,1,1,1,1,0,0,0,24632,0,0,0,0,0,0,0,0,3
1.539750,89.28,30.556,18.350,417,408,72.000,71,72,18.000,39.000,55.000,223,246,395,160,177,177,177,177,177,177,1,0,0,3,30,1,28.000,1,1,1,1,119,1,0,0,40,0,0,120,1,0,2,0,1,1,1,1,1,1,0,0,0,24636,0,0,0,0,0,0,0,0,3
1.540000,89.39,30.509,18.290,417,408,72.000,71,72,18.000,39.000,55.000,223,246,395,160,177,177,177,177,177,177,1,0,0,3,30,1,28.000,1,1,1,1,119,1,0,0,40,0,0,120,1,0,2,0,1,1,1,1,1,1,0,0,0,24640,0,0,0,0,0,0,0,0,3
1.540250,89.50,30.462,18.290,417,408,72.000,71,72,18.000,39.000,55.000,223,246,395,160,177,177,177,177,177,177,1,0,0,3,30,1,28.000,1,1,1,1,119,1,0,0,40,0,0,120,1,0,2,0,1,1,1,1,1,1,0,0,0,24644,0,0,0,0,0,0,0,0,3
1.540500,89.60,30.414,18.240,416,408,72.000,71,72,18.000,39.000,55.000,222,246,395,160,177,177,177,177,177,177,1,0,0,3,30,1,28.000,1,1,1,1,119,1,0,0,40,0,0,120,1,0,2,0,1,1,1,1,1,1,0,0,0,24648,0,0,0,0,0,0,0,0,3
1.540750,89.71,30.367,18.180,416,408,72.000,71,72,18.000,39.000,55.000,221,246,395,160,177,177,177,177,177,177,1,0,0,3,30,1,28.000,1,1,1,1,119,1,0,0,40,0,0,120,1,0,2,0,1,1,1,1,1,1,0,0,0,24652,0,0,0,0,0,0,0,0,3
1.541000,89.82,30.319,18.180,415,408,72.000,71,72,18.000,39.000,55.000,221,246,395,160,177,177,177,177,177,177,1,0,0,3,30,1,28.000,1,1,1,1,119,1,0,0,40,0,0,120,1,0,2,0,1,1,1,1,1,1,0,0,0,24656,0,0,0,0,0,0,0,0,3
1.541250,89.93,30.272,18.180,415,408,72.000,71,72,18.000,39.000,55.000,221,246,395,160,177,177,177,177,177,177,1,0,0,3,30,1,28.000,1,1,1,1,119,1,0,0,40,0,0,120,1,0,2,0,1,1,1,1,1,1,0,0,0,24660,0,0,0,0,0,0,0,0,3
1.541500,90.04,30.224,18.130,415,408,72.000,71,72,18.000,39.000,55.000,221,246,395,160,177,177,177,177,177,177,1,0,0,3,30,1,28.000,1,1,0,0,120,1,0,0,41,0,0,121,1,0,2,0,1,1,1,1,1,1,0,0,0,24664,0,0,0,0,0,0,0,0,3
1.541750,90.14,30.177,18.080,414,408,72.000,71,72,18.000,39.000,55.000,220,246,395,160,177,177,177,177,177,177,1,0,0,3,30,1,28.000,1,1,0,0,120,1,0,0,41,0,0,121,1,0,2,0,1,1,1,1,1,1,0,0,0,24668,0,0,0,0,0,0,0,0,3
1.542000,90.25,30.129,18.080,414,408,72.000,71,72,18.000,39.000,55.000,220,246,395,160,177,177,177,177,177,177,1,0,0,3,30,1,28.000,1,1,0,0,120,1,0,0,41,0,0,121,1,0,2,0,1,1,1,1,1,1,0,0,0,24672,0,0,0,0,0,0,0,0,3
1.542250,90.36,30.082,18.020,413,408,72.000,71,72,18.000,39.000,55.000,219,246,395,160,177,177,177,177,177,177,1,0,0,3,30,1,28.000,1,1,0,0,120,1,0,0,41,0,0,121,1,0,2,0,1,1,1,1,1,1,0,0,0,24676,0,0,0,0,0,0,0,0,3
1.542500,90.47,30.034,18.020,413,408,72.000,71,72,18.000,39.000,55.000,219,246,395,160,177,177,177,177,177,177,1,0,0,3,30,1,28.000,1,1,0,0,120,1,0,0,41,0,0,121,1,0,2,0,1,1,1,1,1,1,0,0,0,24680,0,0,0,0,0,0,0,0,3
1.542750,90.58,29.987,17.970,413,408,72.000,71,72,18.000,39.000,55.000,219,246,395,160,177,177,177,177,177,177,1,0,0,3,30,1,28.000,1,1,0,0,120,1,0,0,41,0,0,121,1,0,2,0,1,1,1,1,1,1,0,0,0,24684,0,0,0,0,0,0,0,0,3
1.543000,90.68,29.939,17.970,412,408,72.000,71,72,18.000,39.000,55.000,219,246,395,160,177,177,177,177,177,177,1,0,0,3,30,1,28.000,1,1,0,0,120,1,0,0,41,0,0,121,1,0,2,0,1,1,1,1,1,1,0,0,0,24688,0,0,0,0,0,0,0,0,3
1.543250,90.79,29.891,17.910,412,408,72.000,71,72,18.000,39.000,55.000,218,246,395,160,177,177,177,177,177,177,1,0,0,3,30,1,28.000,1,1,0,0,120,1,0,0,41,0,0,121,1,0,2,0,1,1,1,1,1,1,0,0,0,24692,0,0,0,0,0,0,0,0,3
1.543500,90.90,29.844,17.910,411,408,72.000,71,72,18.000,39.000,55.000,218,246,395,160,177,177,177,177,177,177,1,0,0,3,30,1,28.000,1,1,0,0,120,1,0,0,41,0,0,121,1,0,2,0,1,1,1,1,1,1,0,0,0,24696,0,0,0,0,0,0,0,0,3
1.543750,91.01,29.796,17.860,411,408,72.000,71,72,18.000,39.000,55.000,217,246,395,160,177,177,177,177,177,177,1,0,0,3,30,1,28.000,1,1,0,0,120,1,0,0,41,0,0,121,1,0,2,0,1,1,1,1,1,1,0,0,0,24700,0,0,0,0,0,0,0,0,3
1.544000,91.12,29.749,17.860,411,408,72.000,71,72,18.000,39.000,55.000,217,246,395,160,177,177,177,177,177,177,1,0,0,3,30,1,28.000,1,1,0,0,120,1,0,0,41,0,0,121,1,0,2,0,1,1,1,1,1,1,0,0,0,24704,0,0,0,0,0,0,0,0,3
1.544250,91.22,29.701,17.800,410,408,72.000,71,72,18.000,39.000,55.000,217,246,395,160,177,177,177,177,177,177,1,0,0,3,30,1,28.000,1,1,0,0,120,1,0,0,41,0,0,121,1,0,2,0,1,1,1,1,1,1,0,0,0,24708,0,0,0,0,0,0,0,0,3
1.544500,91.33,29.654,17.800,410,408,72.000,71,72,18.000,39.000,55.000,217,246,395,160,177,177,177,177,177,177,1,0,0,3,30,1,28.000,1,1,0,0,120,1,0,0,41,0,0,121,1,0,2,0,1,1,1,1,1,1,0,0,0,24712,0,0,0,0,0,0,0,0,3
1.544750,91.44,29.606,17.750,409,408,72.000,71,72,18.000,39.000,55.000,216,246,395,160,177,177,177,177,177,177,1,0,0,3,30,1,28.000,1,1,0,0,120,1,0,0,41,0,0,121,1,0,2,0,1,1,1,1,1,1,0,0,0,24716,0,0,0,0,0,0,0,0,3
1.545000,91.55,29.559,17.750,409,408,72.000,71,72,18.000,39.000,55.000,216,246,395,160,177,177,177,177,177,177,1,0,0,3,30,1,28.000,1,1,0,0,120,1,0,0,41,0,0,121,1,0,2,0,1,1,1,1,1,1,0,0,0,24720,0,0,0,0,0,0,0,0,3
1.545250,91.66,29.511,17.690,409,408,72.000,71,72,18.000,39.000,55.000,215,246,395,160,177,177,177,177,177,177,1,0,0,3,30,1,28.000,1,1,0,0,120,1,0,0,41,0,0,121,1,0,2,0,1,1,1,1,1,1,0,0,0,24724,0,0,0,0,0,0,0,0,3
1.545500,91.76,29.464,17.690,408,408,72.000,71,72,18.000,39.000,55.000,215,246,395,160,177,177,177,177,177,177,1,0,0,3,30,1,28.000,1,1,0,0,120,1,0,0,41,0,0,121,1,0,2,0,1,1,1,1,1,1,0,0,0,24728,0,0,0,0,0,0,0,0,3
1.545750,91.87,29.416,17.640,408,408,72.000,71,72,18.000,39.000,55.000,215,246,395,160,177,177,177,177,177,177,1,0,0,3,30,1,28.000,1,1,0,0,120,1,0,0,41,0,0,121,1,0,2,0,1,1,1,1,1,1,0,0,0,24732,0,0,0,0,0,0,0,0,3
1.546000,91.98,29.369,17.640,407,408,72.000,71,72,18.000,39.000,55.000,215,246,395,160,177,177,177,177,177,177,1,0,0,3,30,1,28.000,1,1,0,0,120,1,0,0,41,0,0,121,1,0,2,0,1,1,1,1,1,1,0,0,0,24736,0,0,0,0,0,0,0,0,3
1.546250,92.09,29.321,17.590,407,408,72.000,71,72,18.000,39.000,55.000,214,246,395,160,177,177,177,177,177,177,1,0,0,3,30,1,28.000,1,1,0,0,120,1,0,0,41,0,0,121,1,0,2,0,1,1,1,1,1,1,0,0,0,24740,0,0,0,0,0,0,0,0,3
1.546500,92.20,29.273,17.590,407,408,72.000,71,72,18.000,39.000,55.000,214,246,395,160,177,177,177,177,177,177,1,0,0,3,30,1,28.000,1,1,0,0,120,1,0,0,41,0,0,121,1,0,2,0,1,1,1,1,1,1,0,0,0,24744,0,0,0,0,0,0,0,0,3
1.546750,92.30,29.226,17.530,406,408,72.000,71,72,18.000,39.000,55.000,213,246,395,160,177,177,177,177,177,177,1,0,0,3,30,1,28.000,1,1,0,0,120,1,0,0,41,0,0,121,1,0,2,0,1,1,1,1,1,1,0,0,0,24748,0,0,0,0,0,0,0,0,3
1.547000,92.41,29.178,17.480,406,408,72.000,71,72,18.000,39.000,55.000,213,246,395,160,177,177,177,177,177,177,1,0,0,3,30,1,28.000,1,1,0,0,120,1,0,0,41,0,0,121,1,0,2,0,1,1,1,1,1,1,0,0,0,24752,0,0,0,0,0,0,0,0,3
1.547250,92.52,29.131,17.480,405,408,72.000,71,72,18.000,39.000,55.000,213,246,395,160,177,177,177,177,177,177,1,0,0,3,30,1,28.000,1,1,0,0,120,1,0,0,41,0,0,121,1,0,2,0,1,1,1,1,1,1,0,0,0,24756,0,0,0,0,0,0,0,0,3
1.547500,92.63,29.083,17.480,405,408,72.000,71,72,18.000,39.000,55.000,213,246,395,160,177,177,177,177,177,177,1,0,0,3,30,1,28.000,1,1,0,0,120,1,0,0,41,0,0,121,1,0,2,0,1,1,1,1,1,1,0,0,0,24760,0,0,0,0,0,0,0,0,3
1.547750,92.74,29.036,17.420,404,408,72.000,71,72,18.000,39.000,55.000,212,246,395,160,177,177,177,177,177,177,1,0,0,3,30,1,28.000,1,1,0,0,120,1,0,0,41,0,0,121,1,0,2,0,1,1,1,1,1,1,0,0,0,24764,0,0,0,0,0,0,0,0,3
1.548000,92.84,28.988,17.370,404,408,72.000,71,72,18.000,39.000,55.000,211,246,395,160,177,177,177,177,177,177,1,0,0,3,30,1,28.000,1,1,0,0,120,1,0,0,41,0,0,121,1,0,2,0,1,1,1,1,1,1,0,0,0,24768,0,0,0,0,0,0,0,0,3
1.548250,92.95,28.941,17.370,404,408,72.000,71,72,18.000,39.000,55.000,211,246,395,160,177,177,177,177,177,177,1,0,0,3,30,1,28.000,1,1,0,0,120,1,0,0,41,0,0,121,1,0,2,0,1,1,1,1,1,1,0,0,0,24772,0,0,0,0,0,0,0,0,3
1.548500,93.06,28.894,17.310,403,408,72.000,71,72,18.000,39.000,55.000,211,246,395,160,177,177,177,177,177,177,1,0,0,3,30,1,28.000,1,1,0,0,120,1,0,0,41,0,0,121,1,0,2,0,1,1,1,1,1,1,0,0,0,24776,0,0,0,0,0,0,0,0,3
1.548750,93.17,28.846,17.310,403,408,72.000,71,72,18.000,39.000,55.000,211,246,395,160,177,177,177,177,177,177,1,0,0,3,30,1,28.000,1,1,0,0,120,1,0,0,41,0,0,121,1,0,2,0,1,1,1,1,1,1,0,0,0,24780,0,0,0,0,0,0,0,0,3
1.549000,93.28,28.799,17.260,402,408,72.000,71,72,18.000,39.000,55.000,210,246,395,160,177,177,177,177,177,177,1,0,0,3,30,1,28.000,1,1,0,0,120,1,0,0,41,0,0,121,1,0,2,0,1,1,1,1,1,1,0,0,0,24784,0,0,0,0,0,0,0,0,3
1.549250,93.38,28.751,17.260,402,408,72.000,71,72,18.000,39.000,55.000,210,246,395,160,177,177,177,177,177,177,1,0,0,3,30,1,28.000,1,1,0,0,120,1,0,0,41,0,0,121,1,0,2,0,1,1,1,1,1,1,0,0,0,24788,0,0,0,0,0,0,0,0,3
1.549500,93.49,28.704,17.210,401,408,72.000,71,72,18.000,39.000,55.000,209,246,395,160,177,177,177,177,177,177,1,0,0,3,30,1,28.000,1,1,0,0,120,1,0,0,41,0,0,121,1,0,2,0,1,1,1,1,1,1,0,0,0,24792,0,0,0,0,0,0,0,0,3
1.549750,93.60,28.656,17.210,401,408,72.000,71,72,18.000,39.000,55.000,209,246,395,160,177,177,177,177,177,177,1,0,0,3,30,1,28.000,1,1,0,0,120,1,0,0,41,0,0,121,1,0,2,0,1,1,1,1,1,1,0,0,0,24796,0,0,0,0,0,0,0,0,3
1.550000,93.71,28.609,17.150,401,408,72.000,71,72,18.000,39.000,55.000,209,246,395,160,177,177,177,177,177,177,1,0,0,3,30,1,28.000,1,1,0,0,120,1,0,0,41,0,0,121,1,0,2,0,1,1,1,1,1,1,0,0,0,24800,0,0,0,0,0,0,0,0,3
1.550250,93.82,28.562,17.150,400,408,72.000,71,72,18.000,39.000,55.000,209,246,395,160,177,177,177,177,177,177,1,0,0,3,30,1,28.000,1,1,2,2,121,1,0,0,42,0,0,122,1,0,2,0,1,1,1,1,1,1,0,0,0,24804,0,0,0,0,0,0,0,0,3
1.550500,93.92,28.514,17.100,400,408,72.000,71,72,18.000,39.000,55.000,208,246,395,160,177,177,177,177,177,177,1,0,0,3,30,1,28.000,1,1,2,2,121,1,0,0,42,0,0,122,1,0,2,0,1,1,1,1,1,1,0,0,0,24808,0,0,0,0,0,0,0,0,3
1.550750,94.03,28.467,17.100,399,408,72.000,71,72,18.000,39.000,55.000,208,246,395,160,177,177,177,177,177,177,1,0,0,3,30,1,28.000,1,1,2,2,121,1,0,0,42,0,0,122,1,0,2,0,1,1,1,1,1,1,0,0,0,24812,0,0,0,0,0,0,0,0,3
1.551000,94.14,28.420,17.040,399,408,72.000,71,72,18.000,39.000,55.000,207,246,395,160,177,177,177,177,177,177,1,0,0,3,30,1,28.000,1,1,2,2,121,1,0,0,42,0,0,122,1,0,2,0,1,1,1,1,1,1,0,0,0,24816,0,0,0,0,0,0,0,0,3
1.551250,94.25,28.372,17.040,398,408,72.000,71,72,18.000,39.000,55.000,207,246,395,160,177,177,177,177,177,177,1,0,0,3,30,1,28.000,1,1,2,2,121,1,0,0,42,0,0,122,1,0,2,0,1,1,1,1,1,1,0,0,0,24820,0,0,0,0,0,0,0,0,3
1.551500,94.36,28.325,16.990,398,408,72.000,71,72,18.000,39.000,55.000,207,246,395,160,177,177,177,177,177,177,1,0,0,3,30,1,28.000,1,1,2,2,121,1,0,0,42,0,0,122,1,0,2,0,1,1,1,1,1,1,0,0,0,24824,0,0,0,0,0,0,0,0,3
1.551750,94.46,28.278,16.930,398,408,72.000,71,72,18.000,39.000,55.000,206,246,395,160,177,177,177,177,177,177,1,0,0,3,30,1,28.000,1,1,2,2,121,1,0,0,42,0,0,122,1,0,2,0,1,1,1,1,1,1,0,0,0,24828,0,0,0,0,0,0,0,0,3
1.552000,94.57,28.231,16.930,397,408,72.000,71,72,18.000,39.000,55.000,206,246,395,160,177,177,177,177,177,177,1,0,0,3,30,1,28.000,1,1,2,2,121,1,0,0,42,0,0,122,1,0,2,0,1,1,1,1,1,1,0,0,0,24832,0,0,0,0,0,0,0,0,3
1.552250,94.68,28.183,16.930,397,408,72.000,71,72,18.000,39.000,55.000,206,246,395,160,177,177,177,177,177,177,1,0,0,3,30,1,28.000,1,1,2,2,121,1,0,0,42,0,0,122,1,0,2,0,1,1,1,1,1,1,0,0,0,24836,0,0,0,0,0,0,0,0,3
1.552500,94.79,28.136,16.880,396,408,72.000,71,72,18.000,39.000,55.000,205,246,395,160,177,177,177,177,177,177,1,0,0,3,30,1,28.000,1,1,2,2,121,1,0,0,42,0,0,122,1,0,2,0,1,1,1,1,1,1,0,0,0,24840,0,0,0,0,0,0,0,0,3
1.552750,94.90,28.089,16.820,396,408,72.000,71,72,18.000,39.000,55.000,205,246,395,160,177,177,177,177,177,177,1,0,0,3,30,1,28.000,1,1,2,2,121,1,0,0,42,0,0,122,1,0,2,0,1,1,1,1,1,1,0,0,0,24844,0,0,0,0,0,0,0,0,3
1.553000,95.00,28.042,16.820,395,408,72.000,71,72,18.000,39.000,55.000,205,246,395,160,177,177,177,177,177,177,1,0,0,3,30,1,28.000,1,1,2,2,121,1,0,0,42,0,0,122,1,0,2,0,1,1,1,1,1,1,0,0,0,24848,0,0,0,0,0,0,0,0,3
1.553250,95.11,27.995,16.770,395,408,72.000,71,72,18.000,39.000,55.000,204,246,395,160,177,177,177,177,177,177,1,0,0,3,30,1,28.000,1,1,2,2,121,1,0,0,42,0,0,122,1,0,2,0,1,1,1,1,1,1,0,0,0,24852,0,0,0,0,0,0,0,0,3
1.553500,95.22,27.948,16.770,395,408,72.000,71,72,18.000,39.000,55.000,204,246,395,160,177,177,177,177,177,177,1,0,0,3,30,1,28.000,1,1,2,2,121,1,0,0,42,0,0,122,1,0,2,0,1,1,1,1,1,1,0,0,0,24856,0,0,0,0,0,0,0,0,3
1.553750,95.33,27.900,16.720,394,408,72.000,71,72,18.000,39.000,55.000,203,246,395,160,177,177,177,177,177,177,1,0,0,3,30,1,28.000,1,1,2,2,121,1,0,0,42,0,0,122,1,0,2,0,1,1,1,1,1,1,0,0,0,24860,0,0,0,0,0,0,0,0,3
1.554000,95.44,27.853,16.720,394,408,72.000,71,72,18.000,39.000,55.000,203,246,395,160,177,177,177,177,177,177,1,0,0,3,30,1,28.000,1,1,2,2,121,1,0,0,42,0,0,122,1,0,2,0,1,1,1,1,1,1,0,0,0,24864,0,0,0,0,0,0,0,0,3
1.554250,95.54,27.806,16.660,393,408,72.000,71,72,18.000,39.000,55.000,203,246,395,160,177,177,177,177,177,177,1,0,0,3,30,1,28.000,1,1,2,2,121,1,0,0,42,0,0,122,1,0,2,0,1,1,1,1,1,1,0,0,0,24868,0,0,0,0,0,0,0,0,3
1.554500,95.65,27.759,16.660,393,408,72.000,71,72,18.000,39.000,55.000,203,246,395,160,177,177,177,177,177,177,1,0,0,3,30,1,28.000,1,1,2,2,121,1,0,0,42,0,0,122,1,0,2,0,1,1,1,1,1,1,0,0,0,24872,0,0,0,0,0,0,0,0,3
1.554750,95.76,27.712,16.610,392,408,72.000,71,72,18.000,39.000,55.000,202,246,395,160,177,177,177,177,177,177,1,0,0,3,30,1,28.000,1,1,2,2,121,1,0,0,42,0,0,122,1,0,2,0,1,1,1,1,1,1,0,0,0,24876,0,0,0,0,0,0,0,0,3
1.555000,95.87,27.665,16.610,392,408,72.000,71,72,18.000,39.000,55.000,202,246,395,160,177,177,177,177,177,177,1,0,0,3,30,1,28.000,1,1,2,2,121,1,0,0,42,0,0,122,1,0,2,0,1,1,1,1,1,1,0,0,0,24880,0,0,0,0,0,0,0,0,3
1.555250,95.98,27.618,16.550,392,408,72.000,71,72,18.000,39.000,55.000,201,246,395,160,177,177,177,177,177,177,1,0,0,3,30,1,28.000,1,1,2,2,121,1,0,0,42,0,0,122,1,0,2,0,1,1,1,1,1,1,0,0,0,24884,0,0,0,0,0,0,0,0,3
1.555500,96.08,27.572,16.550,391,408,72.000,71,72,18.000,39.000,55.000,201,246,395,160,177,177,177,177,177,177,1,0,0,3,30,1,28.000,1,1,2,2,121,1,0,0,42,0,0,122,1,0,2,0,1,1,1,1,1,1,0,0,0,24888,0,0,0,0,0,0,0,0,3
1.555750,96.19,27.525,16.500,391,408,72.000,71,72,18.000,39.000,55.000,201,246,395,160,177,177,177,177,177,177,1,0,0,3,30,1,28.000,1,1,2,2,121,1,0,0,42,0,0,122,1,0,2,0,1,1,1,1,1,1,0,0,0,24892,0,0,0,0,0,0,0,0,3
1.556000,96.30,27.478,16.500,390,408,72.000,71,72,18.000,39.000,55.000,201,246,395,160,177,177,177,177,177,177,1,0,0,3,30,1,28.000,1,1,2,2,121,1,0,0,42,0,0,122,1,0,2,0,1,1,1,1,1,1,0,0,0,24896,0,0,0,0,0,0,0,0,3
1.556250,96.41,27.431,16.440,390,408,72.000,71,72,18.000,39.000,55.000,200,246,395,160,177,177,177,177,177,177,1,0,0,3,30,1,28.000,1,1,2,2,121,1,0,0,42,0,0,122,1,0,2,0,1,1,1,1,1,1,0,0,0,24900,0,0,0,0,0,0,0,0,3
1.556500,96.52,27.384,16.440,389,408,72.000,71,72,18.000,39.000,55.000,200,246,395,160,177,177,177,177,177,177,1,0,0,3,30,1,28.000,1,1,2,2,121,1,0,0,42,0,0,122,1,0,2,0,1,1,1,1,1,1,0,0,0,24904,0,0,0,0,0,0,0,0,3
1.556750,96.62,27.338,16.390,389,408,72.000,71,72,18.000,39.000,55.000,199,246,395,160,177,177,177,177,177,177,1,0,0,3,30,1,28.000,1,1,2,2,121,1,0,0,42,0,0,122,1,0,2,0,1,1,1,1,1,1,0,0,0,24908,0,0,0,0,0,0,0,0,3
1.557000,96.73,27.291,16.390,388,408,72.000,71,72,18.000,39.000,55.000,199,246,395,160,177,177,177,177,177,177,1,0,0,3,30,1,28.000,1,1,2,2,121,1,0,0,42,0,0,122,1,0,2,0,1,1,1,1,1,1,0,0,0,24912,0,0,0,0,0,0,0,0,3
1.557250,96.84,27.244,16.330,388,408,72.000,71,72,18.000,39.000,55.000,199,246,395,160,177,177,177,177,177,177,1,0,0,3,30,1,28.000,1,1,2,2,121,1,0,0,42,0,0,122,1,0,2,0,1,1,1,1,1,1,0,0,0,24916,0,0,0,0,0,0,0,0,3
1.557500,96.95,27.198,16.330,388,408,72.000,71,72,18.000,39.000,55.000,199,246,395,160,177,177,177,177,177,177,1,0,0,3,30,1,28.000,1,1,2,2,121,1,0,0,42,0,0,122,1,0,2,0,1,1,1,1,1,1,0,0,0,24920,0,0,0,0,0,0,0,0,3
1.557750,97.06,27.151,16.280,387,408,72.000,71,72,18.000,39.000,55.000,198,246,395,160,177,177,177,177,177,177,1,0,0,3,30,1,28.000,1,1,2,2,121,1,0,0,42,0,0,122,1,0,2,0,1,1,1,1,1,1,0,0,0,24924,0,0,0,0,0,0,0,0,3
1.558000,97.16,27.104,16.280,387,408,72.000,71,72,18.000,39.000,55.000,198,246,395,160,177,177,177,177,177,177,1,0,0,3,30,1,28.000,1,1,2,2,121,1,0,0,42,0,0,122,1,0,2,0,1,1,1,1,1,1,0,0,0,24928,0,0,0,0,0,0,0,0,3
1.558250,97.27,27.058,16.230,386,408,72.000,71,72,18.000,39.000,55.000,197,246,395,160,177,177,177,177,177,177,1,0,0,3,30,1,28.000,1,1,2,2,121,1,0,0,42,0,0,122,1,0,2,0,1,1,1,1,1,1,0,0,0,24932,0,0,0,0,0,0,0,0,3
1.558500,97.38,27.011,16.230,386,408,72.000,71,72,18.000,39.000,55.000,197,246,395,160,177,177,177,177,177,177,1,0,0,3,30,1,28.000,1,1,2,2,121,1,0,0,42,0,0,122,1,0,2,0,1,1,1,1,1,1,0,0,0,24936,0,0,0,0,0,0,0,0,3
1.558750,97.49,26.965,16.170,385,408,72.000,71,72,18.000,39.000,55.000,197,246,395,160,177,177,177,177,177,177,1,0,0,3,30,1,28.000,1,1,2,2,121,1,0,0,42,0,0,122,1,0,2,0,1,1,1,1,1,1,0,0,0,24940,0,0,0,0,0,0,0,0,3
1.559000,97.60,26.918,16.170,385,408,72.000,71,72,18.000,39.000,55.000,197,246,395,160,177,177,177,177,177,177,1,0,0,3,30,1,28.000,1,1,3,3,122,1,0,0,43,0,0,123,1,0,2,0,1,1,1,1,1,1,0,0,0,24944,0,0,0,0,0,0,0,0,3
1.559250,97.70,26.872,16.120,384,408,72.000,71,72,18.000,39.000,55.000,196,246,395,160,177,177,177,177,177,177,1,0,0,3,30,1,28.000,1,1,3,3,122,1,0,0,43,0,0,123,1,0,2,0,1,1,1,1,1,1,0,0,0,24948,0,0,0,0,0,0,0,0,3
1.559500,97.81,26.826,16.120,384,408,72.000,71,72,18.000,39.000,55.000,196,246,395,160,177,177,177,177,177,177,1,0,0,3,30,1,28.000,1,1,3,3,122,1,0,0,43,0,0,123,1,0,2,0,1,1,1,1,1,1,0,0,0,24952,0,0,0,0,0,0,0,0,3
1.559750,97.92,26.779,16.060,384,408,72.000,71,72,18.000,39.000,55.000,195,246,395,160,177,177,177,177,177,177,1,0,0,3,30,1,28.000,1,1,3,3,122,1,0,0,43,0,0,123,1,0,2,0,1,1,1,1,1,1,0,0,0,24956,0,0,0,0,0,0,0,0,3
1.560000,98.03,26.733,16.060,383,408,72.000,71,72,18.000,39.000,55.000,195,246,395,160,177,177,177,177,177,177,1,0,0,3,30,1,28.000,1,1,3,3,122,1,0,0,43,0,0,123,1,0,2,0,1,1,1,1,1,1,0,0,0,24960,0,0,0,0,0,0,0,0,3
1.560250,98.14,26.687,16.010,383,408,72.000,71,72,18.000,39.000,55.000,195,246,395,160,177,177,177,177,177,177,1,0,0,3,30,1,28.000,1,1,3,3,122,1,0,0,43,0,0,123,1,0,2,0,1,1,1,1,1,1,0,0,0,24964,0,0,0,0,0,0,0,0,3
1.560500,98.24,26.641,15.950,382,408,72.000,71,72,18.000,39.000,55.000,194,246,395,160,177,177,177,177,177,177,1,0,0,3,30,1,28.000,1,1,3,3,122,1,0,0,43,0,0,123,1,0,2,0,1,1,1,1,1,1,0,0,0,24968,0,0,0,0,0,0,0,0,3
1.560750,98.35,26.595,15.950,382,408,72.000,71,72,18.000,39.000,55.000,194,246,395,160,177,177,177,177,177,177,1,0,0,3,30,1,28.000,1,1,3,3,122,1,0,0,43,0,0,123,1,0,2,0,1,1,1,1,1,1,0,0,0,24972,0,0,0,0,0,0,0,0,3
1.561000,98.46,26.549,15.900,381,408,72.000,71,72,18.000,39.000,55.000,193,246,395,160,177,177,177,177,177,177,1,0,0,3,30,1,28.000,1,1,3,3,122,1,0,0,43,0,0,123,1,0,2,0,1,1,1,1,1,1,0,0,0,24976,0,0,0,0,0,0,0,0,3
1.561250,98.57,26.503,15.900,381,408,72.000,71,72,18.000,39.000,55.000,193,246,395,160,177,177,177,177,177,177,1,0,0,3,30,1,28.000,1,1,3,3,122,1,0,0,43,0,0,123,1,0,2,0,1,1,1,1,1,1,0,0,0,24980,0,0,0,0,0,0,0,0,3
1.561500,98.68,26.457,15.850,380,408,72.000,71,72,18.000,39.000,55.000,193,246,395,160,177,177,177,177,177,177,1,0,0,3,30,1,28.000,1,1,3,3,122,1,0,0,43,0,0,123,1,0,2,0,1,1,1,1,1,1,0,0,0,24984,0,0,0,0,0,0,0,0,3
1.561750,98.78,26.411,15.850,380,407,72.000,71,72,18.000,39.000,55.000,193,246,394,160,177,177,177,177,177,177,1,0,0,3,30,1,28.000,1,1,3,3,122,1,0,0,43,0,0,123,1,0,2,0,1,1,1,1,1,1,0,0,0,24988,0,0,0,0,0,0,0,0,3
1.562000,98.89,26.365,15.790,380,407,72.000,71,72,18.000,39.000,55.000,192,246,394,160,177,177,177,177,177,177,1,0,0,3,30,1,28.000,1,1,3,3,122,1,0,0,43,0,0,123,1,0,2,0,1,1,1,1,1,1,0,0,0,24992,0,0,0,0,0,0,0,0,3
1.562250,99.00,26.319,15.790,379,407,72.000,71,72,18.000,39.000,55.000,192,246,394,160,177,177,177,177,177,177,1,0,0,3,30,1,28.000,1,1,3,3,122,1,0,0,43,0,0,123,1,0,2,0,1,1,1,1,1,1,0,0,0,24996,0,0,0,0,0,0,0,0,3
1.562500,99.11,26.273,15.740,379,407,72.000,71,72,18.000,39.000,55.000,191,246,394,160,177,177,177,177,177,177,1,0,0,3,30,1,28.000,1,1,3,3,122,1,0,0,43,0,0,123,1,0,2,0,1,1,1,1,1,1,0,0,0,25000,0,0,0,0,0,0,0,0,3
1.562750,99.22,26.227,15.740,378,407,72.000,71,72,18.000,39.000,55.000,191,246,394,160,177,177,177,177,177,177,1,0,0,3,30,1,28.000,1,1,3,3,122,1,0,0,43,0,0,123,1,0,2,0,1,1,1,1,1,1,0,0,0,25004,0,0,0,0,0,0,0,0,3
1.563000,99.32,26.182,15.680,378,407,72.000,71,72,18.000,39.000,55.000,191,246,394,160,177,177,177,177,177,177,1,0,0,3,30,1,28.000,1,1,3,3,122,1,0,0,43,0,0,123,1,0,2,0,1,1,1,1,1,1,0,0,0,25008,0,0,0,0,0,0,0,0,3
1.563250,99.43,26.136,15.680,377,407,72.000,71,72,18.000,39.000,55.000,191,246,394,160,177,177,177,177,177,177,1,0,0,3,30,1,28.000,1,1,3,3,122,1,0,0,43,0,0,123,1,0,2,0,1,1,1,1,1,1,0,0,0,25012,0,0,0,0,0,0,0,0,3
1.563500,99.54,26.090,15.630,377,407,72.000,71,72,18.000,39.000,55.000,190,246,394,160,177,177,177,177,177,177,1,0,0,3,30,1,28.000,1,1,3,3,122,1,0,0,43,0,0,123,1,0,2,0,1,1,1,1,1,1,0,0,0,25016,0,0,0,0,0,0,0,0,3
1.563750,99.65,26.045,15.630,376,407,72.000,71,72,18.000,39.000,55.000,190,246,394,160,177,177,177,177,177,177,1,0,0,3,30,1,28.000,1,1,3,3,122,1,0,0,43,0,0,123,1,0,2,0,1,1,1,1,1,1,0,0,0,25020,0,0,0,0,0,0,0,0,3
1.564000,99.76,25.999,15.570,376,407,72.000,71,72,18.000,39.000,55.000,189,246,394,160,177,177,177,177,177,177,1,0,0,3,30,1,28.000,1,1,3,3,122,1,0,0,43,0,0,123,1,0,2,0,1,1,1,1,1,1,0,0,0,25024,0,0,0,0,0,0,0,0,3
1.564250,99.86,25.954,15.570,375,407,72.000,71,72,18.000,39.000,55.000,189,246,394,160,177,177,177,177,177,177,1,0,0,3,30,1,28.000,1,1,3,3,122,1,0,0,43,0,0,123,1,0,2,0,1,1,1,1,1,1,0,0,0,25028,0,0,0,0,0,0,0,0,3
1.564500,99.97,25.908,15.520,375,407,72.000,71,72,18.000,39.000,55.000,189,246,394,160,177,177,177,177,177,177,1,0,0,3,30,1,28.000,1,1,3,3,122,1,0,0,43,0,0,123,1,0,2,0,1,1,1,1,1,1,0,0,0,25032,0,0,0,0,0,0,0,0,3
1.564750,100.08,25.863,15.520,375,407,72.000,71,72,18.000,39.000,55.000,189,246,394,160,177,177,177,177,177,177,1,0,0,3,30,1,28.000,1,1,3,3,122,1,0,0,43,0,0,123,1,0,2,0,1,1,1,1,1,1,0,0,0,25036,0,0,0,0,0,0,0,0,3
1.565000,100.19,25.818,15.460,374,407,72.000,71,72,18.000,39.000,55.000,188,246,394,160,177,177,177,177,177,177,1,0,0,3,30,1,28.000,1,1,3,3,122,1,0,0,43,0,0,123,1,0,2,0,1,1,1,1,1,1,0,0,0,25040,0,0,0,0,0,0,0,0,3
1.565250,100.30,25.772,15.460,374,407,72.000,71,72,18.000,39.000,55.000,188,246,394,160,177,177,177,177,177,177,1,0,0,3,30,1,28.000,1,1,3,3,122,1,0,0,43,0,0,123,1,0,2,0,1,1,1,1,1,1,0,0,0,25044,0,0,0,0,0,0,0,0,3
1.565500,100.40,25.727,15.410,373,407,72.000,71,72,18.000,39.000,55.000,187,246,394,160,177,177,177,177,177,177,1,0,0,3,30,1,28.000,1,1,3,3,122,1,0,0,43,0,0,123,1,0,2,0,1,1,1,1,1,1,0,0,0,25048,0,0,0,0,0,0,0,0,3
1.565750,100.51,25.682,15.410,373,407,72.000,71,72,18.000,39.000,55.000,187,246,394,160,177,177,177,177,177,177,1,0,0,3,30,1,28.000,1,1,3,3,122,1,0,0,43,0,0,123,1,0,2,0,1,1,1,1,1,1,0,0,0,25052,0,0,0,0,0,0,0,0,3
1.566000,100.62,25.637,15.360,372,407,72.000,71,72,18.000,39.000,55.000,187,246,394,160,177,177,177,177,177,177,1,0,0,3,30,1,28.000,1,1,3,3,122,1,0,0,43,0,0,123,1,0,2,0,1,1,1,1,1,1,0,0,0,25056,0,0,0,0,0,0,0,0,3
1.566250,100.73,25.592,15.360,372,407,72.000,71,72,18.000,39.000,55.000,187,246,394,160,177,177,177,177,177,177,1,0,0,3,30,1,28.000,1,1,3,3,122,1,0,0,43,0,0,123,1,0,2,0,1,1,1,1,1,1,0,0,0,25060,0,0,0,0,0,0,0,0,3
1.566500,100.84,25.547,15.300,371,407,72.000,71,72,18.000,39.000,55.000,186,246,394,160,177,177,177,177,177,177,1,0,0,3,30,1,28.000,1,1,3,3,122,1,0,0,43,0,0,123,1,0,2,0,1,1,1,1,1,1,0,0,0,25064,0,0,0,0,0,0,0,0,3
1.566750,100.94,25.502,15.300,371,407,72.000,71,72,18.000,39.000,55.000,186,246,394,160,177,177,177,177,177,177,1,0,0,3,30,1,28.000,1,1,3,3,122,1,0,0,43,0,0,123,1,0,2,0,1,1,1,1,1,1,0,0,0,25068,0,0,0,0,0,0,0,0,3
1.567000,101.05,25.457,15.250,370,407,72.000,71,72,18.000,39.000,55.000,186,246,394,160,177,177,177,177,177,177,1,0,0,3,30,1,28.000,1,1,3,3,122,1,0,0,43,0,0,123,1,0,2,0,1,1,1,1,1,1,0,0,0,25072,0,0,0,0,0,0,0,0,3
1.567250,101.16,25.412,15.250,370,407,72.000,71,72,18.000,39.000,55.000,186,246,394,160,177,177,177,177,177,177,1,0,0,3,30,1,28.000,1,1,3,3,122,1,0,0,43,0,0,123,1,0,2,0,1,1,1,1,1,1,0,0,0,25076,0,0,0,0,0,0,0,0,3
1.567500,101.27,25.368,15.250,369,407,72.000,71,72,18.000,39.000,55.000,186,246,394,160,177,177,177,177,177,177,1,0,0,3,30,1,28.000,1,1,1,1,123,1,0,0,44,0,0,124,1,0,2,0,1,1,1,1,1,1,0,0,0,25080,0,0,0,0,0,0,0,0,3
1.567750,101.38,25.323,15.190,369,407,72.000,71,72,18.000,39.000,55.000,185,246,394,160,177,177,177,177,177,177,1,0,0,3,30,1,28.000,1,1,1,1,123,1,0,0,44,0,0,124,1,0,2,0,1,1,1,1,1,1,0,0,0,25084,0,0,0,0,0,0,0,0,3
1.568000,101.48,25.278,15.140,369,407,72.000,71,72,18.000,39.000,55.000,184,246,394,160,177,177,177,177,177,177,1,0,0,3,30,1,28.000,1,1,1,1,123,1,0,0,44,0,0,124,1,0,2,0,1,1,1,1,1,1,0,0,0,25088,0,0,0,0,0,0,0,0,3
1.568250,101.59,25.234,15.140,368,407,72.000,71,72,18.000,39.000,55.000,184,246,394,160,177,177,177,177,177,177,1,0,0,3,30,1,28.000,1,1,1,1,123,1,0,0,44,0,0,124,1,0,2,0,1,1,1,1,1,1,0,0,0,25092,0,0,0,0,0,0,0,0,3
1.568500,101.70,25.189,15.080,368,407,72.000,71,72,18.000,39.000,55.000,183,246,394,160,177,177,177,177,177,177,1,0,0,3,30,1,28.000,1,1,1,1,123,1,0,0,44,0,0,124,1,0,2,0,1,1,1,1,1,1,0,0,0,25096,0,0,0,0,0,0,0,0,3
1.568750,101.81,25.145,15.080,367,407,72.000,71,72,18.000,39.000,55.000,183,246,394,160,177,177,177,177,177,177,1,0,0,3,30,1,28.000,1,1,1,1,123,1,0,0,44,0,0,124,1,0,2,0,1,1,1,1,1,1,0,0,0,25100,0,0,0,0,0,0,0,0,3
1.569000,101.92,25.101,15.080,367,407,72.000,71,72,18.000,39.000,55.000,183,246,394,160,177,177,177,177,177,177,1,0,0,3,30,1,28.000,1,1,1,1,123,1,0,0,44,0,0,124,1,0,2,0,1,1,1,1,1,1,0,0,0,25104,0,0,0,0,0,0,0,0,3
1.569250,102.02,25.056,15.030,366,407,72.000,71,72,18.000,39.000,55.000,183,246,394,160,177,177,177,177,177,177,1,0,0,3,30,1,28.000,1,1,1,1,123,1,0,0,44,0,0,124,1,0,2,0,1,1,1,1,1,1,0,0,0,25108,0,0,0,0,0,0,0,0,3
1.569500,102.13,25.012,14.970,366,406,72.000,71,72,18.000,39.000,55.000,182,245,393,160,176,176,176,176,176,176,1,0,0,3,30,1,28.000,1,1,1,1,123,1,0,0,44,0,0,124,1,0,2,0,1,1,1,1,1,1,0,0,0,25112,0,0,0,0,0,0,0,0,3
1.569750,102.24,24.968,14.970,365,406,72.000,71,72,18.000,39.000,55.000,182,245,393,160,176,176,176,176,176,176,1,0,0,3,30,1,28.000,1,1,1,1,123,1,0,0,44,0,0,124,1,0,2,0,1,1,1,1,1,1,0,0,0,25116,0,0,0,0,0,0,0,0,3
1.570000,102.35,24.924,14.970,365,406,72.000,71,72,18.000,39.000,55.000,182,245,393,160,176,176,176,176,176,176,1,0,0,3,30,1,28.000,1,1,1,1,123,1,0,0,44,0,0,124,1,0,2,0,1,1,1,1,1,1,0,0,0,25120,0,0,0,0,0,0,0,0,3
1.570250,102.46,24.880,14.920,364,406,72.000,71,72,18.000,39.000,55.000,181,245,393,160,176,176,176,176,176,176,1,0,0,3,30,1,28.000,1,1,1,1,123,1,0,0,44,0,0,124,1,0,2,0,1,1,1,1,1,1,0,0,0,25124,0,0,0,0,0,0,0,0,3
1.570500,102.56,24.836,14.920,364,406,72.000,71,72,18.000,39.000,55.000,181,245,393,160,176,176,176,176,176,176,1,0,0,3,30,1,28.000,1,1,1,1,123,1,0,0,44,0,0,124,1,0,2,0,1,1,1,1,1,1,0,0,0,25128,0,0,0,0,0,0,0,0,3
1.570750,102.67,24.792,14.870,363,406,72.000,71,72,18.000,39.000,55.000,181,245,393,160,176,176,176,176,176,176,1,0,0,3,30,1,28.000,1,1,1,1,123,1,0,0,44,0,0,124,1,0,2,0,1,1,1,1,1,1,0,0,0,25132,0,0,0,0,0,0,0,0,3
1.571000,102.78,24.748,14.870,363,406,72.000,71,72,18.000,39.000,55.000,181,245,393,160,176,176,176,176,176,176,1,0,0,3,30,1,28.000,1,1,1,1,123,1,0,0,44,0,0,124,1,0,2,0,1,1,1,1,1,1,0,0,0,25136,0,0,0,0,0,0,0,0,3
1.571250,102.89,24.704,14.810,363,406,72.000,71,72,18.000,39.000,55.000,180,245,393,160,176,176,176,176,176,176,1,0,0,3,30,1,28.000,1,1,1,1,123,1,0,0,44,0,0,124,1,0,2,0,1,1,1,1,1,1,0,0,0,25140,0,0,0,0,0,0,0,0,3
1.571500,103.00,24.661,14.810,362,406,72.000,71,72,18.000,39.000,55.000,180,245,393,160,176,176,176,176,176,176,1,0,0,3,30,1,28.000,1,1,1,1,123,1,0,0,44,0,0,124,1,0,2,0,1,1,1,1,1,1,0,0,0,25144,0,0,0,0,0,0,0,0,3
1.571750,103.10,24.617,14.760,362,406,72.000,71,72,18.000,39.000,55.000,180,245,393,160,176,176,176,176,176,176,1,0,0,3,30,1,28.000,1,1,1,1,123,1,0,0,44,0,0,124,1,0,2,0,1,1,1,1,1,1,0,0,0,25148,0,0,0,0,0,0,0,0,3
1.572000,103.21,24.574,14.760,361,406,72.000,71,72,18.000,39.000,55.000,180,245,393,160,176,176,176,176,176,176,1,0,0,3,30,1,28.000,1,1,1,1,123,1,0,0,44,0,0,124,1,0,2,0,1,1,1,1,1,1,0,0,0,25152,0,0,0,0,0,0,0,0,3
1.572250,103.32,24.530,14.700,361,406,72.000,71,72,18.000,39.000,55.000,179,245,393,160,176,176,176,176,176,176,1,0,0,3,30,1,28.000,1,1,1,1,123,1,0,0,44,0,0,124,1,0,2,0,1,1,1,1,1,1,0,0,0,25156,0,0,0,0,0,0,0,0,3
1.572500,103.43,24.487,14.700,360,406,72.000,71,72,18.000,39.000,55.000,179,245,393,160,176,176,176,176,176,176,1,0,0,3,30,1,28.000,1,1,1,1,123,1,0,0,44,0,0,124,1,0,2,0,1,1,1,1,1,1,0,0,0,25160,0,0,0,0,0,0,0,0,3
1.572750,103.54,24.443,14.650,360,406,72.000,71,72,18.000,39.000,55.000,178,245,393,160,176,176,176,176,176,176,1,0,0,3,30,1,28.000,1,1,1,1,123,1,0,0,44,0,0,124,1,0,2,0,1,1,1,1,1,1,0,0,0,25164,0,0,0,0,0,0,0,0,3
1.573000,103.64,24.400,14.650,359,406,72.000,71,72,18.000,39.000,55.000,178,245,393,160,176,176,176,176,176,176,1,0,0,3,30,1,28.000,1,1,1,1,123,1,0,0,44,0,0,124,1,0,2,0,1,1,1,1,1,1,0,0,0,25168,0,0,0,0,0,0,0,0,3
1.573250,103.75,24.357,14.590,359,406,72.000,71,72,18.000,39.000,55.000,177,245,393,160,176,176,176,176,176,176,1,0,0,3,30,1,28.000,1,1,1,1,123,1,0,0,44,0,0,124,1,0,2,0,1,1,1,1,1,1,0,0,0,25172,0,0,0,0,0,0,0,0,3
1.573500,103.86,24.314,14.590,358,406,72.000,71,72,18.000,39.000,55.000,177,245,393,160,176,176,176,176,176,176,1,0,0,3,30,1,28.000,1,1,1,1,123,1,0,0,44,0,0,124,1,0,2,0,1,1,1,1,1,1,0,0,0,25176,0,0,0,0,0,0,0,0,3
1.573750,103.97,24.271,14.540,358,406,72.000,71,72,18.000,39.000,55.000,177,245,393,160,176,176,176,176,176,176,1,0,0,3,30,1,28.000,1,1,1,1,123,1,0,0,44,0,0,124,1,0,2,0,1,1,1,1,1,1,0,0,0,25180,0,0,0,0,0,0,0,0,3
1.574000,104.08,24.228,14.540,357,406,72.000,71,72,18.000,39.000,55.000,177,245,393,160,176,176,176,176,176,176,1,0,0,3,30,1,28.000,1,1,1,1,123,1,0,0,44,0,0,124,1,0,2,0,1,1,1,1,1,1,0,0,0,25184,0,0,0,0,0,0,0,0,3
1.574250,104.18,24.185,14.490,357,406,72.000,71,72,18.000,39.000,55.000,176,245,393,160,176,176,176,176,176,176,1,0,0,3,30,1,28.000,1,1,1,1,123,1,0,0,44,0,0,124,1,0,2,0,1,1,1,1,1,1,0,0,0,25188,0,0,0,0,0,0,0,0,3
1.574500,104.29,24.142,14.490,357,406,72.000,71,72,18.000,39.000,55.000,176,245,393,160,176,176,176,176,176,176,1,0,0,3,30,1,28.000,1,1,1,1,123,1,0,0,44,0,0,124,1,0,2,0,1,1,1,1,1,1,0,0,0,25192,0,0,0,0,0,0,0,0,3
1.574750,104.40,24.100,14.490,356,406,72.000,71,72,18.000,39.000,55.000,176,245,393,160,176,176,176,176,176,176,1,0,0,3,30,1,28.000,1,1,1,1,123,1,0,0,44,0,0,124,1,0,2,0,1,1,1,1,1,1,0,0,0,25196,0,0,0,0,0,0,0,0,3
1.575000,104.51,24.057,14.430,356,406,72.000,71,72,18.000,39.000,55.000,176,245,393,160,176,176,176,176,176,176,1,0,0,3,30,1,28.000,1,1,1,1,123,1,0,0,44,0,0,124,1,0,2,0,1,1,1,1,1,1,0,0,0,25200,0,0,0,0,0,0,0,0,3
1.575250,104.62,24.014,14.380,355,405,72.000,71,72,18.000,39.000,55.000,175,245,392,160,176,176,176,176,176,176,1,0,0,3,30,1,28.000,1,1,1,1,123,1,0,0,44,0,0,124,1,0,2,0,1,1,1,1,1,1,0,0,0,25204,0,0,0,0,0,0,0,0,3
1.575500,104.72,23.972,14.380,355,405,72.000,71,72,18.000,39.000,55.000,175,245,392,160,176,176,176,176,176,176,1,0,0,3,30,1,28.000,1,1,1,1,123,1,0,0,44,0,0,124,1,0,2,0,1,1,1,1,1,1,0,0,0,25208,0,0,0,0,0,0,0,0,3
1.575750,104.83,23.929,14.380,354,405,72.000,71,72,18.000,39.000,55.000,175,245,392,160,176,176,176,176,176,176,1,0,0,3,30,1,28.000,1,1,1,1,123,1,0,0,44,0,0,124,1,0,2,0,1,1,1,1,1,1,0,0,0,25212,0,0,0,0,0,0,0,0,3
1.576000,104.94,23.887,14.320,354,405,72.000,71,72,18.000,39.000,55.000,174,245,392,160,176,176,176,176,176,176,1,0,0,3,30,1,28.000,1,1,1,1,123,1,0,0,44,0,0,124,1,0,2,0,1,1,1,1,1,1,0,0,0,25216,0,0,0,0,0,0,0,0,3
1.576250,105.05,23.845,14.320,353,405,72.000,71,71,18.000,39.000,55.000,172,241,386,160,176,176,176,176,176,176,1,0,0,3,30,1,28.000,1,1,0,0,124,1,0,0,45,0,0,125,1,0,2,0,1,1,1,1,1,1,0,0,0,25220,0,0,0,0,0,0,0,0,3
1.576500,105.16,23.803,14.270,353,405,72.000,71,71,18.000,39.000,55.000,171,241,386,160,176,176,176,176,176,176,1,0,0,3,30,1,28.000,1,1,0,0,124,1,0,0,45,0,0,125,1,0,2,0,1,1,1,1,1,1,0,0,0,25224,0,0,0,0,0,0,0,0,3
1.576750,105.26,23.761,14.270,352,405,72.000,71,71,18.000,39.000,55.000,171,241,386,160,176,176,176,176,176,176,1,0,0,3,30,1,28.000,1,1,0,0,124,1,0,0,45,0,0,125,1,0,2,0,1,1,1,1,1,1,0,0,0,25228,0,0,0,0,0,0,0,0,3
1.577000,105.37,23.719,14.210,352,405,72.000,71,71,18.000,39.000,55.000,170,241,386,160,176,176,176,176,176,176,1,0,0,3,30,1,28.000,1,1,0,0,124,1,0,0,45,0,0,125,1,0,2,0,1,1,1,1,1,1,0,0,0,25232,0,0,0,0,0,0,0,0,3
1.577250,105.48,23.677,14.210,351,405,72.000,71,71,18.000,39.000,55.000,170,241,386,160,176,176,176,176,176,176,1,0,0,3,30,1,28.000,1,1,0,0,124,1,0,0,45,0,0,125,1,0,2,0,1,1,1,1,1,1,0,0,0,25236,0,0,0,0,0,0,0,0,3
1.577500,105.59,23.635,14.160,351,405,72.000,71,71,18.000,39.000,55.000,170,241,386,160,176,176,176,176,176,176,1,0,0,3,30,1,28.000,1,1,0,0,124,1,0,0,45,0,0,125,1,0,2,0,1,1,1,1,1,1,0,0,0,25240,0,0,0,0,0,0,0,0,3
1.577750,105.70,23.593,14.160,351,405,72.000,71,71,18.000,39.000,55.000,170,241,386,160,176,176,176,176,176,176,1,0,0,3,30,1,28.000,1,1,0,0,124,1,0,0,45,0,0,125,1,0,2,0,1,1,1,1,1,1,0,0,0,25244,0,0,0,0,0,0,0,0,3
1.578000,105.80,23.552,14.100,350,405,72.000,71,71,18.000,39.000,55.000,169,241,386,160,176,176,176,176,176,176,1,0,0,3,30,1,28.000,1,1,0,0,124,1,0,0,45,0,0,125,1,0,2,0,1,1,1,1,1,1,0,0,0,25248,0,0,0,0,0,0,0,0,3
1.578250,105.91,23.510,14.100,350,405,72.000,71,71,18.000,39.000,55.000,169,241,386,160,176,176,176,176,176,176,1,0,0,3,30,1,28.000,1,1,0,0,124,1,0,0,45,0,0,125,1,0,2,0,1,1,1,1,1,1,0,0,0,25252,0,0,0,0,0,0,0,0,3
1.578500,106.02,23.469,14.100,349,405,72.000,71,71,18.000,39.000,55.000,169,241,386,160,176,176,176,176,176,176,1,0,0,3,30,1,28.000,1,1,0,0,124,1,0,0,45,0,0,125,1,0,2,0,1,1,1,1,1,1,0,0,0,25256,0,0,0,0,0,0,0,0,3
1.578750,106.13,23.427,14.050,349,405,72.000,71,71,18.000,39.000,55.000,168,241,386,160,176,176,176,176,176,176,1,0,0,3,30,1,28.000,1,1,0,0,124,1,0,0,45,0,0,125,1,0,2,0,1,1,1,1,1,1,0,0,0,25260,0,0,0,0,0,0,0,0,3
1.579000,106.24,23.386,14.050,348,405,72.000,71,71,18.000,39.000,55.000,168,241,386,160,176,176,176,176,176,176,1,0,0,3,30,1,28.000,1,1,0,0,124,1,0,0,45,0,0,125,1,0,2,0,1,1,1,1,1,1,0,0,0,25264,0,0,0,0,0,0,0,0,3
1.579250,106.34,23.345,14.000,348,405,72.000,71,71,18.000,39.000,55.000,168,241,386,160,176,176,176,176,176,176,1,0,0,3,30,1,28.000,1,1,0,0,124,1,0,0,45,0,0,125,1,0,2,0,1,1,1,1,1,1,0,0,0,25268,0,0,0,0,0,0,0,0,3
1.579500,106.45,23.304,14.000,347,405,72.000,71,71,18.000,39.000,55.000,168,241,386,160,176,176,176,176,176,176,1,0,0,3,30,1,28.000,1,1,0,0,124,1,0,0,45,0,0,125,1,0,2,0,1,1,1,1,1,1,0,0,0,25272,0,0,0,0,0,0,0,0,3
1.579750,106.56,23.263,13.940,347,405,72.000,71,71,18.000,39.000,55.000,167,241,386,160,176,176,176,176,176,176,1,0,0,3,30,1,28.000,1,1,0,0,124,1,0,0,45,0,0,125,1,0,2,0,1,1,1,1,1,1,0,0,0,25276,0,0,0,0,0,0,0,0,3
1.580000,106.67,23.222,13.940,346,404,72.000,71,71,18.000,39.000,55.000,167,240,385,160,175,175,175,175,175,175,1,0,0,3,30,1,28.000,1,1,0,0,124,1,0,0,45,0,0,125,1,0,2,0,1,1,1,1,1,1,0,0,0,25280,0,0,0,0,0,0,0,0,3
1.580250,106.78,23.181,13.890,346,404,72.000,71,71,18.000,39.000,55.000,167,240,385,160,175,175,175,175,175,175,1,0,0,3,30,1,28.000,1,1,0,0,124,1,0,0,45,0,0,125,1,0,2,0,1,1,1,1,1,1,0,0,0,25284,0,0,0,0,0,0,0,0,3
1.580500,106.88,23.140,13.890,345,404,72.000,71,71,18.000,39.000,55.000,167,240,385,160,175,175,175,175,175,175,1,0,0,3,30,1,28.000,1,1,0,0,124,1,0,0,45,0,0,125,1,0,2,0,1,1,1,1,1,1,0,0,0,25288,0,0,0,0,0,0,0,0,3
1.580750,106.99,23.099,13.890,345,404,72.000,71,71,18.000,39.000,55.000,167,240,385,160,175,175,175,175,175,175,1,0,0,3,30,1,28.000,1,1,0,0,124,1,0,0,45,0,0,125,1,0,2,0,1,1,1,1,1,1,0,0,0,25292,0,0,0,0,0,0,0,0,3
1.581000,107.10,23.059,13.830,345,404,72.000,71,71,18.000,39.000,55.000,166,240,385,160,175,175,175,175,175,175,1,0,0,3,30,1,28.000,1,1,0,0,124,1,0,0,45,0,0,125,1,0,2,0,1,1,1,1,1,1,0,0,0,25296,0,0,0,0,0,0,0,0,3
1.581250,107.21,23.018,13.830,344,404,72.000,71,71,18.000,39.000,55.000,166,240,385,160,175,175,175,175,175,175,1,0,0,3,30,1,28.000,1,1,0,0,124,1,0,0,45,0,0,125,1,0,2,0,1,1,1,1,1,1,0,0,0,25300,0,0,0,0,0,0,0,0,3
1.581500,107.32,22.978,13.780,344,404,72.000,71,71,18.000,39.000,55.000,165,240,385,160,175,175,175,175,175,175,1,0,0,3,30,1,28.000,1,1,0,0,124,1,0,0,45,0,0,125,1,0,2,0,1,1,1,1,1,1,0,0,0,25304,0,0,0,0,0,0,0,0,3
1.581750,107.42,22.938,13.780,343,404,72.000,71,71,18.000,39.000,55.000,165,240,385,160,175,175,175,175,175,175,1,0,0,3,30,1,28.000,1,1,0,0,124,1,0,0,45,0,0,125,1,0,2,0,1,1,1,1,1,1,0,0,0,25308,0,0,0,0,0,0,0,0,3
1.582000,107.53,22.897,13.720,343,404,72.000,71,71,18.000,39.000,55.000,165,240,385,160,175,175,175,175,175,175,1,0,0,3,30,1,28.000,1,1,0,0,124,1,0,0,45,0,0,125,1,0,2,0,1,1,1,1,1,1,0,0,0,25312,0,0,0,0,0,0,0,0,3
1.582250,107.64,22.857,13.720,342,404,72.000,71,71,18.000,39.000,55.000,165,240,385,160,175,175,175,175,175,175,1,0,0,3,30,1,28.000,1,1,0,0,124,1,0,0,45,0,0,125,1,0,2,0,1,1,1,1,1,1,0,0,0,25316,0,0,0,0,0,0,0,0,3
1.582500,107.75,22.817,13.670,342,404,72.000,71,71,18.000,39.000,55.000,164,240,385,160,175,175,175,175,175,175,1,0,0,3,30,1,28.000,1,1,0,0,124,1,0,0,45,0,0,125,1,0,2,0,1,1,1,1,1,1,0,0,0,25320,0,0,0,0,0,0,0,0,3
1.582750,107.86,22.777,13.670,341,404,72.000,71,71,18.000,39.000,55.000,164,240,385,160,175,175,175,175,175,175,1,0,0,3,30,1,28.000,1,1,0,0,124,1,0,0,45,0,0,125,1,0,2,0,1,1,1,1,1,1,0,0,0,25324,0,0,0,0,0,0,0,0,3
1.583000,107.96,22.738,13.620,341,404,72.000,71,71,18.000,39.000,55.000,163,240,385,160,175,175,175,175,175,175,1,0,0,3,30,1,28.000,1,1,0,0,124,1,0,0,45,0,0,125,1,0,2,0,1,1,1,1,1,1,0,0,0,25328,0,0,0,0,0,0,0,0,3
1.583250,108.07,22.698,13.620,340,404,72.000,71,71,18.000,39.000,55.000,163,240,385,160,175,175,175,175,175,175,1,0,0,3,30,1,28.000,1,1,0,0,124,1,0,0,45,0,0,125,1,0,2,0,1,1,1,1,1,1,0,0,0,25332,0,0,0,0,0,0,0,0,3
1.583500,108.18,22.658,13.620,340,404,72.000,71,71,18.000,39.000,55.000,163,240,385,160,175,175,175,175,175,175,1,0,0,3,30,1,28.000,1,1,0,0,124,1,0,0,45,0,0,125,1,0,2,0,1,1,1,1,1,1,0,0,0,25336,0,0,0,0,0,0,0,0,3
1.583750,108.29,22.619,13.560,339,404,72.000,71,71,18.000,39.000,55.000,163,240,385,160,175,175,175,175,175,175,1,0,0,3,30,1,28.000,1,1,0,0,124,1,0,0,45,0,0,125,1,0,2,0,1,1,1,1,1,1,0,0,0,25340,0,0,0,0,0,0,0,0,3
1.584000,108.40,22.579,13.560,339,404,72.000,71,71,18.000,39.000,55.000,163,240,385,160,175,175,175,175,175,175,1,0,0,3,30,1,28.000,1,1,0,0,124,1,0,0,45,0,0,125,1,0,2,0,1,1,1,1,1,1,0,0,0,25344,0,0,0,0,0,0,0,0,3
1.584250,108.50,22.540,13.510,339,403,72.000,71,71,18.000,39.000,55.000,162,240,384,160,175,175,175,175,175,175,1,0,0,3,30,1,28.000,1,1,0,0,124,1,0,0,45,0,0,125,1,0,2,0,1,1,1,1,1,1,0,0,0,25348,0,0,0,0,0,0,0,0,3
1.584500,108.61,22.501,13.510,338,403,72.000,71,71,18.000,39.000,55.000,162,240,384,160,175,175,175,175,175,175,1,0,0,3,30,1,28.000,1,1,0,0,124,1,0,0,45,0,0,125,1,0,2,0,1,1,1,1,1,1,0,0,0,25352,0,0,0,0,0,0,0,0,3
1.584750,108.72,22.462,13.450,338,403,72.000,71,71,18.000,39.000,55.000,161,240,384,160,175,175,175,175,175,175,1,0,0,3,30,1,28.000,1,1,0,0,124,1,0,0,45,0,0,125,1,0,2,0,1,1,1,1,1,1,0,0,0,25356,0,0,0,0,0,0,0,0,3
1.585000,108.83,22.423,13.450,337,403,72.000,71,71,18.000,39.000,55.000,161,240,384,160,175,175,175,175,175,175,1,0,0,3,30,1,28.000,1,1,2,2,125,1,0,0,46,0,0,126,1,0,2,0,1,1,1,1,1,1,0,0,0,25360,0,0,0,0,0,0,0,0,3
1.585250,108.94,22.384,13.450,337,403,72.000,71,71,18.000,39.000,55.000,161,240,384,160,175,175,175,175,175,175,1,0,0,3,30,1,28.000,1,1,2,2,125,1,0,0,46,0,0,126,1,0,2,0,1,1,1,1,1,1,0,0,0,25364,0,0,0,0,0,0,0,0,3
1.585500,109.04,22.345,13.400,336,403,72.000,71,71,18.000,39.000,55.000,161,240,384,160,175,175,175,175,175,175,1,0,0,3,30,1,28.000,1,1,2,2,125,1,0,0,46,0,0,126,1,0,2,0,1,1,1,1,1,1,0,0,0,25368,0,0,0,0,0,0,0,0,3
1.585750,109.15,22.306,13.400,336,403,72.000,71,71,18.000,39.000,55.000,161,240,384,160,175,175,175,175,175,175,1,0,0,3,30,1,28.000,1,1,2,2,125,1,0,0,46,0,0,126,1,0,2,0,1,1,1,1,1,1,0,0,0,25372,0,0,0,0,0,0,0,0,3
1.586000,109.26,22.268,13.340,335,403,72.000,71,71,18.000,39.000,55.000,160,240,384,160,175,175,175,175,175,175,1,0,0,3,30,1,28.000,1,1,2,2,125,1,0,0,46,0,0,126,1,0,2,0,1,1,1,1,1,1,0,0,0,25376,0,0,0,0,0,0,0,0,3
1.586250,109.37,22.229,13.340,335,403,72.000,71,71,18.000,39.000,55.000,160,240,384,160,175,175,175,175,175,175,1,0,0,3,30,1,28.000,1,1,2,2,125,1,0,0,46,0,0,126,1,0,2,0,1,1,1,1,1,1,0,0,0,25380,0,0,0,0,0,0,0,0,3
1.586500,109.48,22.191,13.290,334,403,72.000,71,71,18.000,39.000,55.000,159,240,384,160,175,175,175,175,175,175,1,0,0,3,30,1,28.000,1,1,2,2,125,1,0,0,46,0,0,126,1,0,2,0,1,1,1,1,1,1,0,0,0,25384,0,0,0,0,0,0,0,0,3
1.586750,109.58,22.152,13.290,334,403,72.000,71,71,18.000,39.000,55.000,159,240,384,160,175,175,175,175,175,175,1,0,0,3,30,1,28.000,1,1,2,2,125,1,0,0,46,0,0,126,1,0,2,0,1,1,1,1,1,1,0,0,0,25388,0,0,0,0,0,0,0,0,3
1.587000,109.69,22.114,13.230,333,403,72.000,71,71,18.000,39.000,55.000,159,240,384,160,175,175,175,175,175,175,1,0,0,3,30,1,28.000,1,1,2,2,125,1,0,0,46,0,0,126,1,0,2,0,1,1,1,1,1,1,0,0,0,25392,0,0,0,0,0,0,0,0,3
1.587250,109.80,22.076,13.230,333,403,72.000,71,71,18.000,39.000,55.000,159,240,384,160,175,175,175,175,175,175,1,0,0,3,30,1,28.000,1,1,2,2,125,1,0,0,46,0,0,126,1,0,2,0,1,1,1,1,1,1,0,0,0,25396,0,0,0,0,0,0,0,0,3
1.587500,109.91,22.038,13.230,333,403,72.000,71,71,18.000,39.000,55.000,159,240,384,160,175,175,175,175,175,175,1,0,0,3,30,1,28.000,1,1,2,2,125,1,0,0,46,0,0,126,1,0,2,0,1,1,1,1,1,1,0,0,0,25400,0,0,0,0,0,0,0,0,3
1.587750,110.02,22.000,13.180,332,403,72.000,71,71,18.000,39.000,55.000,158,240,384,160,175,175,175,175,175,175,1,0,0,3,30,1,28.000,1,1,2,2,125,1,0,0,46,0,0,126,1,0,2,0,1,1,1,1,1,1,0,0,0,25404,0,0,0,0,0,0,0,0,3
1.588000,110.12,21.962,13.180,332,402,72.000,71,71,18.000,39.000,55.000,158,239,383,160,174,174,174,174,174,174,1,0,0,3,30,1,28.000,1,1,2,2,125,1,0,0,46,0,0,126,1,0,2,0,1,1,1,1,1,1,0,0,0,25408,0,0,0,0,0,0,0,0,3
1.588250,110.23,21.925,13.130,331,402,72.000,71,71,18.000,39.000,55.000,157,239,383,160,174,174,174,174,174,174,1,0,0,3,30,1,28.000,1,1,2,2,125,1,0,0,46,0,0,126,1,0,2,0,1,1,1,1,1,1,0,0,0,25412,0,0,0,0,0,0,0,0,3
1.588500,110.34,21.887,13.130,331,402,72.000,71,71,18.000,39.000,55.000,157,239,383,160,174,174,174,174,174,174,1,0,0,3,30,1,28.000,1,1,2,2,125,1,0,0,46,0,0,126,1,0,2,0,1,1,1,1,1,1,0,0,0,25416,0,0,0,0,0,0,0,0,3
1.588750,110.45,21.850,13.130,330,402,72.000,71,71,18.000,39.000,55.000,157,239,383,160,174,174,174,174,174,174,1,0,0,3,30,1,28.000,1,1,2,2,125,1,0,0,46,0,0,126,1,0,2,0,1,1,1,1,1,1,0,0,0,25420,0,0,0,0,0,0,0,0,3
1.589000,110.56,21.812,13.070,330,402,72.000,71,71,18.000,39.000,55.000,157,239,383,160,174,174,174,174,174,174,1,0,0,3,30,1,28.000,1,1,2,2,125,1,0,0,46,0,0,126,1,0,2,0,1,1,1,1,1,1,0,0,0,25424,0,0,0,0,0,0,0,0,3
1.589250,110.66,21.775,13.070,329,402,72.000,71,71,18.000,39.000,55.000,157,239,383,160,174,174,174,174,174,174,1,0,0,3,30,1,28.000,1,1,2,2,125,1,0,0,46,0,0,126,1,0,2,0,1,1,1,1,1,1,0,0,0,25428,0,0,0,0,0,0,0,0,3
1.589500,110.77,21.738,13.020,329,402,72.000,71,71,18.000,39.000,55.000,156,239,383,160,174,174,174,174,174,174,1,0,0,3,30,1,28.000,1,1,2,2,125,1,0,0,46,0,0,126,1,0,2,0,1,1,1,1,1,1,0,0,0,25432,0,0,0,0,0,0,0,0,3
1.589750,110.88,21.701,13.020,328,402,72.000,71,71,18.000,39.000,55.000,156,239,383,160,174,174,174,174,174,174,1,0,0,3,30,1,28.000,1,1,2,2,125,1,0,0,46,0,0,126,1,0,2,0,1,1,1,1,1,1,0,0,0,25436,0,0,0,0,0,0,0,0,3
1.590000,110.99,21.664,13.020,328,402,72.000,71,71,18.000,39.000,55.000,156,239,383,160,174,174,174,174,174,174,1,0,0,3,30,1,28.000,1,1,2,2,125,1,0,0,46,0,0,126,1,0,2,0,1,1,1,1,1,1,0,0,0,25440,0,0,0,0,0,0,0,0,3
1.590250,111.10,21.627,12.960,328,402,72.000,71,71,18.000,39.000,55.000,155,239,383,160,174,174,174,174,174,174,1,0,0,3,30,1,28.000,1,1,2,2,125,1,0,0,46,0,0,126,1,0,2,0,1,1,1,1,1,1,0,0,0,25444,0,0,0,0,0,0,0,0,3
1.590500,111.20,21.591,12.960,327,402,72.000,71,71,18.000,39.000,55.000,155,239,383,160,174,174,174,174,174,174,1,0,0,3,30,1,28.000,1,1,2,2,125,1,0,0,46,0,0,126,1,0,2,0,1,1,1,1,1,1,0,0,0,25448,0,0,0,0,0,0,0,0,3
1.590750,111.31,21.554,12.910,327,402,72.000,71,71,18.000,39.000,55.000,155,239,383,160,174,174,174,174,174,174,1,0,0,3,30,1,28.000,1,1,2,2,125,1,0,0,46,0,0,126,1,0,2,0,1,1,1,1,1,1,0,0,0,25452,0,0,0,0,0,0,0,0,3
1.591000,111.42,21.518,12.910,326,402,72.000,71,71,18.000,39.000,55.000,155,239,383,160,174,174,174,174,174,174,1,0,0,3,30,1,28.000,1,1,2,2,125,1,0,0,46,0,0,126,1,0,2,0,1,1,1,1,1,1,0,0,0,25456,0,0,0,0,0,0,0,0,3
1.591250,111.53,21.482,12.910,326,402,72.000,71,71,18.000,39.000,55.000,155,239,383,160,174,174,174,174,174,174,1,0,0,3,30,1,28.000,1,1,2,2,125,1,0,0,46,0,0,126,1,0,2,0,1,1,1,1,1,1,0,0,0,25460,0,0,0,0,0,0,0,0,3
1.591500,111.64,21.445,12.850,325,401,72.000,71,71,18.000,39.000,55.000,154,238,382,160,174,174,174,174,174,174,1,0,0,3,30,1,28.000,1,1,2,2,125,1,0,0,46,0,0,126,1,0,2,0,1,1,1,1,1,1,0,0,0,25464,0,0,0,0,0,0,0,0,3
1.591750,111.74,21.409,12.850,325,401,72.000,71,71,18.000,39.000,55.000,154,238,382,160,174,174,174,174,174,174,1,0,0,3,30,1,28.000,1,1,2,2,125,1,0,0,46,0,0,126,1,0,2,0,1,1,1,1,1,1,0,0,0,25468,0,0,0,0,0,0,0,0,3
1.592000,111.85,21.373,12.800,324,401,72.000,71,71,18.000,39.000,55.000,153,238,382,160,174,174,174,174,174,174,1,0,0,3,30,1,28.000,1,1,2,2,125,1,0,0,46,0,0,126,1,0,2,0,1,1,1,1,1,1,0,0,0,25472,0,0,0,0,0,0,0,0,3
1.592250,111.96,21.337,12.800,324,401,72.000,71,71,18.000,39.000,55.000,153,238,382,160,174,174,174,174,174,174,1,0,0,3,30,1,28.000,1,1,2,2,125,1,0,0,46,0,0,126,1,0,2,0,1,1,1,1,1,1,0,0,0,25476,0,0,0,0,0,0,0,0,3
1.592500,112.07,21.302,12.800,323,401,72.000,71,71,18.000,39.000,55.000,153,238,382,160,174,174,174,174,174,174,1,0,0,3,30,1,28.000,1,1,2,2,125,1,0,0,46,0,0,126,1,0,2,0,1,1,1,1,1,1,0,0,0,25480,0,0,0,0,0,0,0,0,3
1.592750,112.18,21.266,12.740,323,401,72.000,71,71,18.000,39.000,55.000,153,238,382,160,174,174,174,174,174,174,1,0,0,3,30,1,28.000,1,1,2,2,125,1,0,0,46,0,0,126,1,0,2,0,1,1,1,1,1,1,0,0,0,25484,0,0,0,0,0,0,0,0,3
1.593000,112.28,21.231,12.740,323,401,72.000,71,71,18.000,39.000,55.000,153,238,382,160,174,174,174,174,174,174,1,0,0,3,30,1,28.000,1,1,2,2,125,1,0,0,46,0,0,126,1,0,2,0,1,1,1,1,1,1,0,0,0,25488,0,0,0,0,0,0,0,0,3
1.593250,112.39,21.195,12.690,322,401,72.000,71,71,18.000,39.000,55.000,152,238,382,160,174,174,174,174,174,174,1,0,0,3,30,1,28.000,1,1,2,2,125,1,0,0,46,0,0,126,1,0,2,0,1,1,1,1,1,1,0,0,0,25492,0,0,0,0,0,0,0,0,3
1.593500,112.50,21.160,12.690,322,401,72.000,71,71,18.000,39.000,55.000,152,238,382,160,174,174,174,174,174,174,1,0,0,3,30,1,28.000,1,1,2,2,125,1,0,0,46,0,0,126,1,0,2,0,1,1,1,1,1,1,0,0,0,25496,0,0,0,0,0,0,0,0,3
1.593750,112.61,21.125,12.690,321,401,72.000,71,71,18.000,39.000,55.000,152,238,382,160,174,174,174,174,174,174,1,0,0,3,30,1,28.000,1,1,3,3,126,1,0,0,47,0,0,127,1,0,2,0,1,1,1,1,1,1,0,0,0,25500,0,0,0,0,0,0,0,0,3
1.594000,112.72,21.090,12.640,321,401,72.000,71,71,18.000,39.000,55.000,152,238,382,160,174,174,174,174,174,174,1,0,0,3,30,1,28.000,1,1,3,3,126,1,0,0,47,0,0,127,1,0,2,0,1,1,1,1,1,1,0,0,0,25504,0,0,0,0,0,0,0,0,3
1.594250,112.82,21.055,12.640,320,401,72.000,71,71,18.000,39.000,55.000,152,238,382,160,174,174,174,174,174,174,1,0,0,3,30,1,28.000,1,1,3,3,126,1,0,0,47,0,0,127,1,0,2,0,1,1,1,1,1,1,0,0,0,25508,0,0,0,0,0,0,0,0,3
1.594500,112.93,21.020,12.640,320,401,72.000,71,71,18.000,39.000,55.000,152,238,382,160,174,174,174,174,174,174,1,0,0,3,30,1,28.000,1,1,3,3,126,1,0,0,47,0,0,127,1,0,2,0,1,1,1,1,1,1,0,0,0,25512,0,0,0,0,0,0,0,0,3
1.594750,113.04,20.985,12.580,319,400,72.000,71,71,18.000,39.000,55.000,151,238,381,160,173,173,173,173,173,173,1,0,0,3,30,1,28.000,1,1,3,3,126,1,0,0,47,0,0,127,1,0,2,0,1,1,1,1,1,1,0,0,0,25516,0,0,0,0,0,0,0,0,3
1.595000,113.15,20.951,12.580,319,400,72.000,71,71,18.000,39.000,55.000,151,238,381,160,173,173,173,173,173,173,1,0,0,3,30,1,28.000,1,1,3,3,126,1,0,0,47,0,0,127,1,0,2,0,1,1,1,1,1,1,0,0,0,25520,0,0,0,0,0,0,0,0,3
1.595250,113.26,20.916,12.530,319,400,72.000,71,71,18.000,39.000,55.000,150,238,381,160,173,173,173,173,173,173,1,0,0,3,30,1,28.000,1,1,3,3,126,1,0,0,47,0,0,127,1,0,2,0,1,1,1,1,1,1,0,0,0,25524,0,0,0,0,0,0,0,0,3
1.595500,113.36,20.882,12.530,318,400,72.000,71,71,18.000,39.000,55.000,150,238,381,160,173,173,173,173,173,173,1,0,0,3,30,1,28.000,1,1,3,3,126,1,0,0,47,0,0,127,1,0,2,0,1,1,1,1,1,1,0,0,0,25528,0,0,0,0,0,0,0,0,3
1.595750,113.47,20.848,12.530,318,400,72.000,71,71,18.000,39.000,55.000,150,238,381,160,173,173,173,173,173,173,1,0,0,3,30,1,28.000,1,1,3,3,126,1,0,0,47,0,0,127,1,0,2,0,1,1,1,1,1,1,0,0,0,25532,0,0,0,0,0,0,0,0,3
1.596000,113.58,20.814,12.470,317,400,72.000,71,71,18.000,39.000,55.000,149,238,381,160,173,173,173,173,173,173,1,0,0,3,30,1,28.000,1,1,3,3,126,1,0,0,47,0,0,127,1,0,2,0,1,1,1,1,1,1,0,0,0,25536,0,0,0,0,0,0,0,0,3
1.596250,113.69,20.780,12.470,317,400,72.000,71,71,18.000,39.000,55.000,149,238,381,160,173,173,173,173,173,173,1,0,0,3,30,1,28.000,1,1,3,3,126,1,0,0,47,0,0,127,1,0,2,0,1,1,1,1,1,1,0,0,0,25540,0,0,0,0,0,0,0,0,3
1.596500,113.80,20.746,12.420,316,400,72.000,71,71,18.000,39.000,55.000,149,238,381,160,173,173,173,173,173,173,1,0,0,3,30,1,28.000,1,1,3,3,126,1,0,0,47,0,0,127,1,0,2,0,1,1,1,1,1,1,0,0,0,25544,0,0,0,0,0,0,0,0,3
1.596750,113.90,20.713,12.420,316,400,72.000,71,71,18.000,39.000,55.000,149,238,381,160,173,173,173,173,173,173,1,0,0,3,30,1,28.000,1,1,3,3,126,1,0,0,47,0,0,127,1,0,2,0,1,1,1,1,1,1,0,0,0,25548,0,0,0,0,0,0,0,0,3
1.597000,114.01,20.679,12.420,315,400,72.000,71,71,18.000,39.000,55.000,149,238,381,160,173,173,173,173,173,173,1,0,0,3,30,1,28.000,1,1,3,3,126,1,0,0,47,0,0,127,1,0,2,0,1,1,1,1,1,1,0,0,0,25552,0,0,0,0,0,0,0,0,3
1.597250,114.12,20.646,12.360,315,400,72.000,71,71,18.000,39.000,55.000,148,238,381,160,173,173,173,173,173,173,1,0,0,3,30,1,28.000,1,1,3,3,126,1,0,0,47,0,0,127,1,0,2,0,1,1,1,1,1,1,0,0,0,25556,0,0,0,0,0,0,0,0,3
1.597500,114.23,20.612,12.360,315,400,72.000,71,71,18.000,39.000,55.000,148,238,381,160,173,173,173,173,173,173,1,0,0,3,30,1,28.000,1,1,3,3,126,1,0,0,47,0,0,127,1,0,2,0,1,1,1,1,1,1,0,0,0,25560,0,0,0,0,0,0,0,0,3
1.597750,114.34,20.579,12.360,314,399,72.000,71,71,18.000,39.000,55.000,148,237,380,160,173,173,173,173,173,173,1,0,0,3,30,1,28.000,1,1,3,3,126,1,0,0,47,0,0,127,1,0,2,0,1,1,1,1,1,1,0,0,0,25564,0,0,0,0,0,0,0,0,3
1.598000,114.44,20.546,12.310,314,399,72.000,71,71,18.000,39.000,55.000,148,237,380,160,173,173,173,173,173,173,1,0,0,3,30,1,28.000,1,1,3,3,126,1,0,0,47,0,0,127,1,0,2,0,1,1,1,1,1,1,0,0,0,25568,0,0,0,0,0,0,0,0,3
1.598250,114.55,20.513,12.310,313,399,72.000,71,71,18.000,39.000,55.000,148,237,380,160,173,173,173,173,173,173,1,0,0,3,30,1,28.000,1,1,3,3,126,1,0,0,47,0,0,127,1,0,2,0,1,1,1,1,1,1,0,0,0,25572,0,0,0,0,0,0,0,0,3
1.598500,114.66,20.480,12.260,313,399,72.000,71,71,18.000,39.000,55.000,147,237,380,160,173,173,173,173,173,173,1,0,0,3,30,1,28.000,1,1,3,3,126,1,0,0,47,0,0,127,1,0,2,0,1,1,1,1,1,1,0,0,0,25576,0,0,0,0,0,0,0,0,3
1.598750,114.77,20.448,12.260,312,399,72.000,71,71,18.000,39.000,55.000,147,237,380,160,173,173,173,173,173,173,1,0,0,3,30,1,28.000,1,1,3,3,126,1,0,0,47,0,0,127,1,0,2,0,1,1,1,1,1,1,0,0,0,25580,0,0,0,0,0,0,0,0,3
1.599000,114.88,20.415,12.260,312,399,72.000,71,71,18.000,39.000,55.000,147,237,380,160,173,173,173,173,173,173,1,0,0,3,30,1,28.000,1,1,3,3,126,1,0,0,47,0,0,127,1,0,2,0,1,1,1,1,1,1,0,0,0,25584,0,0,0,0,0,0,0,0,3
1.599250,114.98,20.383,12.260,311,399,72.000,71,71,18.000,39.000,55.000,147,237,380,160,173,173,173,173,173,173,1,0,0,3,30,1,28.000,1,1,3,3,126,1,0,0,47,0,0,127,1,0,2,0,1,1,1,1,1,1,0,0,0,25588,0,0,0,0,0,0,0,0,3
1.599500,115.09,20.350,12.200,311,399,72.000,71,71,18.000,39.000,55.000,146,237,380,160,173,173,173,173,173,173,1,0,0,3,30,1,28.000,1,1,3,3,126,1,0,0,47,0,0,127,1,0,2,0,1,1,1,1,1,1,0,0,0,25592,0,0,0,0,0,0,0,0,3
1.599750,115.20,20.318,12.200,311,399,72.000,71,71,18.000,39.000,55.000,146,237,380,160,173,173,173,173,173,173,1,0,0,3,30,1,28.000,1,1,3,3,126,1,0,0,47,0,0,127,1,0,2,0,1,1,1,1,1,1,0,0,0,25596,0,0,0,0,0,0,0,0,3
1.600000,115.31,20.286,12.150,310,399,72.000,71,71,18.000,39.000,55.000,146,237,380,160,173,173,173,173,173,173,1,0,0,3,30,1,28.000,1,1,3,3,126,1,0,0,47,0,0,127,1,0,2,0,1,1,1,1,1,1,0,0,0,25600,0,0,0,0,0,0,0,0,3
1.600250,115.42,20.254,12.150,310,399,72.000,71,71,18.000,39.000,55.000,146,237,380,160,173,173,173,173,173,173,1,0,0,3,30,1,28.000,1,1,3,3,126,1,0,0,47,0,0,127,1,0,2,0,1,1,1,1,1,1,0,0,0,25604,0,0,0,0,0,0,0,0,3
1.600500,115.52,20.223,12.150,309,399,72.000,71,71,18.000,39.000,55.000,146,237,380,160,173,173,173,173,173,173,1,0,0,3,30,1,28.000,1,1,3,3,126,1,0,0,47,0,0,127,1,0,2,0,1,1,1,1,1,1,0,0,0,25608,0,0,0,0,0,0,0,0,3
1.600750,115.63,20.191,12.090,309,398,72.000,71,71,18.000,39.000,55.000,145,237,379,160,173,173,173,173,173,173,1,0,0,3,30,1,28.000,1,1,3,3,126,1,0,0,47,0,0,127,1,0,2,0,1,1,1,1,1,1,0,0,0,25612,0,0,0,0,0,0,0,0,3
1.601000,115.74,20.160,12.090,308,398,72.000,71,71,18.000,39.000,55.000,145,237,379,160,173,173,173,173,173,173,1,0,0,3,30,1,28.000,1,1,3,3,126,1,0,0,47,0,0,127,1,0,2,0,1,1,1,1,1,1,0,0,0,25616,0,0,0,0,0,0,0,0,3
1.601250,115.85,20.128,12.090,308,398,72.000,71,71,18.000,39.000,55.000,145,237,379,160,173,173,173,173,173,173,1,0,0,3,30,1,28.000,1,1,3,3,126,1,0,0,47,0,0,127,1,0,2,0,1,1,1,1,1,1,0,0,0,25620,0,0,0,0,0,0,0,0,3
1.601500,115.96,20.097,12.040,308,398,72.000,71,71,18.000,39.000,55.000,144,237,379,160,173,173,173,173,173,173,1,0,0,3,30,1,28.000,1,1,3,3,126,1,0,0,47,0,0,127,1,0,2,0,1,1,1,1,1,1,0,0,0,25624,0,0,0,0,0,0,0,0,3
1.601750,116.06,20.066,12.040,307,398,72.000,71,71,18.000,39.000,55.000,144,237,379,160,173,173,173,173,173,173,1,0,0,3,30,1,28.000,1,1,3,3,126,1,0,0,47,0,0,127,1,0,2,0,1,1,1,1,1,1,0,0,0,25628,0,0,0,0,0,0,0,0,3
1.602000,116.17,20.035,12.040,307,398,72.000,71,71,18.000,39.000,55.000,144,237,379,160,173,173,173,173,173,173,1,0,0,3,30,1,28.000,1,1,3,3,126,1,0,0,47,0,0,127,1,0,2,0,1,1,1,1,1,1,0,0,0,25632,0,0,0,0,0,0,0,0,3
1.602250,116.28,20.004,11.980,306,398,72.000,71,71,18.000,39.000,55.000,144,237,379,160,173,173,173,173,173,173,1,0,0,3,30,1,28.000,1,1,1,1,127,1,0,0,48,0,0,128,1,0,2,0,1,1,1,1,1,1,0,0,0,25636,0,0,0,0,0,0,0,0,3
1.602500,116.39,19.974,11.980,306,398,72.000,71,71,18.000,39.000,55.000,144,237,379,160,173,173,173,173,173,173,1,0,0,3,30,1,28.000,1,1,1,1,127,1,0,0,48,0,0,128,1,0,2,0,1,1,1,1,1,1,0,0,0,25640,0,0,0,0,0,0,0,0,3
1.602750,116.50,19.943,11.980,305,398,72.000,71,71,18.000,39.000,55.000,144,237,379,160,173,173,173,173,173,173,1,0,0,3,30,1,28.000,1,1,1,1,127,1,0,0,48,0,0,128,1,0,2,0,1,1,1,1,1,1,0,0,0,25644,0,0,0,0,0,0,0,0,3
1.603000,116.60,19.913,11.930,305,398,72.000,71,71,18.000,39.000,55.000,143,237,379,160,173,173,173,173,173,173,1,0,0,3,30,1,28.000,1,1,1,1,127,1,0,0,48,0,0,128,1,0,2,0,1,1,1,1,1,1,0,0,0,25648,0,0,0,0,0,0,0,0,3
1.603250,116.71,19.882,11.930,305,398,72.000,71,71,18.000,39.000,55.000,143,237,379,160,173,173,173,173,173,173,1,0,0,3,30,1,28.000,1,1,1,1,127,1,0,0,48,0,0,128,1,0,2,0,1,1,1,1,1,1,0,0,0,25652,0,0,0,0,0,0,0,0,3
1.603500,116.82,19.852,11.930,304,397,72.000,71,71,18.000,39.000,55.000,143,236,378,160,172,172,172,172,172,172,1,0,0,3,30,1,28.000,1,1,1,1,127,1,0,0,48,0,0,128,1,0,2,0,1,1,1,1,1,1,0,0,0,25656,0,0,0,0,0,0,0,0,3
1.603750,116.93,19.822,11.870,304,397,72.000,71,71,18.000,39.000,55.000,142,236,378,160,172,172,172,172,172,172,1,0,0,3,30,1,28.000,1,1,1,1,127,1,0,0,48,0,0,128,1,0,2,0,1,1,1,1,1,1,0,0,0,25660,0,0,0,0,0,0,0,0,3
1.604000,117.04,19.792,11.870,303,397,72.000,71,71,18.000,39.000,55.000,142,236,378,160,172,172,172,172,172,172,1,0,0,3,30,1,28.000,1,1,1,1,127,1,0,0,48,0,0,128,1,0,2,0,1,1,1,1,1,1,0,0,0,25664,0,0,0,0,0,0,0,0,3
1.604250,117.14,19.763,11.870,303,397,72.000,71,71,18.000,39.000,55.000,142,236,378,160,172,172,172,172,172,172,1,0,0,3,30,1,28.000,1,1,1,1,127,1,0,0,48,0,0,128,1,0,2,0,1,1,1,1,1,1,0,0,0,25668,0,0,0,0,0,0,0,0,3
1.604500,117.25,19.733,11.820,302,397,72.000,71,71,18.000,39.000,55.000,142,236,378,160,172,172,172,172,172,172,1,0,0,3,30,1,28.000,1,1,1,1,127,1,0,0,48,0,0,128,1,0,2,0,1,1,1,1,1,1,0,0,0,25672,0,0,0,0,0,0,0,0,3
1.604750,117.36,19.704,11.820,302,397,72.000,71,71,18.000,39.000,55.000,142,236,378,160,172,172,172,172,172,172,1,0,0,3,30,1,28.000,1,1,1,1,127,1,0,0,48,0,0,128,1,0,2,0,1,1,1,1,1,1,0,0,0,25676,0,0,0,0,0,0,0,0,3
1.605000,117.47,19.674,11.820,302,397,72.000,71,71,18.000,39.000,55.000,142,236,378,160,172,172,172,172,172,172,1,0,0,3,30,1,28.000,1,1,1,1,127,1,0,0,48,0,0,128,1,0,2,0,1,1,1,1,1,1,0,0,0,25680,0,0,0,0,0,0,0,0,3
1.605250,117.58,19.645,11.770,301,397,72.000,71,71,18.000,39.000,55.000,141,236,378,160,172,172,172,172,172,172,1,0,0,3,30,1,28.000,1,1,1,1,127,1,0,0,48,0,0,128,1,0,2,0,1,1,1,1,1,1,0,0,0,25684,0,0,0,0,0,0,0,0,3
1.605500,117.68,19.616,11.770,301,397,72.000,71,71,18.000,39.000,55.000,141,236,378,160,172,172,172,172,172,172,1,0,0,3,30,1,28.000,1,1,1,1,127,1,0,0,48,0,0,128,1,0,2,0,1,1,1,1,1,1,0,0,0,25688,0,0,0,0,0,0,0,0,3
1.605750,117.79,19.587,11.770,300,397,72.000,71,71,18.000,39.000,55.000,141,236,378,160,172,172,172,172,172,172,1,0,0,3,30,1,28.000,1,1,1,1,127,1,0,0,48,0,0,128,1,0,2,0,1,1,1,1,1,1,0,0,0,25692,0,0,0,0,0,0,0,0,3
1.606000,117.90,19.558,11.710,300,397,72.000,71,71,18.000,39.000,55.000,140,236,378,160,172,172,172,172,172,172,1,0,0,3,30,1,28.000,1,1,1,1,127,1,0,0,48,0,0,128,1,0,2,0,1,1,1,1,1,1,0,0,0,25696,0,0,0,0,0,0,0,0,3
1.606250,118.01,19.530,11.710,300,396,72.000,71,71,18.000,39.000,55.000,140,235,377,160,172,172,172,172,172,172,1,0,0,3,30,1,28.000,1,1,1,1,127,1,0,0,48,0,0,128,1,0,2,0,1,1,1,1,1,1,0,0,0,25700,0,0,0,0,0,0,0,0,3
1.606500,118.12,19.501,11.710,299,396,72.000,71,71,18.000,39.000,55.000,140,235,377,160,172,172,172,172,172,172,1,0,0,3,30,1,28.000,1,1,1,1,127,1,0,0,48,0,0,128,1,0,2,0,1,1,1,1,1,1,0,0,0,25704,0,0,0,0,0,0,0,0,3
1.606750,118.22,19.473,11.660,299,396,72.000,71,71,18.000,39.000,55.000,140,235,377,160,172,172,172,172,172,172,1,0,0,3,30,1,28.000,1,1,1,1,127,1,0,0,48,0,0,128,1,0,2,0,1,1,1,1,1,1,0,0,0,25708,0,0,0,0,0,0,0,0,3
1.607000,118.33,19.445,11.660,298,396,72.000,71,71,18.000,39.000,55.000,140,235,377,160,172,172,172,172,172,172,1,0,0,3,30,1,28.000,1,1,1,1,127,1,0,0,48,0,0,128,1,0,2,0,1,1,1,1,1,1,0,0,0,25712,0,0,0,0,0,0,0,0,3
1.607250,118.44,19.417,11.660,298,396,72.000,71,71,18.000,39.000,55.000,140,235,377,160,172,172,172,172,172,172,1,0,0,3,30,1,28.000,1,1,1,1,127,1,0,0,48,0,0,128,1,0,2,0,1,1,1,1,1,1,0,0,0,25716,0,0,0,0,0,0,0,0,3
1.607500,118.55,19.389,11.660,297,396,72.000,71,71,18.000,39.000,55.000,140,235,377,160,172,172,172,172,172,172,1,0,0,3,30,1,28.000,1,1,1,1,127,1,0,0,48,0,0,128,1,0,2,0,1,1,1,1,1,1,0,0,0,25720,0,0,0,0,0,0,0,0,3
1.607750,118.66,19.361,11.600,297,396,72.000,71,71,18.000,39.000,55.000,139,235,377,160,172,172,172,172,172,172,1,0,0,3,30,1,28.000,1,1,1,1,127,1,0,0,48,0,0,128,1,0,2,0,1,1,1,1,1,1,0,0,0,25724,0,0,0,0,0,0,0,0,3
1.608000,118.76,19.334,11.600,297,396,72.000,71,71,18.000,39.000,55.000,139,235,377,160,172,172,172,172,172,172,1,0,0,3,30,1,28.000,1,1,1,1,127,1,0,0,48,0,0,128,1,0,2,0,1,1,1,1,1,1,0,0,0,25728,0,0,0,0,0,0,0,0,3
1.608250,118.87,19.306,11.600,296,396,72.000,71,71,18.000,39.000,55.000,139,235,377,160,172,172,172,172,172,172,1,0,0,3,30,1,28.000,1,1,1,1,127,1,0,0,48,0,0,128,1,0,2,0,1,1,1,1,1,1,0,0,0,25732,0,0,0,0,0,0,0,0,3
1.608500,118.98,19.279,11.550,296,396,72.000,71,71,18.000,39.000,55.000,138,235,377,160,172,172,172,172,172,172,1,0,0,3,30,1,28.000,1,1,1,1,127,1,0,0,48,0,0,128,1,0,2,0,1,1,1,1,1,1,0,0,0,25736,0,0,0,0,0,0,0,0,3
1.608750,119.09,19.252,11.550,295,395,72.000,71,71,18.000,39.000,55.000,138,235,376,160,171,171,171,171,171,171,1,0,0,3,30,1,28.000,1,1,1,1,127,1,0,0,48,0,0,128,1,0,2,0,1,1,1,1,1,1,0,0,0,25740,0,0,0,0,0,0,0,0,3
1.609000,119.20,19.225,11.550,295,395,72.000,71,71,18.000,39.000,55.000,138,235,376,160,171,171,171,171,171,171,1,0,0,3,30,1,28.000,1,1,1,1,127,1,0,0,48,0,0,128,1,0,2,0,1,1,1,1,1,1,0,0,0,25744,0,0,0,0,0,0,0,0,3
1.609250,119.30,19.198,11.490,295,395,72.000,71,71,18.000,39.000,55.000,138,235,376,160,171,171,171,171,171,171,1,0,0,3,30,1,28.000,1,1,1,1,127,1,0,0,48,0,0,128,1,0,2,0,1,1,1,1,1,1,0,0,0,25748,0,0,0,0,0,0,0,0,3
1.609500,119.41,19.171,11.490,294,395,72.000,71,71,18.000,39.000,55.000,138,235,376,160,171,171,171,171,171,171,1,0,0,3,30,1,28.000,1,1,1,1,127,1,0,0,48,0,0,128,1,0,2,0,1,1,1,1,1,1,0,0,0,25752,0,0,0,0,0,0,0,0,3
1.609750,119.52,19.144,11.490,294,395,72.000,71,71,18.000,39.000,55.000,138,235,376,160,171,171,171,171,171,171,1,0,0,3,30,1,28.000,1,1,1,1,127,1,0,0,48,0,0,128,1,0,2,0,1,1,1,1,1,1,0,0,0,25756,0,0,0,0,0,0,0,0,3
1.610000,119.63,19.118,11.490,293,395,72.000,71,71,18.000,39.000,55.000,138,235,376,160,171,171,171,171,171,171,1,0,0,3,30,1,28.000,1,1,1,1,127,1,0,0,48,0,0,128,1,0,2,0,1,1,1,1,1,1,0,0,0,25760,0,0,0,0,0,0,0,0,3
1.610250,119.74,19.092,11.440,293,395,72.000,71,71,18.000,39.000,55.000,137,235,376,160,171,171,171,171,171,171,1,0,0,3,30,1,28.000,1,1,1,1,127,1,0,0,48,0,0,128,1,0,2,0,1,1,1,1,1,1,0,0,0,25764,0,0,0,0,0,0,0,0,3
1.610500,119.84,19.065,11.440,293,395,72.000,71,71,18.000,39.000,55.000,137,235,376,160,171,171,171,171,171,171,1,0,0,3,30,1,28.000,1,1,1,1,127,1,0,0,48,0,0,128,1,0,2,0,1,1,1,1,1,1,0,0,0,25768,0,0,0,0,0,0,0,0,3
1.610750,119.95,19.039,11.440,292,395,72.000,71,71,18.000,39.000,55.000,137,235,376,160,171,171,171,171,171,171,1,0,0,3,30,1,28.000,1,1,1,1,127,1,0,0,48,0,0,128,1,0,2,0,1,1,1,1,1,1,0,0,0,25772,0,0,0,0,0,0,0,0,3
1.611000,120.06,19.014,11.380,292,395,72.000,71,71,18.000,39.000,55.000,136,235,376,160,171,171,171,171,171,171,1,0,0,3,30,1,28.000,1,1,0,0,128,1,0,0,49,0,0,129,1,0,2,0,1,1,1,1,1,1,0,0,0,25776,0,0,0,0,0,0,0,0,3
1.611250,120.17,18.988,11.380,291,394,72.000,71,71,18.000,39.000,55.000,136,234,375,160,171,171,171,171,171,171,1,0,0,3,30,1,28.000,1,1,0,0,128,1,0,0,49,0,0,129,1,0,2,0,1,1,1,1,1,1,0,0,0,25780,0,0,0,0,0,0,0,0,3
1.611500,120.28,18.962,11.380,291,394,72.000,71,71,18.000,39.000,55.000,136,234,375,160,171,171,171,171,171,171,1,0,0,3,30,1,28.000,1,1,0,0,128,1,0,0,49,0,0,129,1,0,2,0,1,1,1,1,1,1,0,0,0,25784,0,0,0,0,0,0,0,0,3
1.611750,120.38,18.937,11.380,291,394,72.000,71,71,18.000,39.000,55.000,136,234,375,160,171,171,171,171,171,171,1,0,0,3,30,1,28.000,1,1,0,0,128,1,0,0,49,0,0,129,1,0,2,0,1,1,1,1,1,1,0,0,0,25788,0,0,0,0,0,0,0,0,3
1.612000,120.49,18.912,11.330,290,394,72.000,71,71,18.000,39.000,55.000,136,234,375,160,171,171,171,171,171,171,1,0,0,3,30,1,28.000,1,1,0,0,128,1,0,0,49,0,0,129,1,0,2,0,1,1,1,1,1,1,0,0,0,25792,0,0,0,0,0,0,0,0,3
1.612250,120.60,18.887,11.330,290,394,72.000,71,71,18.000,39.000,55.000,136,234,375,160,171,171,171,171,171,171,1,0,0,3,30,1,28.000,1,1,0,0,128,1,0,0,49,0,0,129,1,0,2,0,1,1,1,1,1,1,0,0,0,25796,0,0,0,0,0,0,0,0,3
1.612500,120.71,18.862,11.330,289,394,72.000,71,71,18.000,39.000,55.000,136,234,375,160,171,171,171,171,171,171,1,0,0,3,30,1,28.000,1,1,0,0,128,1,0,0,49,0,0,129,1,0,2,0,1,1,1,1,1,1,0,0,0,25800,0,0,0,0,0,0,0,0,3
1.612750,120.82,18.837,11.280,289,394,72.000,71,71,18.000,39.000,55.000,135,234,375,160,171,171,171,171,171,171,1,0,0,3,30,1,28.000,1,1,0,0,128,1,0,0,49,0,0,129,1,0,2,0,1,1,1,1,1,1,0,0,0,25804,0,0,0,0,0,0,0,0,3
1.613000,120.92,18.812,11.280,289,394,72.000,71,71,18.000,39.000,55.000,135,234,375,160,171,171,171,171,171,171,1,0,0,3,30,1,28.000,1,1,0,0,128,1,0,0,49,0,0,129,1,0,2,0,1,1,1,1,1,1,0,0,0,25808,0,0,0,0,0,0,0,0,3
1.613250,121.03,18.788,11.280,288,394,72.000,71,71,18.000,39.000,55.000,135,234,375,160,171,171,171,171,171,171,1,0,0,3,30,1,28.000,1,1,0,0,128,1,0,0,49,0,0,129,1,0,2,0,1,1,1,1,1,1,0,0,0,25812,0,0,0,0,0,0,0,0,3
1.613500,121.14,18.763,11.280,288,394,72.000,71,71,18.000,39.000,55.000,135,234,375,160,171,171,171,171,171,171,1,0,0,3,30,1,28.000,1,1,0,0,128,1,0,0,49,0,0,129,1,0,2,0,1,1,1,1,1,1,0,0,0,25816,0,0,0,0,0,0,0,0,3
1.613750,121.25,18.739,11.220,287,393,72.000,71,71,18.000,39.000,55.000,134,233,374,160,170,170,170,170,170,170,1,0,0,3,30,1,28.000,1,1,0,0,128,1,0,0,49,0,0,129,1,0,2,0,1,1,1,1,1,1,0,0,0,25820,0,0,0,0,0,0,0,0,3
1.614000,121.36,18.715,11.220,287,393,72.000,71,71,18.000,39.000,55.000,134,233,374,160,170,170,170,170,170,170,1,0,0,3,30,1,28.000,1,1,0,0,128,1,0,0,49,0,0,129,1,0,2,0,1,1,1,1,1,1,0,0,0,25824,0,0,0,0,0,0,0,0,3
1.614250,121.46,18.691,11.220,287,393,72.000,71,71,18.000,39.000,55.000,134,233,374,160,170,170,170,170,170,170,1,0,0,3,30,1,28.000,1,1,0,0,128,1,0,0,49,0,0,129,1,0,2,0,1,1,1,1,1,1,0,0,0,25828,0,0,0,0,0,0,0,0,3
1.614500,121.57,18.667,11.220,286,393,72.000,71,71,18.000,39.000,55.000,134,233,374,160,170,170,170,170,170,170,1,0,0,3,30,1,28.000,1,1,0,0,128,1,0,0,49,0,0,129,1,0,2,0,1,1,1,1,1,1,0,0,0,25832,0,0,0,0,0,0,0,0,3
1.614750,121.68,18.644,11.170,286,393,72.000,71,71,18.000,39.000,55.000,134,233,374,160,170,170,170,170,170,170,1,0,0,3,30,1,28.000,1,1,0,0,128,1,0,0,49,0,0,129,1,0,2,0,1,1,1,1,1,1,0,0,0,25836,0,0,0,0,0,0,0,0,3
1.615000,121.79,18.620,11.170,285,393,72.000,71,71,18.000,39.000,55.000,134,233,374,160,170,170,170,170,170,170,1,0,0,3,30,1,28.000,1,1,0,0,128,1,0,0,49,0,0,129,1,0,2,0,1,1,1,1,1,1,0,0,0,25840,0,0,0,0,0,0,0,0,3
1.615250,121.90,18.597,11.170,285,393,72.000,71,71,18.000,39.000,55.000,134,233,374,160,170,170,170,170,170,170,1,0,0,3,30,1,28.000,1,1,0,0,128,1,0,0,49,0,0,129,1,0,2,0,1,1,1,1,1,1,0,0,0,25844,0,0,0,0,0,0,0,0,3
1.615500,122.00,18.574,11.110,285,393,72.000,71,71,18.000,39.000,55.000,133,233,374,160,170,170,170,170,170,170,1,0,0,3,30,1,28.000,1,1,0,0,128,1,0,0,49,0,0,129,1,0,2,0,1,1,1,1,1,1,0,0,0,25848,0,0,0,0,0,0,0,0,3
1.615750,122.11,18.551,11.110,284,393,72.000,71,71,18.000,39.000,55.000,133,233,374,160,170,170,170,170,170,170,1,0,0,3,30,1,28.000,1,1,0,0,128,1,0,0,49,0,0,129,1,0,2,0,1,1,1,1,1,1,0,0,0,25852,0,0,0,0,0,0,0,0,3
1.616000,122.22,18.528,11.110,284,393,72.000,71,71,18.000,39.000,55.000,133,233,374,160,170,170,170,170,170,170,1,0,0,3,30,1,28.000,1,1,0,0,128,1,0,0,49,0,0,129,1,0,2,0,1,1,1,1,1,1,0,0,0,25856,0,0,0,0,0,0,0,0,3
1.616250,122.33,18.505,11.110,283,392,72.000,71,71,18.000,39.000,55.000,133,233,372,160,170,170,170,170,170,170,1,0,0,3,30,1,28.000,1,1,0,0,128,1,0,0,49,0,0,129,1,0,2,0,1,1,1,1,1,1,0,0,0,25860,0,0,0,0,0,0,0,0,3
1.616500,122.44,18.483,11.110,283,392,72.000,71,71,18.000,39.000,55.000,133,233,372,160,170,170,170,170,170,170,1,0,0,3,30,1,28.000,1,1,0,0,128,1,0,0,49,0,0,129,1,0,2,0,1,1,1,1,1,1,0,0,0,25864,0,0,0,0,0,0,0,0,3
1.616750,122.54,18.461,11.060,283,392,72.000,71,71,18.000,39.000,55.000,133,233,372,160,170,170,170,170,170,170,1,0,0,3,30,1,28.000,1,1,0,0,128,1,0,0,49,0,0,129,1,0,2,0,1,1,1,1,1,1,0,0,0,25868,0,0,0,0,0,0,0,0,3
1.617000,122.65,18.438,11.060,282,392,72.000,71,71,18.000,39.000,55.000,133,233,372,160,170,170,170,170,170,170,1,0,0,3,30,1,28.000,1,1,0,0,128,1,0,0,49,0,0,129,1,0,2,0,1,1,1,1,1,1,0,0,0,25872,0,0,0,0,0,0,0,0,3
1.617250,122.76,18.416,11.060,282,392,72.000,71,71,18.000,39.000,55.000,133,233,372,160,170,170,170,170,170,170,1,0,0,3,30,1,28.000,1,1,0,0,128,1,0,0,49,0,0,129,1,0,2,0,1,1,1,1,1,1,0,0,0,25876,0,0,0,0,0,0,0,0,3
1.617500,122.87,18.394,11.000,282,392,72.000,71,71,18.000,39.000,55.000,132,233,372,160,170,170,170,170,170,170,1,0,0,3,30,1,28.000,1,1,0,0,128,1,0,0,49,0,0,129,1,0,2,0,1,1,1,1,1,1,0,0,0,25880,0,0,0,0,0,0,0,0,3
1.617750,122.98,18.373,11.000,281,392,72.000,71,71,18.000,39.000,55.000,132,233,372,160,170,170,170,170,170,170,1,0,0,3,30,1,28.000,1,1,0,0,128,1,0,0,49,0,0,129,1,0,2,0,1,1,1,1,1,1,0,0,0,25884,0,0,0,0,0,0,0,0,3
1.618000,123.08,18.351,11.000,281,392,72.000,71,71,18.000,39.000,55.000,132,233,372,160,170,170,170,170,170,170,1,0,0,3,30,1,28.000,1,1,0,0,128,1,0,0,49,0,0,129,1,0,2,0,1,1,1,1,1,1,0,0,0,25888,0,0,0,0,0,0,0,0,3
1.618250,123.19,18.330,11.000,280,392,72.000,71,71,18.000,39.000,55.000,132,233,372,160,170,170,170,170,170,170,1,0,0,3,30,1,28.000,1,1,0,0,128,1,0,0,49,0,0,129,1,0,2,0,1,1,1,1,1,1,0,0,0,25892,0,0,0,0,0,0,0,0,3
1.618500,123.30,18.309,11.000,280,391,72.000,71,71,18.000,39.000,55.000,132,232,371,160,169,169,169,169,169,169,1,0,0,3,30,1,28.000,1,1,0,0,128,1,0,0,49,0,0,129,1,0,2,0,1,1,1,1,1,1,0,0,0,25896,0,0,0,0,0,0,0,0,3
1.618750,123.41,18.287,10.950,280,391,72.000,71,71,18.000,39.000,55.000,131,232,371,160,169,169,169,169,169,169,1,0,0,3,30,1,28.000,1,1,0,0,128,1,0,0,49,0,0,129,1,0,2,0,1,1,1,1,1,1,0,0,0,25900,0,0,0,0,0,0,0,0,3
1.619000,123.52,18.266,10.950,279,391,72.000,71,71,18.000,39.000,55.000,131,232,371,160,169,169,169,169,169,169,1,0,0,3,30,1,28.000,1,1,0,0,128,1,0,0,49,0,0,129,1,0,2,0,1,1,1,1,1,1,0,0,0,25904,0,0,0,0,0,0,0,0,3
1.619250,123.62,18.246,10.950,279,391,72.000,71,71,18.000,39.000,55.000,131,232,371,160,169,169,169,169,169,169,1,0,0,3,30,1,28.000,1,1,0,0,128,1,0,0,49,0,0,129,1,0,2,0,1,1,1,1,1,1,0,0,0,25908,0,0,0,0,0,0,0,0,3
1.619500,123.73,18.225,10.950,279,391,72.000,71,71,18.000,39.000,55.000,131,232,371,160,169,169,169,169,169,169,1,0,0,3,30,1,28.000,1,1,0,0,128,1,0,0,49,0,0,129,1,0,2,0,1,1,1,1,1,1,0,0,0,25912,0,0,0,0,0,0,0,0,3
1.619750,123.84,18.205,10.900,278,391,72.000,71,71,18.000,39.000,55.000,131,232,371,160,169,169,169,169,169,169,1,0,0,3,30,1,28.000,1,1,2,2,129,1,0,0,50,0,0,130,1,0,2,0,1,1,1,1,1,1,0,0,0,25916,0,0,0,0,0,0,0,0,3
1.620000,123.95,18.184,10.900,278,391,72.000,71,71,18.000,39.000,55.000,131,232,371,160,169,169,169,169,169,169,1,0,0,3,30,1,28.000,1,1,2,2,129,1,0,0,50,0,0,130,1,0,2,0,1,1,1,1,1,1,0,0,0,25920,0,0,0,0,0,0,0,0,3
1.620250,124.06,18.164,10.900,277,391,72.000,71,71,18.000,39.000,55.000,131,232,371,160,169,169,169,169,169,169,1,0,0,3,30,1,28.000,1,1,2,2,129,1,0,0,50,0,0,130,1,0,2,0,1,1,1,1,1,1,0,0,0,25924,0,0,0,0,0,0,0,0,3
1.620500,124.16,18.144,10.900,277,391,72.000,71,71,18.000,39.000,55.000,131,232,371,160,169,169,169,169,169,169,1,0,0,3,30,1,28.000,1,1,2,2,129,1,0,0,50,0,0,130,1,0,2,0,1,1,1,1,1,1,0,0,0,25928,0,0,0,0,0,0,0,0,3
1.620750,124.27,18.124,10.900,277,390,72.000,71,71,18.000,39.000,55.000,131,231,370,160,169,169,169,169,169,169,1,0,0,3,30,1,28.000,1,1,2,2,129,1,0,0,50,0,0,130,1,0,2,0,1,1,1,1,1,1,0,0,0,25932,0,0,0,0,0,0,0,0,3
1.621000,124.38,18.105,10.840,276,390,72.000,71,71,18.000,39.000,55.000,130,231,370,160,169,169,169,169,169,169,1,0,0,3,30,1,28.000,1,1,2,2,129,1,0,0,50,0,0,130,1,0,2,0,1,1,1,1,1,1,0,0,0,25936,0,0,0,0,0,0,0,0,3
1.621250,124.49,18.085,10.840,276,390,72.000,71,71,18.000,39.000,55.000,130,231,370,160,169,169,169,169,169,169,1,0,0,3,30,1,28.000,1,1,2,2,129,1,0,0,50,0,0,130,1,0,2,0,1,1,1,1,1,1,0,0,0,25940,0,0,0,0,0,0,0,0,3
1.621500,124.60,18.066,10.840,276,390,72.000,71,71,18.000,39.000,55.000,130,231,370,160,169,169,169,169,169,169,1,0,0,3,30,1,28.000,1,1,2,2,129,1,0,0,50,0,0,130,1,0,2,0,1,1,1,1,1,1,0,0,0,25944,0,0,0,0,0,0,0,0,3
1.621750,124.70,18.047,10.840,275,390,72.000,71,71,18.000,39.000,55.000,130,231,370,160,169,169,169,169,169,169,1,0,0,3,30,1,28.000,1,1,2,2,129,1,0,0,50,0,0,130,1,0,2,0,1,1,1,1,1,1,0,0,0,25948,0,0,0,0,0,0,0,0,3
1.622000,124.81,18.028,10.790,275,390,72.000,71,71,18.000,39.000,55.000,129,231,370,160,169,169,169,169,169,169,1,0,0,3,30,1,28.000,1,1,2,2,129,1,0,0,50,0,0,130,1,0,2,0,1,1,1,1,1,1,0,0,0,25952,0,0,0,0,0,0,0,0,3
1.622250,124.92,18.009,10.790,275,390,72.000,71,71,18.000,39.000,55.000,129,231,370,160,169,169,169,169,169,169,1,0,0,3,30,1,28.000,1,1,2,2,129,1,0,0,50,0,0,130,1,0,2,0,1,1,1,1,1,1,0,0,0,25956,0,0,0,0,0,0,0,0,3
1.622500,125.03,17.990,10.790,274,390,72.000,71,71,18.000,39.000,55.000,129,231,370,160,169,169,169,169,169,169,1,0,0,3,30,1,28.000,1,1,2,2,129,1,0,0,50,0,0,130,1,0,2,0,1,1,1,1,1,1,0,0,0,25960,0,0,0,0,0,0,0,0,3
1.622750,125.14,17.971,10.790,274,390,72.000,71,71,18.000,39.000,55.000,129,231,370,160,169,169,169,169,169,169,1,0,0,3,30,1,28.000,1,1,2,2,129,1,0,0,50,0,0,130,1,0,2,0,1,1,1,1,1,1,0,0,0,25964,0,0,0,0,0,0,0,0,3
1.623000,125.24,17.953,10.790,273,389,72.000,71,71,18.000,39.000,55.000,129,231,369,160,168,168,168,168,168,168,1,0,0,3,30,1,28.000,1,1,2,2,129,1,0,0,50,0,0,130,1,0,2,0,1,1,1,1,1,1,0,0,0,25968,0,0,0,0,0,0,0,0,3
1.623250,125.35,17.935,10.790,273,389,72.000,71,71,18.000,39.000,55.000,129,231,369,160,168,168,168,168,168,168,1,0,0,3,30,1,28.000,1,1,2,2,129,1,0,0,50,0,0,130,1,0,2,0,1,1,1,1,1,1,0,0,0,25972,0,0,0,0,0,0,0,0,3
1.623500,125.46,17.917,10.730,273,389,72.000,71,71,18.000,39.000,55.000,129,231,369,160,168,168,168,168,168,168,1,0,0,3,30,1,28.000,1,1,2,2,129,1,0,0,50,0,0,130,1,0,2,0,1,1,1,1,1,1,0,0,0,25976,0,0,0,0,0,0,0,0,3
1.623750,125.57,17.899,10.730,272,389,72.000,71,71,18.000,39.000,55.000,129,231,369,160,168,168,168,168,168,168,1,0,0,3,30,1,28.000,1,1,2,2,129,1,0,0,50,0,0,130,1,0,2,0,1,1,1,1,1,1,0,0,0,25980,0,0,0,0,0,0,0,0,3
1.624000,125.68,17.881,10.730,272,389,72.000,71,71,18.000,39.000,55.000,129,231,369,160,168,168,168,168,168,168,1,0,0,3,30,1,28.000,1,1,2,2,129,1,0,0,50,0,0,130,1,0,2,0,1,1,1,1,1,1,0,0,0,25984,0,0,0,0,0,0,0,0,3
1.624250,125.78,17.864,10.730,272,389,72.000,71,71,18.000,39.000,55.000,129,231,369,160,168,168,168,168,168,168,1,0,0,3,30,1,28.000,1,1,2,2,129,1,0,0,50,0,0,130,1,0,2,0,1,1,1,1,1,1,0,0,0,25988,0,0,0,0,0,0,0,0,3
1.624500,125.89,17.846,10.680,271,389,72.000,71,71,18.000,39.000,55.000,128,231,369,160,168,168,168,168,168,168,1,0,0,3,30,1,28.000,1,1,2,2,129,1,0,0,50,0,0,130,1,0,2,0,1,1,1,1,1,1,0,0,0,25992,0,0,0,0,0,0,0,0,3
1.624750,126.00,17.829,10.680,271,389,72.000,71,71,18.000,39.000,55.000,128,231,369,160,168,168,168,168,168,168,1,0,0,3,30,1,28.000,1,1,2,2,129,1,0,0,50,0,0,130,1,0,2,0,1,1,1,1,1,1,0,0,0,25996,0,0,0,0,0,0,0,0,3
1.625000,126.11,17.812,10.680,271,388,72.000,71,71,18.000,39.000,55.000,128,230,368,160,168,168,168,168,168,168,1,0,0,3,30,1,28.000,1,1,2,2,129,1,0,0,50,0,0,130,1,0,2,0,1,1,1,1,1,1,0,0,0,26000,0,0,0,0,0,0,0,0,3
1.625250,126.22,17.795,10.680,270,388,72.000,71,71,18.000,39.000,55.000,128,230,368,160,168,168,168,168,168,168,1,0,0,3,30,1,28.000,1,1,2,2,129,1,0,0,50,0,0,130,1,0,2,0,1,1,1,1,1,1,0,0,0,26004,0,0,0,0,0,0,0,0,3
1.625500,126.32,17.778,10.680,270,388,72.000,71,71,18.000,39.000,55.000,128,230,368,160,168,168,168,168,168,168,1,0,0,3,30,1,28.000,1,1,2,2,129,1,0,0,50,0,0,130,1,0,2,0,1,1,1,1,1,1,0,0,0,26008,0,0,0,0,0,0,0,0,3
1.625750,126.43,17.762,10.620,270,388,72.000,71,71,18.000,39.000,55.000,127,230,368,160,168,168,168,168,168,168,1,0,0,3,30,1,28.000,1,1,2,2,129,1,0,0,50,0,0,130,1,0,2,0,1,1,1,1,1,1,0,0,0,26012,0,0,0,0,0,0,0,0,3
1.626000,126.54,17.745,10.620,269,388,72.000,71,71,18.000,39.000,55.000,127,230,368,160,168,168,168,168,168,168,1,0,0,3,30,1,28.000,1,1,2,2,129,1,0,0,50,0,0,130,1,0,2,0,1,1,1,1,1,1,0,0,0,26016,0,0,0,0,0,0,0,0,3
1.626250,126.65,17.729,10.620,269,388,72.000,71,71,18.000,39.000,55.000,127,230,368,160,168,168,168,168,168,168,1,0,0,3,30,1,28.000,1,1,2,2,129,1,0,0,50,0,0,130,1,0,2,0,1,1,1,1,1,1,0,0,0,26020,0,0,0,0,0,0,0,0,3
1.626500,126.76,17.713,10.620,269,388,72.000,71,71,18.000,39.000,55.000,127,230,368,160,168,168,168,168,168,168,1,0,0,3,30,1,28.000,1,1,2,2,129,1,0,0,50,0,0,130,1,0,2,0,1,1,1,1,1,1,0,0,0,26024,0,0,0,0,0,0,0,0,3
1.626750,126.86,17.697,10.620,268,388,72.000,71,71,18.000,39.000,55.000,127,230,368,160,168,168,168,168,168,168,1,0,0,3,30,1,28.000,1,1,2,2,129,1,0,0,50,0,0,130,1,0,2,0,1,1,1,1,1,1,0,0,0,26028,0,0,0,0,0,0,0,0,3
1.627000,126.97,17.681,10.620,268,388,72.000,71,71,18.000,39.000,55.000,127,230,368,160,168,168,168,168,168,168,1,0,0,3,30,1,28.000,1,1,2,2,129,1,0,0,50,0,0,130,1,0,2,0,1,1,1,1,1,1,0,0,0,26032,0,0,0,0,0,0,0,0,3
1.627250,127.08,17.666,10.620,268,387,72.000,71,71,18.000,39.000,55.000,127,229,367,160,167,167,167,167,167,167,1,0,0,3,30,1,28.000,1,1,2,2,129,1,0,0,50,0,0,130,1,0,2,0,1,1,1,1,1,1,0,0,0,26036,0,0,0,0,0,0,0,0,3
1.627500,127.19,17.650,10.570,267,387,72.000,71,71,18.000,39.000,55.000,127,229,367,160,167,167,167,167,167,167,1,0,0,3,30,1,28.000,1,1,2,2,129,1,0,0,50,0,0,130,1,0,2,0,1,1,1,1,1,1,0,0,0,26040,0,0,0,0,0,0,0,0,3
1.627750,127.30,17.635,10.570,267,387,72.000,71,71,18.000,39.000,55.000,127,229,367,160,167,167,167,167,167,167,1,0,0,3,30,1,28.000,1,1,2,2,129,1,0,0,50,0,0,130,1,0,2,0,1,1,1,1,1,1,0,0,0,26044,0,0,0,0,0,0,0,0,3
1.628000,127.40,17.620,10.570,267,387,72.000,71,71,18.000,39.000,55.000,127,229,367,160,167,167,167,167,167,167,1,0,0,3,30,1,28.000,1,1,2,2,129,1,0,0,50,0,0,130,1,0,2,0,1,1,1,1,1,1,0,0,0,26048,0,0,0,0,0,0,0,0,3
1.628250,127.51,17.605,10.570,266,387,72.000,71,71,18.000,39.000,55.000,127,229,367,160,167,167,167,167,167,167,1,0,0,3,30,1,28.000,1,1,3,3,130,1,0,0,51,0,0,131,1,0,2,0,1,1,1,1,1,1,0,0,0,26052,0,0,0,0,0,0,0,0,3
1.628500,127.62,17.590,10.570,266,387,72.000,71,71,18.000,39.000,55.000,127,229,367,160,167,167,167,167,167,167,1,0,0,3,30,1,28.000,1,1,3,3,130,1,0,0,51,0,0,131,1,0,2,0,1,1,1,1,1,1,0,0,0,26056,0,0,0,0,0,0,0,0,3
1.628750,127.73,17.575,10.510,266,387,72.000,71,71,18.000,39.000,55.000,126,229,367,160,167,167,167,167,167,167,1,0,0,3,30,1,28.000,1,1,3,3,130,1,0,0,51,0,0,131,1,0,2,0,1,1,1,1,1,1,0,0,0,26060,0,0,0,0,0,0,0,0,3
1.629000,127.84,17.561,10.510,265,387,72.000,71,71,18.000,39.000,55.000,126,229,367,160,167,167,167,167,167,167,1,0,0,3,30,1,28.000,1,1,3,3,130,1,0,0,51,0,0,131,1,0,2,0,1,1,1,1,1,1,0,0,0,26064,0,0,0,0,0,0,0,0,3
1.629250,127.94,17.547,10.510,265,386,72.000,71,71,18.000,39.000,55.000,126,229,366,160,167,167,167,167,167,167,1,0,0,3,30,1,28.000,1,1,3,3,130,1,0,0,51,0,0,131,1,0,2,0,1,1,1,1,1,1,0,0,0,26068,0,0,0,0,0,0,0,0,3
1.629500,128.05,17.533,10.510,265,386,72.000,71,71,18.000,39.000,55.000,126,229,366,160,167,167,167,167,167,167,1,0,0,3,30,1,28.000,1,1,3,3,130,1,0,0,51,0,0,131,1,0,2,0,1,1,1,1,1,1,0,0,0,26072,0,0,0,0,0,0,0,0,3
1.629750,128.16,17.519,10.510,264,386,72.000,71,71,18.000,39.000,55.000,126,229,366,160,167,167,167,167,167,167,1,0,0,3,30,1,28.000,1,1,3,3,130,1,0,0,51,0,0,131,1,0,2,0,1,1,1,1,1,1,0,0,0,26076,0,0,0,0,0,0,0,0,3
1.630000,128.27,17.505,10.510,264,386,72.000,71,71,18.000,39.000,55.000,126,229,366,160,167,167,167,167,167,167,1,0,0,3,30,1,28.000,1,1,3,3,130,1,0,0,51,0,0,131,1,0,2,0,1,1,1,1,1,1,0,0,0,26080,0,0,0,0,0,0,0,0,3
1.630250,128.38,17.491,10.510,264,386,72.000,71,71,18.000,39.000,55.000,126,229,366,160,167,167,167,167,167,167,1,0,0,3,30,1,28.000,1,1,3,3,130,1,0,0,51,0,0,131,1,0,2,0,1,1,1,1,1,1,0,0,0,26084,0,0,0,0,0,0,0,0,3
1.630500,128.48,17.478,10.460,263,386,72.000,71,71,18.000,39.000,55.000,125,229,366,160,167,167,167,167,167,167,1,0,0,3,30,1,28.000,1,1,3,3,130,1,0,0,51,0,0,131,1,0,2,0,1,1,1,1,1,1,0,0,0,26088,0,0,0,0,0,0,0,0,3
1.630750,128.59,17.465,10.460,263,386,72.000,71,71,18.000,39.000,55.000,125,229,366,160,167,167,167,167,167,167,1,0,0,3,30,1,28.000,1,1,3,3,130,1,0,0,51,0,0,131,1,0,2,0,1,1,1,1,1,1,0,0,0,26092,0,0,0,0,0,0,0,0,3
1.631000,128.70,17.452,10.460,263,386,72.000,71,71,18.000,39.000,55.000,125,229,366,160,167,167,167,167,167,167,1,0,0,3,30,1,28.000,1,1,3,3,130,1,0,0,51,0,0,131,1,0,2,0,1,1,1,1,1,1,0,0,0,26096,0,0,0,0,0,0,0,0,3
1.631250,128.81,17.439,10.460,262,386,72.000,71,71,18.000,39.000,55.000,125,229,366,160,167,167,167,167,167,167,1,0,0,3,30,1,28.000,1,1,3,3,130,1,0,0,51,0,0,131,1,0,2,0,1,1,1,1,1,1,0,0,0,26100,0,0,0,0,0,0,0,0,3
1.631500,128.92,17.426,10.460,262,385,72.000,71,71,18.000,39.000,55.000,125,228,365,160,166,166,166,166,166,166,1,0,0,3,30,1,28.000,1,1,3,3,130,1,0,0,51,0,0,131,1,0,2,0,1,1,1,1,1,1,0,0,0,26104,0,0,0,0,0,0,0,0,3
1.631750,129.02,17.413,10.460,262,385,72.000,71,71,18.000,39.000,55.000,125,228,365,160,166,166,166,166,166,166,1,0,0,3,30,1,28.000,1,1,3,3,130,1,0,0,51,0,0,131,1,0,2,0,1,1,1,1,1,1,0,0,0,26108,0,0,0,0,0,0,0,0,3
1.632000,129.13,17.401,10.460,261,385,72.000,71,71,18.000,39.000,55.000,125,228,365,160,166,166,166,166,166,166,1,0,0,3,30,1,28.000,1,1,3,3,130,1,0,0,51,0,0,131,1,0,2,0,1,1,1,1,1,1,0,0,0,26112,0,0,0,0,0,0,0,0,3
1.632250,129.24,17.389,10.410,261,385,72.000,71,71,18.000,39.000,55.000,125,228,365,160,166,166,166,166,166,166,1,0,0,3,30,1,28.000,1,1,3,3,130,1,0,0,51,0,0,131,1,0,2,0,1,1,1,1,1,1,0,0,0,26116,0,0,0,0,0,0,0,0,3
1.632500,129.35,17.377,10.410,261,385,72.000,71,71,18.000,39.000,55.000,125,228,365,160,166,166,166,166,166,166,1,0,0,3,30,1,28.000,1,1,3,3,130,1,0,0,51,0,0,131,1,0,2,0,1,1,1,1,1,1,0,0,0,26120,0,0,0,0,0,0,0,0,3
1.632750,129.46,17.365,10.410,260,385,72.000,71,71,18.000,39.000,55.000,125,228,365,160,166,166,166,166,166,166,1,0,0,3,30,1,28.000,1,1,3,3,130,1,0,0,51,0,0,131,1,0,2,0,1,1,1,1,1,1,0,0,0,26124,0,0,0,0,0,0,0,0,3
1.633000,129.56,17.353,10.410,260,385,72.000,71,71,18.000,39.000,55.000,125,228,365,160,166,166,166,166,166,166,1,0,0,3,30,1,28.000,1,1,3,3,130,1,0,0,51,0,0,131,1,0,2,0,1,1,1,1,1,1,0,0,0,26128,0,0,0,0,0,0,0,0,3
1.633250,129.67,17.341,10.410,260,385,72.000,71,71,18.000,39.000,55.000,125,228,365,160,166,166,166,166,166,166,1,0,0,3,30,1,28.000,1,1,3,3,130,1,0,0,51,0,0,131,1,0,2,0,1,1,1,1,1,1,0,0,0,26132,0,0,0,0,0,0,0,0,3
1.633500,129.78,17.330,10.410,260,384,72.000,71,71,18.000,39.000,55.000,125,227,364,160,166,166,166,166,166,166,1,0,0,3,30,1,28.000,1,1,3,3,130,1,0,0,51,0,0,131,1,0,2,0,1,1,1,1,1,1,0,0,0,26136,0,0,0,0,0,0,0,0,3
1.633750,129.89,17.319,10.410,259,384,72.000,71,71,18.000,39.000,55.000,125,227,364,160,166,166,166,166,166,166,1,0,0,3,30,1,28.000,1,1,3,3,130,1,0,0,51,0,0,131,1,0,2,0,1,1,1,1,1,1,0,0,0,26140,0,0,0,0,0,0,0,0,3
1.634000,130.00,17.308,10.410,259,384,72.000,71,71,18.000,39.000,55.000,125,227,364,160,166,166,166,166,166,166,1,0,0,3,30,1,28.000,1,1,3,3,130,1,0,0,51,0,0,131,1,0,2,0,1,1,1,1,1,1,0,0,0,26144,0,0,0,0,0,0,0,0,3
1.634250,130.10,17.297,10.410,259,384,72.000,71,71,18.000,39.000,55.000,125,227,364,160,166,166,166,166,166,166,1,0,0,3,30,1,28.000,1,1,3,3,130,1,0,0,51,0,0,131,1,0,2,0,1,1,1,1,1,1,0,0,0,26148,0,0,0,0,0,0,0,0,3
1.634500,130.21,17.286,10.350,258,384,72.000,71,71,18.000,39.000,55.000,124,227,364,160,166,166,166,166,166,166,1,0,0,3,30,1,28.000,1,1,3,3,130,1,0,0,51,0,0,131,1,0,2,0,1,1,1,1,1,1,0,0,0,26152,0,0,0,0,0,0,0,0,3
1.634750,130.32,17.276,10.350,258,384,72.000,71,71,18.000,39.000,55.000,124,227,364,160,166,166,166,166,166,166,1,0,0,3,30,1,28.000,1,1,3,3,130,1,0,0,51,0,0,131,1,0,2,0,1,1,1,1,1,1,0,0,0,26156,0,0,0,0,0,0,0,0,3
1.635000,130.43,17.265,10.350,258,384,72.000,71,71,18.000,39.000,55.000,124,227,364,160,166,166,166,166,166,166,1,0,0,3,30,1,28.000,1,1,3,3,130,1,0,0,51,0,0,131,1,0,2,0,1,1,1,1,1,1,0,0,0,26160,0,0,0,0,0,0,0,0,3
1.635250,130.54,17.255,10.350,257,384,72.000,71,71,18.000,39.000,55.000,124,227,364,160,166,166,166,166,166,166,1,0,0,3,30,1,28.000,1,1,3,3,130,1,0,0,51,0,0,131,1,0,2,0,1,1,1,1,1,1,0,0,0,26164,0,0,0,0,0,0,0,0,3
1.635500,130.64,17.245,10.350,257,383,72.000,71,71,18.000,39.000,55.000,124,227,363,160,165,165,165,165,165,165,1,0,0,3,30,1,28.000,1,1,3,3,130,1,0,0,51,0,0,131,1,0,2,0,1,1,1,1,1,1,0,0,0,26168,0,0,0,0,0,0,0,0,3
1.635750,130.75,17.235,10.350,257,383,72.000,71,71,18.000,39.000,55.000,124,227,363,160,165,165,165,165,165,165,1,0,0,3,30,1,28.000,1,1,3,3,130,1,0,0,51,0,0,131,1,0,2,0,1,1,1,1,1,1,0,0,0,26172,0,0,0,0,0,0,0,0,3
1.636000,130.86,17.225,10.350,257,383,72.000,71,71,18.000,39.000,55.000,124,227,363,160,165,165,165,165,165,165,1,0,0,3,30,1,28.000,1,1,3,3,130,1,0,0,51,0,0,131,1,0,2,0,1,1,1,1,1,1,0,0,0,26176,0,0,0,0,0,0,0,0,3
1.636250,130.97,17.216,10.350,256,383,72.000,71,71,18.000,39.000,55.000,124,227,363,160,165,165,165,165,165,165,1,0,0,3,30,1,28.000,1,1,3,3,130,1,0,0,51,0,0,131,1,0,2,0,1,1,1,1,1,1,0,0,0,26180,0,0,0,0,0,0,0,0,3
1.636500,131.08,17.207,10.300,256,383,72.000,71,71,18.000,39.000,55.000,123,227,363,160,165,165,165,165,165,165,1,0,0,3,30,1,28.000,1,1,3,3,130,1,0,0,51,0,0,131,1,0,2,0,1,1,1,1,1,1,0,0,0,26184,0,0,0,0,0,0,0,0,3
1.636750,131.18,17.197,10.300,256,383,72.000,71,71,18.000,39.000,55.000,123,227,363,160,165,165,165,165,165,165,1,0,0,3,30,1,28.000,1,1,3,3,130,1,0,0,51,0,0,131,1,0,2,0,1,1,1,1,1,1,0,0,0,26188,0,0,0,0,0,0,0,0,3
1.637000,131.29,17.188,10.300,255,383,72.000,71,71,18.000,39.000,55.000,123,227,363,160,165,165,165,165,165,165,1,0,0,3,30,1,28.000,1,1,1,1,131,1,0,0,52,0,0,132,1,0,2,0,1,1,1,1,1,1,0,0,0,26192,0,0,0,0,0,0,0,0,3
1.637250,131.40,17.180,10.300,255,383,72.000,71,71,18.000,39.000,55.000,123,227,363,160,165,165,165,165,165,165,1,0,0,3,30,1,28.000,1,1,1,1,131,1,0,0,52,0,0,132,1,0,2,0,1,1,1,1,1,1,0,0,0,26196,0,0,0,0,0,0,0,0,3
1.637500,131.51,17.171,10.300,255,382,72.000,71,71,18.000,39.000,55.000,123,226,362,160,165,165,165,165,165,165,1,0,0,3,30,1,28.000,1,1,1,1,131,1,0,0,52,0,0,132,1,0,2,0,1,1,1,1,1,1,0,0,0,26200,0,0,0,0,0,0,0,0,3
1.637750,131.62,17.162,10.300,255,382,72.000,71,71,18.000,39.000,55.000,123,226,362,160,165,165,165,165,165,165,1,0,0,3,30,1,28.000,1,1,1,1,131,1,0,0,52,0,0,132,1,0,2,0,1,1,1,1,1,1,0,0,0,26204,0,0,0,0,0,0,0,0,3
1.638000,131.72,17.154,10.300,254,382,72.000,71,71,18.000,39.000,55.000,123,226,362,160,165,165,165,165,165,165,1,0,0,3,30,1,28.000,1,1,1,1,131,1,0,0,52,0,0,132,1,0,2,0,1,1,1,1,1,1,0,0,0,26208,0,0,0,0,0,0,0,0,3
1.638250,131.83,17.146,10.300,254,382,72.000,71,71,18.000,39.000,55.000,123,226,362,160,165,165,165,165,165,165,1,0,0,3,30,1,28.000,1,1,1,1,131,1,0,0,52,0,0,132,1,0,2,0,1,1,1,1,1,1,0,0,0,26212,0,0,0,0,0,0,0,0,3
1.638500,131.94,17.138,10.300,254,382,72.000,71,71,18.000,39.000,55.000,123,226,362,160,165,165,165,165,165,165,1,0,0,3,30,1,28.000,1,1,1,1,131,1,0,0,52,0,0,132,1,0,2,0,1,1,1,1,1,1,0,0,0,26216,0,0,0,0,0,0,0,0,3
1.638750,132.05,17.130,10.300,253,382,72.000,71,71,18.000,39.000,55.000,123,226,362,160,165,165,165,165,165,165,1,0,0,3,30,1,28.000,1,1,1,1,131,1,0,0,52,0,0,132,1,0,2,0,1,1,1,1,1,1,0,0,0,26220,0,0,0,0,0,0,0,0,3
1.639000,132.16,17.123,10.300,253,382,72.000,71,71,18.000,39.000,55.000,123,226,362,160,165,165,165,165,165,165,1,0,0,3,30,1,28.000,1,1,1,1,131,1,0,0,52,0,0,132,1,0,2,0,1,1,1,1,1,1,0,0,0,26224,0,0,0,0,0,0,0,0,3
1.639250,132.26,17.115,10.300,253,382,72.000,71,71,18.000,39.000,55.000,123,226,362,160,165,165,165,165,165,165,1,0,0,3,30,1,28.000,1,1,1,1,131,1,0,0,52,0,0,132,1,0,2,0,1,1,1,1,1,1,0,0,0,26228,0,0,0,0,0,0,0,0,3
1.639500,132.37,17.108,10.240,253,381,72.000,71,71,18.000,39.000,55.000,123,225,361,160,164,164,164,164,164,164,1,0,0,3,30,1,28.000,1,1,1,1,131,1,0,0,52,0,0,132,1,0,2,0,1,1,1,1,1,1,0,0,0,26232,0,0,0,0,0,0,0,0,3
1.639750,132.48,17.101,10.240,252,381,72.000,71,71,18.000,39.000,55.000,123,225,361,160,164,164,164,164,164,164,1,0,0,3,30,1,28.000,1,1,1,1,131,1,0,0,52,0,0,132,1,0,2,0,1,1,1,1,1,1,0,0,0,26236,0,0,0,0,0,0,0,0,3
1.640000,132.59,17.094,10.240,252,381,72.000,71,71,18.000,39.000,55.000,123,225,361,160,164,164,164,164,164,164,1,0,0,3,30,1,28.000,1,1,1,1,131,1,0,0,52,0,0,132,1,0,2,0,1,1,1,1,1,1,0,0,0,26240,0,0,0,0,0,0,0,0,3
1.640250,132.70,17.087,10.240,252,381,72.000,71,71,18.000,39.000,55.000,123,225,361,160,164,164,164,164,164,164,1,0,0,3,30,1,28.000,1,1,1,1,131,1,0,0,52,0,0,132,1,0,2,0,1,1,1,1,1,1,0,0,0,26244,0,0,0,0,0,0,0,0,3
1.640500,132.80,17.080,10.240,252,381,72.000,71,71,18.000,39.000,55.000,123,225,361,160,164,164,164,164,164,164,1,0,0,3,30,1,28.000,1,1,1,1,131,1,0,0,52,0,0,132,1,0,2,0,1,1,1,1,1,1,0,0,0,26248,0,0,0,0,0,0,0,0,3
1.640750,132.91,17.074,10.240,251,381,72.000,71,71,18.000,39.000,55.000,123,225,361,160,164,164,164,164,164,164,1,0,0,3,30,1,28.000,1,1,1,1,131,1,0,0,52,0,0,132,1,0,2,0,1,1,1,1,1,1,0,0,0,26252,0,0,0,0,0,0,0,0,3
1.641000,133.02,17.068,10.240,251,381,72.000,71,71,18.000,39.000,55.000,123,225,361,160,164,164,164,164,164,164,1,0,0,3,30,1,28.000,1,1,1,1,131,1,0,0,52,0,0,132,1,0,2,0,1,1,1,1,1,1,0,0,0,26256,0,0,0,0,0,0,0,0,3
1.641250,133.13,17.062,10.240,251,381,72.000,71,71,18.000,39.000,55.000,123,225,361,160,164,164,164,164,164,164,1,0,0,3,30,1,28.000,1,1,1,1,131,1,0,0,52,0,0,132,1,0,2,0,1,1,1,1,1,1,0,0,0,26260,0,0,0,0,0,0,0,0,3
1.641500,133.24,17.056,10.240,251,380,72.000,71,71,18.000,39.000,55.000,123,225,360,160,164,164,164,164,164,164,1,0,0,3,30,1,28.000,1,1,1,1,131,1,0,0,52,0,0,132,1,0,2,0,1,1,1,1,1,1,0,0,0,26264,0,0,0,0,0,0,0,0,3
1.641750,133.34,17.050,10.240,250,380,72.000,71,71,18.000,39.000,55.000,123,225,360,160,164,164,164,164,164,164,1,0,0,3,30,1,28.000,1,1,1,1,131,1,0,0,52,0,0,132,1,0,2,0,1,1,1,1,1,1,0,0,0,26268,0,0,0,0,0,0,0,0,3
1.642000,133.45,17.045,10.240,250,380,72.000,71,71,18.000,39.000,55.000,123,225,360,160,164,164,164,164,164,164,1,0,0,3,30,1,28.000,1,1,1,1,131,1,0,0,52,0,0,132,1,0,2,0,1,1,1,1,1,1,0,0,0,26272,0,0,0,0,0,0,0,0,3
1.642250,133.56,17.039,10.240,250,380,72.000,71,71,18.000,39.000,55.000,123,225,360,160,164,164,164,164,164,164,1,0,0,3,30,1,28.000,1,1,1,1,131,1,0,0,52,0,0,132,1,0,2,0,1,1,1,1,1,1,0,0,0,26276,0,0,0,0,0,0,0,0,3
1.642500,133.67,17.034,10.240,249,380,72.000,71,71,18.000,39.000,55.000,123,225,360,160,164,164,164,164,164,164,1,0,0,3,30,1,28.000,1,1,1,1,131,1,0,0,52,0,0,132,1,0,2,0,1,1,1,1,1,1,0,0,0,26280,0,0,0,0,0,0,0,0,3
1.642750,133.78,17.029,10.190,249,380,72.000,71,71,18.000,39.000,55.000,122,225,360,160,164,164,164,164,164,164,1,0,0,3,30,1,28.000,1,1,1,1,131,1,0,0,52,0,0,132,1,0,2,0,1,1,1,1,1,1,0,0,0,26284,0,0,0,0,0,0,0,0,3
1.643000,133.88,17.024,10.190,249,380,72.000,71,71,18.000,39.000,55.000,122,225,360,160,164,164,164,164,164,164,1,0,0,3,30,1,28.000,1,1,1,1,131,1,0,0,52,0,0,132,1,0,2,0,1,1,1,1,1,1,0,0,0,26288,0,0,0,0,0,0,0,0,3
1.643250,133.99,17.019,10.190,249,379,72.000,71,71,18.000,39.000,55.000,122,224,359,160,163,163,163,163,163,163,1,0,0,3,30,1,28.000,1,1,1,1,131,1,0,0,52,0,0,132,1,0,2,0,1,1,1,1,1,1,0,0,0,26292,0,0,0,0,0,0,0,0,3
1.643500,134.10,17.015,10.190,248,379,72.000,71,71,18.000,39.000,55.000,122,224,359,160,163,163,163,163,163,163,1,0,0,3,30,1,28.000,1,1,1,1,131,1,0,0,52,0,0,132,1,0,2,0,1,1,1,1,1,1,0,0,0,26296,0,0,0,0,0,0,0,0,3
1.643750,134.21,17.010,10.190,248,379,72.000,71,71,18.000,39.000,55.000,122,224,359,160,163,163,163,163,163,163,1,0,0,3,30,1,28.000,1,1,1,1,131,1,0,0,52,0,0,132,1,0,2,0,1,1,1,1,1,1,0,0,0,26300,0,0,0,0,0,0,0,0,3
1.644000,134.32,17.006,10.190,248,379,72.000,71,71,18.000,39.000,55.000,122,224,359,160,163,163,163,163,163,163,1,0,0,3,30,1,28.000,1,1,1,1,131,1,0,0,52,0,0,132,1,0,2,0,1,1,1,1,1,1,0,0,0,26304,0,0,0,0,0,0,0,0,3
1.644250,134.42,17.002,10.190,248,379,72.000,71,71,18.000,39.000,55.000,122,224,359,160,163,163,163,163,163,163,1,0,0,3,30,1,28.000,1,1,1,1,131,1,0,0,52,0,0,132,1,0,2,0,1,1,1,1,1,1,0,0,0,26308,0,0,0,0,0,0,0,0,3
1.644500,134.53,16.998,10.190,247,379,72.000,71,71,18.000,39.000,55.000,122,224,359,160,163,163,163,163,163,163,1,0,0,3,30,1,28.000,1,1,1,1,131,1,0,0,52,0,0,132,1,0,2,0,1,1,1,1,1,1,0,0,0,26312,0,0,0,0,0,0,0,0,3
1.644750,134.64,16.995,10.190,247,379,72.000,71,71,18.000,39.000,55.000,122,224,359,160,163,163,163,163,163,163,1,0,0,3,30,1,28.000,1,1,1,1,131,1,0,0,52,0,0,132,1,0,2,0,1,1,1,1,1,1,0,0,0,26316,0,0,0,0,0,0,0,0,3
1.645000,134.75,16.991,10.190,247,379,72.000,71,71,18.000,39.000,55.000,122,224,359,160,163,163,163,163,163,163,1,0,0,3,30,1,28.000,1,1,1,1,131,1,0,0,52,0,0,132,1,0,2,0,1,1,1,1,1,1,0,0,0,26320,0,0,0,0,0,0,0,0,3
1.645250,134.86,16.988,10.190,247,378,72.000,71,71,18.000,39.000,55.000,122,223,358,160,163,163,163,163,163,163,1,0,0,3,30,1,28.000,1,1,1,1,131,1,0,0,52,0,0,132,1,0,2,0,1,1,1,1,1,1,0,0,0,26324,0,0,0,0,0,0,0,0,3
1.645500,134.96,16.985,10.190,246,378,72.000,71,71,18.000,39.000,55.000,122,223,358,160,163,163,163,163,163,163,1,0,0,3,30,1,28.000,1,1,1,1,131,1,0,0,52,0,0,132,1,0,2,0,1,1,1,1,1,1,0,0,0,26328,0,0,0,0,0,0,0,0,3
1.645750,135.07,16.982,10.190,246,378,72.000,71,71,18.000,39.000,55.000,122,223,358,160,163,163,163,163,163,163,1,0,0,3,30,1,28.000,1,1,0,0,132,1,0,0,53,0,0,133,1,0,2,0,1,1,1,1,1,1,0,0,0,26332,0,0,0,0,0,0,0,0,3
1.646000,135.18,16.979,10.190,246,378,72.000,71,71,18.000,39.000,55.000,122,223,358,160,163,163,163,163,163,163,1,0,0,3,30,1,28.000,1,1,0,0,132,1,0,0,53,0,0,133,1,0,2,0,1,1,1,1,1,1,0,0,0,26336,0,0,0,0,0,0,0,0,3
1.646250,135.29,16.977,10.190,246,378,72.000,71,71,18.000,39.000,55.000,122,223,358,160,163,163,163,163,163,163,1,0,0,3,30,1,28.000,1,1,0,0,132,1,0,0,53,0,0,133,1,0,2,0,1,1,1,1,1,1,0,0,0,26340,0,0,0,0,0,0,0,0,3
1.646500,135.40,16.974,10.190,246,378,72.000,71,71,18.000,39.000,55.000,122,223,358,160,163,163,163,163,163,163,1,0,0,3,30,1,28.000,1,1,0,0,132,1,0,0,53,0,0,133,1,0,2,0,1,1,1,1,1,1,0,0,0,26344,0,0,0,0,0,0,0,0,3
1.646750,135.50,16.972,10.190,245,378,72.000,71,71,18.000,39.000,55.000,122,223,358,160,163,163,163,163,163,163,1,0,0,3,30,1,28.000,1,1,0,0,132,1,0,0,53,0,0,133,1,0,2,0,1,1,1,1,1,1,0,0,0,26348,0,0,0,0,0,0,0,0,3
1.647000,135.61,16.970,10.190,245,378,72.000,71,71,18.000,39.000,55.000,122,223,358,160,163,163,163,163,163,163,1,0,0,3,30,1,28.000,1,1,0,0,132,1,0,0,53,0,0,133,1,0,2,0,1,1,1,1,1,1,0,0,0,26352,0,0,0,0,0,0,0,0,3
1.647250,135.72,16.968,10.190,245,377,72.000,71,71,18.000,39.000,55.000,122,223,357,160,162,162,162,162,162,162,1,0,0,3,30,1,28.000,1,1,0,0,132,1,0,0,53,0,0,133,1,0,2,0,1,1,1,1,1,1,0,0,0,26356,0,0,0,0,0,0,0,0,3
1.647500,135.83,16.966,10.190,245,377,72.000,71,71,18.000,39.000,55.000,122,223,357,160,162,162,162,162,162,162,1,0,0,3,30,1,28.000,1,1,0,0,132,1,0,0,53,0,0,133,1,0,2,0,1,1,1,1,1,1,0,0,0,26360,0,0,0,0,0,0,0,0,3
1.647750,135.94,16.965,10.190,244,377,72.000,71,71,18.000,39.000,55.000,122,223,357,160,162,162,162,162,162,162,1,0,0,3,30,1,28.000,1,1,0,0,132,1,0,0,53,0,0,133,1,0,2,0,1,1,1,1,1,1,0,0,0,26364,0,0,0,0,0,0,0,0,3
1.648000,136.04,16.963,10.190,244,377,72.000,71,71,18.000,39.000,55.000,122,223,357,160,162,162,162,162,162,162,1,0,0,3,30,1,28.000,1,1,0,0,132,1,0,0,53,0,0,133,1,0,2,0,1,1,1,1,1,1,0,0,0,26368,0,0,0,0,0,0,0,0,3
1.648250,136.15,16.962,10.190,244,377,72.000,71,71,18.000,39.000,55.000,122,223,357,160,162,162,162,162,162,162,1,0,0,3,30,1,28.000,1,1,0,0,132,1,0,0,53,0,0,133,1,0,2,0,1,1,1,1,1,1,0,0,0,26372,0,0,0,0,0,0,0,0,3
1.648500,136.26,16.961,10.190,244,377,72.000,71,71,18.000,39.000,55.000,122,223,357,160,162,162,162,162,162,162,1,0,0,3,30,1,28.000,1,1,0,0,132,1,0,0,53,0,0,133,1,0,2,0,1,1,1,1,1,1,0,0,0,26376,0,0,0,0,0,0,0,0,3
1.648750,136.37,16.960,10.190,244,377,72.000,71,71,18.000,39.000,55.000,122,223,357,160,162,162,162,162,162,162,1,0,0,3,30,1,28.000,1,1,0,0,132,1,0,0,53,0,0,133,1,0,2,0,1,1,1,1,1,1,0,0,0,26380,0,0,0,0,0,0,0,0,3
1.649000,136.48,16.959,10.190,243,376,72.000,71,71,18.000,39.000,55.000,122,222,356,160,162,162,162,162,162,162,1,0,0,3,30,1,28.000,1,1,0,0,132,1,0,0,53,0,0,133,1,0,2,0,1,1,1,1,1,1,0,0,0,26384,0,0,0,0,0,0,0,0,3
1.649250,136.58,16.959,10.190,243,376,72.000,71,71,18.000,39.000,55.000,122,222,356,160,162,162,162,162,162,162,1,0,0,3,30,1,28.000,1,1,0,0,132,1,0,0,53,0,0,133,1,0,2,0,1,1,1,1,1,1,0,0,0,26388,0,0,0,0,0,0,0,0,3
1.649500,136.69,16.958,10.190,243,376,72.000,71,71,18.000,39.000,55.000,122,222,356,160,162,162,162,162,162,162,1,0,0,3,30,1,28.000,1,1,0,0,132,1,0,0,53,0,0,133,1,0,2,0,1,1,1,1,1,1,0,0,0,26392,0,0,0,0,0,0,0,0,3
1.649750,136.80,16.958,10.190,243,376,72.000,71,71,18.000,39.000,55.000,122,222,356,160,162,162,162,162,162,162,1,0,0,3,30,1,28.000,1,1,0,0,132,1,0,0,53,0,0,133,1,0,2,0,1,1,1,1,1,1,0,0,0,26396,0,0,0,0,0,0,0,0,3
1.650000,136.91,16.958,10.190,242,376,72.000,71,71,18.000,39.000,55.000,122,222,356,160,162,162,162,162,162,162,1,0,0,3,30,1,28.000,1,1,0,0,132,1,0,0,53,0,0,133,1,0,2,0,1,1,1,1,1,1,0,0,0,26400,0,0,0,0,0,0,0,0,3
1.650250,137.02,16.958,10.190,242,376,72.000,71,71,18.000,39.000,55.000,122,222,356,160,162,162,162,162,162,162,1,0,0,3,30,1,28.000,1,1,0,0,132,1,0,0,53,0,0,133,1,0,2,0,1,1,1,1,1,1,0,0,0,26404,0,0,0,0,0,0,0,0,3
1.650500,137.12,16.959,10.190,242,376,72.000,71,71,18.000,39.000,55.000,122,222,356,160,162,162,162,162,162,162,1,0,0,3,30,1,28.000,1,1,0,0,132,1,0,0,53,0,0,133,1,0,2,0,1,1,1,1,1,1,0,0,0,26408,0,0,0,0,0,0,0,0,3
1.650750,137.23,16.959,10.190,242,376,72.000,71,71,18.000,39.000,55.000,122,222,356,160,162,162,162,162,162,162,1,0,0,3,30,1,28.000,1,1,0,0,132,1,0,0,53,0,0,133,1,0,2,0,1,1,1,1,1,1,0,0,0,26412,0,0,0,0,0,0,0,0,3
1.651000,137.34,16.960,10.190,242,375,72.000,71,71,18.000,39.000,55.000,122,222,355,160,162,162,162,162,162,162,1,0,0,3,30,1,28.000,1,1,0,0,132,1,0,0,53,0,0,133,1,0,2,0,1,1,1,1,1,1,0,0,0,26416,0,0,0,0,0,0,0,0,3
1.651250,137.45,16.961,10.190,241,375,72.000,71,71,18.000,39.000,55.000,122,222,355,160,162,162,162,162,162,162,1,0,0,3,30,1,28.000,1,1,0,0,132,1,0,0,53,0,0,133,1,0,2,0,1,1,1,1,1,1,0,0,0,26420,0,0,0,0,0,0,0,0,3
1.651500,137.56,16.962,10.190,241,375,72.000,71,71,18.000,39.000,55.000,122,222,355,160,162,162,162,162,162,162,1,0,0,3,30,1,28.000,1,1,0,0,132,1,0,0,53,0,0,133,1,0,2,0,1,1,1,1,1,1,0,0,0,26424,0,0,0,0,0,0,0,0,3
1.651750,137.66,16.963,10.190,241,375,72.000,71,71,18.000,39.000,55.000,122,222,355,160,162,162,162,162,162,162,1,0,0,3,30,1,28.000,1,1,0,0,132,1,0,0,53,0,0,133,1,0,2,0,1,1,1,1,1,1,0,0,0,26428,0,0,0,0,0,0,0,0,3
1.652000,137.77,16.964,10.190,241,375,72.000,71,71,18.000,39.000,55.000,122,222,355,160,162,162,162,162,162,162,1,0,0,3,30,1,28.000,1,1,0,0,132,1,0,0,53,0,0,133,1,0,2,0,1,1,1,1,1,1,0,0,0,26432,0,0,0,0,0,0,0,0,3
1.652250,137.88,16.966,10.190,241,375,72.000,71,71,18.000,39.000,55.000,122,222,355,160,162,162,162,162,162,162,1,0,0,3,30,1,28.000,1,1,0,0,132,1,0,0,53,0,0,133,1,0,2,0,1,1,1,1,1,1,0,0,0,26436,0,0,0,0,0,0,0,0,3
1.652500,137.99,16.968,10.190,240,375,72.000,71,71,18.000,39.000,55.000,122,222,355,160,162,162,162,162,162,162,1,0,0,3,30,1,28.000,1,1,0,0,132,1,0,0,53,0,0,133,1,0,2,0,1,1,1,1,1,1,0,0,0,26440,0,0,0,0,0,0,0,0,3
1.652750,138.10,16.970,10.190,240,375,72.000,71,71,18.000,39.000,55.000,122,222,355,160,162,162,162,162,162,162,1,0,0,3,30,1,28.000,1,1,0,0,132,1,0,0,53,0,0,133,1,0,2,0,1,1,1,1,1,1,0,0,0,26444,0,0,0,0,0,0,0,0,3
1.653000,138.20,16.972,10.190,240,374,72.000,71,71,18.000,39.000,55.000,122,221,354,160,161,161,161,161,161,161,1,0,0,3,30,1,28.000,1,1,0,0,132,1,0,0,53,0,0,133,1,0,2,0,1,1,1,1,1,1,0,0,0,26448,0,0,0,0,0,0,0,0,3
1.653250,138.31,16.974,10.190,240,374,72.000,71,71,18.000,39.000,55.000,122,221,354,160,161,161,161,161,161,161,1,0,0,3,30,1,28.000,1,1,0,0,132,1,0,0,53,0,0,133,1,0,2,0,1,1,1,1,1,1,0,0,0,26452,0,0,0,0,0,0,0,0,3
1.653500,138.42,16.976,10.190,240,374,72.000,71,71,18.000,39.000,55.000,122,221,354,160,161,161,161,161,161,161,1,0,0,3,30,1,28.000,1,1,0,0,132,1,0,0,53,0,0,133,1,0,2,0,1,1,1,1,1,1,0,0,0,26456,0,0,0,0,0,0,0,0,3
1.653750,138.53,16.979,10.190,239,374,72.000,71,71,18.000,39.000,55.000,122,221,354,160,161,161,161,161,161,161,1,0,0,3,30,1,28.000,1,1,0,0,132,1,0,0,53,0,0,133,1,0,2,0,1,1,1,1,1,1,0,0,0,26460,0,0,0,0,0,0,0,0,3
1.654000,138.64,16.982,10.190,239,374,72.000,71,71,18.000,39.000,55.000,122,221,354,160,161,161,161,161,161,161,1,0,0,3,30,1,28.000,1,1,0,0,132,1,0,0,53,0,0,133,1,0,2,0,1,1,1,1,1,1,0,0,0,26464,0,0,0,0,0,0,0,0,3
1.654250,138.74,16.985,10.190,239,374,72.000,71,71,18.000,39.000,55.000,122,221,354,160,161,161,161,161,161,161,1,0,0,3,30,1,28.000,1,1,0,0,132,1,0,0,53,0,0,133,1,0,2,0,1,1,1,1,1,1,0,0,0,26468,0,0,0,0,0,0,0,0,3
1.654500,138.85,16.988,10.190,239,374,72.000,71,71,18.000,39.000,55.000,122,221,354,160,161,161,161,161,161,161,1,0,0,3,30,1,28.000,1,1,2,2,133,1,0,0,54,0,0,134,1,0,2,0,1,1,1,1,1,1,0,0,0,26472,0,0,0,0,0,0,0,0,3
1.654750,138.96,16.991,10.190,239,373,72.000,71,71,18.000,39.000,55.000,122,220,353,160,161,161,161,161,161,161,1,0,0,3,30,1,28.000,1,1,2,2,133,1,0,0,54,0,0,134,1,0,2,0,1,1,1,1,1,1,0,0,0,26476,0,0,0,0,0,0,0,0,3
1.655000,139.07,16.994,10.190,239,373,72.000,71,71,18.000,39.000,55.000,122,220,353,160,161,161,161,161,161,161,1,0,0,3,30,1,28.000,1,1,2,2,133,1,0,0,54,0,0,134,1,0,2,0,1,1,1,1,1,1,0,0,0,26480,0,0,0,0,0,0,0,0,3
1.655250,139.18,16.998,10.190,238,373,72.000,71,71,18.000,39.000,55.000,122,220,353,160,161,161,161,161,161,161,1,0,0,3,30,1,28.000,1,1,2,2,133,1,0,0,54,0,0,134,1,0,2,0,1,1,1,1,1,1,0,0,0,26484,0,0,0,0,0,0,0,0,3
1.655500,139.28,17.002,10.190,238,373,72.000,71,71,18.000,39.000,55.000,122,220,353,160,161,161,161,161,161,161,1,0,0,3,30,1,28.000,1,1,2,2,133,1,0,0,54,0,0,134,1,0,2,0,1,1,1,1,1,1,0,0,0,26488,0,0,0,0,0,0,0,0,3
1.655750,139.39,17.006,10.190,238,373,72.000,71,71,18.000,39.000,55.000,122,220,353,160,161,161,161,161,161,161,1,0,0,3,30,1,28.000,1,1,2,2,133,1,0,0,54,0,0,134,1,0,2,0,1,1,1,1,1,1,0,0,0,26492,0,0,0,0,0,0,0,0,3
1.656000,139.50,17.010,10.190,238,373,72.000,71,71,18.000,39.000,55.000,122,220,353,160,161,161,161,161,161,161,1,0,0,3,30,1,28.000,1,1,2,2,133,1,0,0,54,0,0,134,1,0,2,0,1,1,1,1,1,1,0,0,0,26496,0,0,0,0,0,0,0,0,3
1.656250,139.61,17.014,10.190,238,373,72.000,71,71,18.000,39.000,55.000,122,220,353,160,161,161,161,161,161,161,1,0,0,3,30,1,28.000,1,1,2,2,133,1,0,0,54,0,0,134,1,0,2,0,1,1,1,1,1,1,0,0,0,26500,0,0,0,0,0,0,0,0,3
1.656500,139.72,17.019,10.190,238,373,72.000,71,71,18.000,39.000,55.000,122,220,353,160,161,161,161,161,161,161,1,0,0,3,30,1,28.000,1,1,2,2,133,1,0,0,54,0,0,134,1,0,2,0,1,1,1,1,1,1,0,0,0,26504,0,0,0,0,0,0,0,0,3
1.656750,139.82,17.023,10.190,237,372,72.000,71,71,18.000,39.000,55.000,122,219,351,160,160,160,160,160,160,160,1,0,0,3,30,1,28.000,1,1,2,2,133,1,0,0,54,0,0,134,1,0,2,0,1,1,1,1,1,1,0,0,0,26508,0,0,0,0,0,0,0,0,3
1.657000,139.93,17.028,10.190,237,372,72.000,71,71,18.000,39.000,55.000,122,219,351,160,160,160,160,160,160,160,1,0,0,3,30,1,28.000,1,1,2,2,133,1,0,0,54,0,0,134,1,0,2,0,1,1,1,1,1,1,0,0,0,26512,0,0,0,0,0,0,0,0,3
1.657250,140.04,17.033,10.240,237,372,72.000,71,71,18.000,39.000,55.000,123,219,351,160,160,160,160,160,160,160,1,0,0,3,30,1,28.000,1,1,2,2,133,1,0,0,54,0,0,134,1,0,2,0,1,1,1,1,1,1,0,0,0,26516,0,0,0,0,0,0,0,0,3
1.657500,140.15,17.038,10.240,237,372,72.000,71,71,18.000,39.000,55.000,123,219,351,160,160,160,160,160,160,160,1,0,0,3,30,1,28.000,1,1,2,2,133,1,0,0,54,0,0,134,1,0,2,0,1,1,1,1,1,1,0,0,0,26520,0,0,0,0,0,0,0,0,3
1.657750,140.26,17.044,10.240,237,372,72.000,71,71,18.000,39.000,55.000,123,219,351,160,160,160,160,160,160,160,1,0,0,3,30,1,28.000,1,1,2,2,133,1,0,0,54,0,0,134,1,0,2,0,1,1,1,1,1,1,0,0,0,26524,0,0,0,0,0,0,0,0,3
1.658000,140.36,17.049,10.240,237,372,72.000,71,71,18.000,39.000,55.000,123,219,351,160,160,160,160,160,160,160,1,0,0,3,30,1,28.000,1,1,2,2,133,1,0,0,54,0,0,134,1,0,2,0,1,1,1,1,1,1,0,0,0,26528,0,0,0,0,0,0,0,0,3
1.658250,140.47,17.055,10.240,236,372,72.000,71,71,18.000,39.000,55.000,123,219,351,160,160,160,160,160,160,160,1,0,0,3,30,1,28.000,1,1,2,2,133,1,0,0,54,0,0,134,1,0,2,0,1,1,1,1,1,1,0,0,0,26532,0,0,0,0,0,0,0,0,3
1.658500,140.58,17.061,10.240,236,371,72.000,71,71,18.000,39.000,55.000,123,219,351,160,160,160,160,160,160,160,1,0,0,3,30,1,28.000,1,1,2,2,133,1,0,0,54,0,0,134,1,0,2,0,1,1,1,1,1,1,0,0,0,26536,0,0,0,0,0,0,0,0,3
1.658750,140.69,17.067,10.240,236,371,72.000,71,71,18.000,39.000,55.000,123,219,351,160,160,160,160,160,160,160,1,0,0,3,30,1,28.000,1,1,2,2,133,1,0,0,54,0,0,134,1,0,2,0,1,1,1,1,1,1,0,0,0,26540,0,0,0,0,0,0,0,0,3
1.659000,140.80,17.073,10.240,236,371,72.000,71,71,18.000,39.000,55.000,123,219,351,160,160,160,160,160,160,160,1,0,0,3,30,1,28.000,1,1,2,2,133,1,0,0,54,0,0,134,1,0,2,0,1,1,1,1,1,1,0,0,0,26544,0,0,0,0,0,0,0,0,3
1.659250,140.90,17.079,10.240,236,371,72.000,71,71,18.000,39.000,55.000,123,219,351,160,160,160,160,160,160,160,1,0,0,3,30,1,28.000,1,1,2,2,133,1,0,0,54,0,0,134,1,0,2,0,1,1,1,1,1,1,0,0,0,26548,0,0,0,0,0,0,0,0,3
1.659500,141.01,17.086,10.240,236,371,72.000,71,71,18.000,39.000,55.000,123,219,351,160,160,160,160,160,160,160,1,0,0,3,30,1,28.000,1,1,2,2,133,1,0,0,54,0,0,134,1,0,2,0,1,1,1,1,1,1,0,0,0,26552,0,0,0,0,0,0,0,0,3
1.659750,141.12,17.092,10.240,235,371,72.000,71,71,18.000,39.000,55.000,123,219,351,160,160,160,160,160,160,160,1,0,0,3,30,1,28.000,1,1,2,2,133,1,0,0,54,0,0,134,1,0,2,0,1,1,1,1,1,1,0,0,0,26556,0,0,0,0,0,0,0,0,3
1.660000,141.23,17.099,10.240,235,371,72.000,71,71,18.000,39.000,55.000,123,219,351,160,160,160,160,160,160,160,1,0,0,3,30,1,28.000,1,1,2,2,133,1,0,0,54,0,0,134,1,0,2,0,1,1,1,1,1,1,0,0,0,26560,0,0,0,0,0,0,0,0,3
1.660250,141.34,17.106,10.240,235,371,72.000,71,71,18.000,39.000,55.000,123,219,351,160,160,160,160,160,160,160,1,0,0,3,30,1,28.000,1,1,2,2,133,1,0,0,54,0,0,134,1,0,2,0,1,1,1,1,1,1,0,0,0,26564,0,0,0,0,0,0,0,0,3
1.660500,141.44,17.114,10.300,235,370,72.000,71,71,18.000,39.000,55.000,123,218,349,160,159,159,159,159,159,159,1,0,0,3,30,1,28.000,1,1,2,2,133,1,0,0,54,0,0,134,1,0,2,0,1,1,1,1,1,1,0,0,0,26568,0,0,0,0,0,0,0,0,3
1.660750,141.55,17.121,10.300,235,370,72.000,71,71,18.000,39.000,55.000,123,218,349,160,159,159,159,159,159,159,1,0,0,3,30,1,28.000,1,1,2,2,133,1,0,0,54,0,0,134,1,0,2,0,1,1,1,1,1,1,0,0,0,26572,0,0,0,0,0,0,0,0,3
1.661000,141.66,17.128,10.300,235,370,72.000,71,71,18.000,39.000,55.000,123,218,349,160,159,159,159,159,159,159,1,0,0,3,30,1,28.000,1,1,2,2,133,1,0,0,54,0,0,134,1,0,2,0,1,1,1,1,1,1,0,0,0,26576,0,0,0,0,0,0,0,0,3
1.661250,141.77,17.136,10.300,235,370,72.000,71,71,18.000,39.000,55.000,123,218,349,160,159,159,159,159,159,159,1,0,0,3,30,1,28.000,1,1,2,2,133,1,0,0,54,0,0,134,1,0,2,0,1,1,1,1,1,1,0,0,0,26580,0,0,0,0,0,0,0,0,3
1.661500,141.88,17.144,10.300,234,370,72.000,71,71,18.000,39.000,55.000,123,218,349,160,159,159,159,159,159,159,1,0,0,3,30,1,28.000,1,1,2,2,133,1,0,0,54,0,0,134,1,0,2,0,1,1,1,1,1,1,0,0,0,26584,0,0,0,0,0,0,0,0,3
1.661750,141.98,17.152,10.300,234,370,72.000,71,71,18.000,39.000,55.000,123,218,349,160,159,159,159,159,159,159,1,0,0,3,30,1,28.000,1,1,2,2,133,1,0,0,54,0,0,134,1,0,2,0,1,1,1,1,1,1,0,0,0,26588,0,0,0,0,0,0,0,0,3
1.662000,142.09,17.160,10.300,234,370,72.000,71,71,18.000,39.000,55.000,123,218,349,160,159,159,159,159,159,159,1,0,0,3,30,1,28.000,1,1,2,2,133,1,0,0,54,0,0,134,1,0,2,0,1,1,1,1,1,1,0,0,0,26592,0,0,0,0,0,0,0,0,3
1.662250,142.20,17.169,10.300,234,369,72.000,71,71,18.000,39.000,55.000,123,218,348,160,159,159,159,159,159,159,1,0,0,3,30,1,28.000,1,1,2,2,133,1,0,0,54,0,0,134,1,0,2,0,1,1,1,1,1,1,0,0,0,26596,0,0,0,0,0,0,0,0,3
1.662500,142.31,17.177,10.300,234,369,72.000,71,71,18.000,39.000,55.000,123,218,348,160,159,159,159,159,159,159,1,0,0,3,30,1,28.000,1,1,2,2,133,1,0,0,54,0,0,134,1,0,2,0,1,1,1,1,1,1,0,0,0,26600,0,0,0,0,0,0,0,0,3
1.662750,142.42,17.186,10.300,234,369,72.000,71,71,18.000,39.000,55.000,123,218,348,160,159,159,159,159,159,159,1,0,0,3,30,1,28.000,1,1,2,2,133,1,0,0,54,0,0,134,1,0,2,0,1,1,1,1,1,1,0,0,0,26604,0,0,0,0,0,0,0,0,3
1.663000,142.52,17.195,10.300,234,369,72.000,71,71,18.000,39.000,55.000,123,218,348,160,159,159,159,159,159,159,1,0,0,3,30,1,28.000,1,1,3,3,134,1,0,0,55,0,0,135,1,0,2,0,1,1,1,1,1,1,0,0,0,26608,0,0,0,0,0,0,0,0,3
1.663250,142.63,17.204,10.300,233,369,72.000,71,71,18.000,39.000,55.000,123,218,348,160,159,159,159,159,159,159,1,0,0,3,30,1,28.000,1,1,3,3,134,1,0,0,55,0,0,135,1,0,2,0,1,1,1,1,1,1,0,0,0,26612,0,0,0,0,0,0,0,0,3
1.663500,142.74,17.213,10.350,233,369,72.000,71,71,18.000,39.000,55.000,124,218,348,160,159,159,159,159,159,159,1,0,0,3,30,1,28.000,1,1,3,3,134,1,0,0,55,0,0,135,1,0,2,0,1,1,1,1,1,1,0,0,0,26616,0,0,0,0,0,0,0,0,3
1.663750,142.85,17.223,10.350,233,369,72.000,71,71,18.000,39.000,55.000,124,218,348,160,159,159,159,159,159,159,1,0,0,3,30,1,28.000,1,1,3,3,134,1,0,0,55,0,0,135,1,0,2,0,1,1,1,1,1,1,0,0,0,26620,0,0,0,0,0,0,0,0,3
1.664000,142.96,17.232,10.350,233,369,72.000,71,71,18.000,39.000,55.000,124,218,348,160,159,159,159,159,159,159,1,0,0,3,30,1,28.000,1,1,3,3,134,1,0,0,55,0,0,135,1,0,2,0,1,1,1,1,1,1,0,0,0,26624,0,0,0,0,0,0,0,0,3
1.664250,143.06,17.242,10.350,233,368,72.000,71,71,18.000,39.000,55.000,124,217,347,160,158,158,158,158,158,158,1,0,0,3,30,1,28.000,1,1,3,3,134,1,0,0,55,0,0,135,1,0,2,0,1,1,1,1,1,1,0,0,0,26628,0,0,0,0,0,0,0,0,3
1.664500,143.17,17.252,10.350,233,368,72.000,71,71,18.000,39.000,55.000,124,217,347,160,158,158,158,158,158,158,1,0,0,3,30,1,28.000,1,1,3,3,134,1,0,0,55,0,0,135,1,0,2,0,1,1,1,1,1,1,0,0,0,26632,0,0,0,0,0,0,0,0,3
1.664750,143.28,17.262,10.350,233,368,72.000,71,71,18.000,39.000,55.000,124,217,347,160,158,158,158,158,158,158,1,0,0,3,30,1,28.000,1,1,3,3,134,1,0,0,55,0,0,135,1,0,2,0,1,1,1,1,1,1,0,0,0,26636,0,0,0,0,0,0,0,0,3
1.665000,143.39,17.272,10.350,233,368,72.000,71,71,18.000,39.000,55.000,124,217,347,160,158,158,158,158,158,158,1,0,0,3,30,1,28.000,1,1,3,3,134,1,0,0,55,0,0,135,1,0,2,0,1,1,1,1,1,1,0,0,0,26640,0,0,0,0,0,0,0,0,3
1.665250,143.50,17.283,10.350,233,368,72.000,71,71,18.000,39.000,55.000,124,217,347,160,158,158,158,158,158,158,1,0,0,3,30,1,28.000,1,1,3,3,134,1,0,0,55,0,0,135,1,0,2,0,1,1,1,1,1,1,0,0,0,26644,0,0,0,0,0,0,0,0,3
1.665500,143.60,17.293,10.350,232,368,72.000,71,71,18.000,39.000,55.000,124,217,347,160,158,158,158,158,158,158,1,0,0,3,30,1,28.000,1,1,3,3,134,1,0,0,55,0,0,135,1,0,2,0,1,1,1,1,1,1,0,0,0,26648,0,0,0,0,0,0,0,0,3
1.665750,143.71,17.304,10.410,232,368,72.000,71,71,18.000,39.000,55.000,125,217,347,160,158,158,158,158,158,158,1,0,0,3,30,1,28.000,1,1,3,3,134,1,0,0,55,0,0,135,1,0,2,0,1,1,1,1,1,1,0,0,0,26652,0,0,0,0,0,0,0,0,3
1.666000,143.82,17.315,10.410,232,367,72.000,71,71,18.000,39.000,55.000,125,216,346,160,158,158,158,158,158,158,1,0,0,3,30,1,28.000,1,1,3,3,134,1,0,0,55,0,0,135,1,0,2,0,1,1,1,1,1,1,0,0,0,26656,0,0,0,0,0,0,0,0,3
1.666250,143.93,17.326,10.410,232,367,72.000,71,71,18.000,39.000,55.000,125,216,346,160,158,158,158,158,158,158,1,0,0,3,30,1,28.000,1,1,3,3,134,1,0,0,55,0,0,135,1,0,2,0,1,1,1,1,1,1,0,0,0,26660,0,0,0,0,0,0,0,0,3
1.666500,144.04,17.337,10.410,232,367,72.000,71,71,18.000,39.000,55.000,125,216,346,160,158,158,158,158,158,158,1,0,0,3,30,1,28.000,1,1,3,3,134,1,0,0,55,0,0,135,1,0,2,0,1,1,1,1,1,1,0,0,0,26664,0,0,0,0,0,0,0,0,3
1.666750,144.14,17.348,10.410,232,367,72.000,71,71,18.000,39.000,55.000,125,216,346,160,158,158,158,158,158,158,1,0,0,3,30,1,28.000,1,1,3,3,134,1,0,0,55,0,0,135,1,0,2,0,1,1,1,1,1,1,0,0,0,26668,0,0,0,0,0,0,0,0,3
1.667000,144.25,17.360,10.410,232,367,72.000,71,71,18.000,39.000,55.000,125,216,346,160,158,158,158,158,158,158,1,0,0,3,30,1,28.000,1,1,3,3,134,1,0,0,55,0,0,135,1,0,2,0,1,1,1,1,1,1,0,0,0,26672,0,0,0,0,0,0,0,0,3
1.667250,144.36,17.372,10.410,232,367,72.000,71,71,18.000,39.000,55.000,125,216,346,160,158,158,158,158,158,158,1,0,0,3,30,1,28.000,1,1,3,3,134,1,0,0,55,0,0,135,1,0,2,0,1,1,1,1,1,1,0,0,0,26676,0,0,0,0,0,0,0,0,3
1.667500,144.47,17.384,10.410,232,367,72.000,71,71,18.000,39.000,55.000,125,216,346,160,158,158,158,158,158,158,1,0,0,3,30,1,28.000,1,1,3,3,134,1,0,0,55,0,0,135,1,0,2,0,1,1,1,1,1,1,0,0,0,26680,0,0,0,0,0,0,0,0,3
1.667750,144.58,17.396,10.410,231,367,72.000,71,71,18.000,39.000,55.000,125,216,346,160,158,158,158,158,158,158,1,0,0,3,30,1,28.000,1,1,3,3,134,1,0,0,55,0,0,135,1,0,2,0,1,1,1,1,1,1,0,0,0,26684,0,0,0,0,0,0,0,0,3
1.668000,144.68,17.408,10.460,231,366,72.000,71,71,18.000,39.000,55.000,125,216,345,160,157,157,157,157,157,157,1,0,0,3,30,1,28.000,1,1,3,3,134,1,0,0,55,0,0,135,1,0,2,0,1,1,1,1,1,1,0,0,0,26688,0,0,0,0,0,0,0,0,3
1.668250,144.79,17.420,10.460,231,366,72.000,71,71,18.000,39.000,55.000,125,216,345,160,157,157,157,157,157,157,1,0,0,3,30,1,28.000,1,1,3,3,134,1,0,0,55,0,0,135,1,0,2,0,1,1,1,1,1,1,0,0,0,26692,0,0,0,0,0,0,0,0,3
1.668500,144.90,17.433,10.460,231,366,72.000,71,71,18.000,39.000,55.000,125,216,345,160,157,157,157,157,157,157,1,0,0,3,30,1,28.000,1,1,3,3,134,1,0,0,55,0,0,135,1,0,2,0,1,1,1,1,1,1,0,0,0,26696,0,0,0,0,0,0,0,0,3
1.668750,145.01,17.446,10.460,231,366,72.000,71,71,18.000,39.000,55.000,125,216,345,160,157,157,157,157,157,157,1,0,0,3,30,1,28.000,1,1,3,3,134,1,0,0,55,0,0,135,1,0,2,0,1,1,1,1,1,1,0,0,0,26700,0,0,0,0,0,0,0,0,3
1.669000,145.12,17.459,10.460,231,366,72.000,71,71,18.000,39.000,55.000,125,216,345,160,157,157,157,157,157,157,1,0,0,3,30,1,28.000,1,1,3,3,134,1,0,0,55,0,0,135,1,0,2,0,1,1,1,1,1,1,0,0,0,26704,0,0,0,0,0,0,0,0,3
1.669250,145.22,17.472,10.460,231,366,72.000,71,71,18.000,39.000,55.000,125,216,345,160,157,157,157,157,157,157,1,0,0,3,30,1,28.000,1,1,3,3,134,1,0,0,55,0,0,135,1,0,2,0,1,1,1,1,1,1,0,0,0,26708,0,0,0,0,0,0,0,0,3
1.669500,145.33,17.485,10.510,231,366,72.000,71,71,18.000,39.000,55.000,126,216,345,160,157,157,157,157,157,157,1,0,0,3,30,1,28.000,1,1,3,3,134,1,0,0,55,0,0,135,1,0,2,0,1,1,1,1,1,1,0,0,0,26712,0,0,0,0,0,0,0,0,3
1.669750,145.44,17.498,10.510,231,365,72.000,71,71,18.000,39.000,55.000,126,215,344,160,157,157,157,157,157,157,1,0,0,3,30,1,28.000,1,1,3,3,134,1,0,0,55,0,0,135,1,0,2,0,1,1,1,1,1,1,0,0,0,26716,0,0,0,0,0,0,0,0,3
1.670000,145.55,17.512,10.510,231,365,72.000,71,71,18.000,39.000,55.000,126,215,344,160,157,157,157,157,157,157,1,0,0,3,30,1,28.000,1,1,3,3,134,1,0,0,55,0,0,135,1,0,2,0,1,1,1,1,1,1,0,0,0,26720,0,0,0,0,0,0,0,0,3
1.670250,145.66,17.525,10.510,231,365,72.000,71,71,18.000,39.000,55.000,126,215,344,160,157,157,157,157,157,157,1,0,0,3,30,1,28.000,1,1,3,3,134,1,0,0,55,0,0,135,1,0,2,0,1,1,1,1,1,1,0,0,0,26724,0,0,0,0,0,0,0,0,3
1.670500,145.76,17.539,10.510,230,365,72.000,71,71,18.000,39.000,55.000,126,215,344,160,157,157,157,157,157,157,1,0,0,3,30,1,28.000,1,1,3,3,134,1,0,0,55,0,0,135,1,0,2,0,1,1,1,1,1,1,0,0,0,26728,0,0,0,0,0,0,0,0,3
1.670750,145.87,17.553,10.510,230,365,72.000,71,71,18.000,39.000,55.000,126,215,344,160,157,157,157,157,157,157,1,0,0,3,30,1,28.000,1,1,3,3,134,1,0,0,55,0,0,135,1,0,2,0,1,1,1,1,1,1,0,0,0,26732,0,0,0,0,0,0,0,0,3
1.671000,145.98,17.567,10.510,230,365,72.000,71,71,18.000,39.000,55.000,126,215,344,160,157,157,157,157,157,157,1,0,0,3,30,1,28.000,1,1,3,3,134,1,0,0,55,0,0,135,1,0,2,0,1,1,1,1,1,1,0,0,0,26736,0,0,0,0,0,0,0,0,3
1.671250,146.09,17.582,10.570,230,365,72.000,71,71,18.000,39.000,55.000,127,215,344,160,157,157,157,157,157,157,1,0,0,3,30,1,28.000,1,1,3,3,134,1,0,0,55,0,0,135,1,0,2,0,1,1,1,1,1,1,0,0,0,26740,0,0,0,0,0,0,0,0,3
1.671500,146.20,17.596,10.570,230,365,72.000,71,71,18.000,39.000,55.000,127,215,344,160,157,157,157,157,157,157,1,0,0,3,30,1,28.000,1,1,3,3,134,1,0,0,55,0,0,135,1,0,2,0,1,1,1,1,1,1,0,0,0,26744,0,0,0,0,0,0,0,0,3
1.671750,146.30,17.611,10.570,230,364,72.000,71,71,18.000,39.000,55.000,127,214,343,160,156,156,156,156,156,156,1,0,0,3,30,1,28.000,1,1,1,1,135,1,0,0,56,0,0,136,1,0,2,0,1,1,1,1,1,1,0,0,0,26748,0,0,0,0,0,0,0,0,3
1.672000,146.41,17.626,10.570,230,364,72.000,71,71,18.000,39.000,55.000,127,214,343,160,156,156,156,156,156,156,1,0,0,3,30,1,28.000,1,1,1,1,135,1,0,0,56,0,0,136,1,0,2,0,1,1,1,1,1,1,0,0,0,26752,0,0,0,0,0,0,0,0,3
1.672250,146.52,17.641,10.570,230,364,72.000,71,71,18.000,39.000,55.000,127,214,343,160,156,156,156,156,156,156,1,0,0,3,30,1,28.000,1,1,1,1,135,1,0,0,56,0,0,136,1,0,2,0,1,1,1,1,1,1,0,0,0,26756,0,0,0,0,0,0,0,0,3
1.672500,146.63,17.656,10.570,230,364,72.000,71,71,18.000,39.000,55.000,127,214,343,160,156,156,156,156,156,156,1,0,0,3,30,1,28.000,1,1,1,1,135,1,0,0,56,0,0,136,1,0,2,0,1,1,1,1,1,1,0,0,0,26760,0,0,0,0,0,0,0,0,3
1.672750,146.74,17.671,10.620,230,364,72.000,71,71,18.000,39.000,55.000,127,214,343,160,156,156,156,156,156,156,1,0,0,3,30,1,28.000,1,1,1,1,135,1,0,0,56,0,0,136,1,0,2,0,1,1,1,1,1,1,0,0,0,26764,0,0,0,0,0,0,0,0,3
1.673000,146.84,17.687,10.620,230,364,72.000,71,71,18.000,39.000,55.000,127,214,343,160,156,156,156,156,156,156,1,0,0,3,30,1,28.000,1,1,1,1,135,1,0,0,56,0,0,136,1,0,2,0,1,1,1,1,1,1,0,0,0,26768,0,0,0,0,0,0,0,0,3
1.673250,146.95,17.702,10.620,230,364,72.000,71,71,18.000,39.000,55.000,127,214,343,160,156,156,156,156,156,156,1,0,0,3,30,1,28.000,1,1,1,1,135,1,0,0,56,0,0,136,1,0,2,0,1,1,1,1,1,1,0,0,0,26772,0,0,0,0,0,0,0,0,3
1.673500,147.06,17.718,10.620,230,363,72.000,71,71,18.000,39.000,55.000,127,214,342,160,156,156,156,156,156,156,1,0,0,3,30,1,28.000,1,1,1,1,135,1,0,0,56,0,0,136,1,0,2,0,1,1,1,1,1,1,0,0,0,26776,0,0,0,0,0,0,0,0,3
1.673750,147.17,17.734,10.620,230,363,72.000,71,71,18.000,39.000,55.000,127,214,342,160,156,156,156,156,156,156,1,0,0,3,30,1,28.000,1,1,1,1,135,1,0,0,56,0,0,136,1,0,2,0,1,1,1,1,1,1,0,0,0,26780,0,0,0,0,0,0,0,0,3
1.674000,147.28,17.750,10.620,230,363,72.000,71,71,18.000,39.000,55.000,127,214,342,160,156,156,156,156,156,156,1,0,0,3,30,1,28.000,1,1,1,1,135,1,0,0,56,0,0,136,1,0,2,0,1,1,1,1,1,1,0,0,0,26784,0,0,0,0,0,0,0,0,3
1.674250,147.38,17.766,10.680,229,363,72.000,71,71,18.000,39.000,55.000,128,214,342,160,156,156,156,156,156,156,1,0,0,3,30,1,28.000,1,1,1,1,135,1,0,0,56,0,0,136,1,0,2,0,1,1,1,1,1,1,0,0,0,26788,0,0,0,0,0,0,0,0,3
1.674500,147.49,17.783,10.680,229,363,72.000,71,71,18.000,39.000,55.000,128,214,342,160,156,156,156,156,156,156,1,0,0,3,30,1,28.000,1,1,1,1,135,1,0,0,56,0,0,136,1,0,2,0,1,1,1,1,1,1,0,0,0,26792,0,0,0,0,0,0,0,0,3
1.674750,147.60,17.799,10.680,229,363,72.000,71,71,18.000,39.000,55.000,128,214,342,160,156,156,156,156,156,156,1,0,0,3,30,1,28.000,1,1,1,1,135,1,0,0,56,0,0,136,1,0,2,0,1,1,1,1,1,1,0,0,0,26796,0,0,0,0,0,0,0,0,3
1.675000,147.71,17.816,10.680,229,363,72.000,71,71,18.000,39.000,55.000,128,214,342,160,156,156,156,156,156,156,1,0,0,3,30,1,28.000,1,1,1,1,135,1,0,0,56,0,0,136,1,0,2,0,1,1,1,1,1,1,0,0,0,26800,0,0,0,0,0,0,0,0,3
1.675250,147.82,17.833,10.680,229,363,72.000,71,71,18.000,39.000,55.000,128,214,342,160,156,156,156,156,156,156,1,0,0,3,30,1,28.000,1,1,1,1,135,1,0,0,56,0,0,136,1,0,2,0,1,1,1,1,1,1,0,0,0,26804,0,0,0,0,0,0,0,0,3
1.675500,147.92,17.850,10.730,229,362,72.000,71,71,18.000,39.000,55.000,129,213,341,160,155,155,155,155,155,155,1,0,0,3,30,1,28.000,1,1,1,1,135,1,0,0,56,0,0,136,1,0,2,0,1,1,1,1,1,1,0,0,0,26808,0,0,0,0,0,0,0,0,3
1.675750,148.03,17.867,10.730,229,362,72.000,71,71,18.000,39.000,55.000,129,213,341,160,155,155,155,155,155,155,1,0,0,3,30,1,28.000,1,1,1,1,135,1,0,0,56,0,0,136,1,0,2,0,1,1,1,1,1,1,0,0,0,26812,0,0,0,0,0,0,0,0,3
1.676000,148.14,17.885,10.730,229,362,72.000,71,71,18.000,39.000,55.000,129,213,341,160,155,155,155,155,155,155,1,0,0,3,30,1,28.000,1,1,1,1,135,1,0,0,56,0,0,136,1,0,2,0,1,1,1,1,1,1,0,0,0,26816,0,0,0,0,0,0,0,0,3
1.676250,148.25,17.902,10.730,229,362,72.000,71,71,18.000,39.000,55.000,129,213,341,160,155,155,155,155,155,155,1,0,0,3,30,1,28.000,1,1,1,1,135,1,0,0,56,0,0,136,1,0,2,0,1,1,1,1,1,1,0,0,0,26820,0,0,0,0,0,0,0,0,3
1.676500,148.36,17.920,10.730,229,362,72.000,71,71,18.000,39.000,55.000,129,213,341,160,155,155,155,155,155,155,1,0,0,3,30,1,28.000,1,1,1,1,135,1,0,0,56,0,0,136,1,0,2,0,1,1,1,1,1,1,0,0,0,26824,0,0,0,0,0,0,0,0,3
1.676750,148.46,17.938,10.790,229,362,72.000,71,71,18.000,39.000,55.000,129,213,341,160,155,155,155,155,155,155,1,0,0,3,30,1,28.000,1,1,1,1,135,1,0,0,56,0,0,136,1,0,2,0,1,1,1,1,1,1,0,0,0,26828,0,0,0,0,0,0,0,0,3
1.677000,148.57,17.956,10.790,229,362,72.000,71,71,18.000,39.000,55.000,129,213,341,160,155,155,155,155,155,155,1,0,0,3,30,1,28.000,1,1,1,1,135,1,0,0,56,0,0,136,1,0,2,0,1,1,1,1,1,1,0,0,0,26832,0,0,0,0,0,0,0,0,3
1.677250,148.68,17.974,10.790,229,361,72.000,71,71,18.000,39.000,55.000,129,212,340,160,155,155,155,155,155,155,1,0,0,3,30,1,28.000,1,1,1,1,135,1,0,0,56,0,0,136,1,0,2,0,1,1,1,1,1,1,0,0,0,26836,0,0,0,0,0,0,0,0,3
1.677500,148.79,17.992,10.790,229,361,72.000,71,71,18.000,39.000,55.000,129,212,340,160,155,155,155,155,155,155,1,0,0,3,30,1,28.000,1,1,1,1,135,1,0,0,56,0,0,136,1,0,2,0,1,1,1,1,1,1,0,0,0,26840,0,0,0,0,0,0,0,0,3
1.677750,148.90,18.011,10.790,229,361,72.000,71,71,18.000,39.000,55.000,129,212,340,160,155,155,155,155,155,155,1,0,0,3,30,1,28.000,1,1,1,1,135,1,0,0,56,0,0,136,1,0,2,0,1,1,1,1,1,1,0,0,0,26844,0,0,0,0,0,0,0,0,3
1.678000,149.00,18.029,10.790,229,361,72.000,71,71,18.000,39.000,55.000,129,212,340,160,155,155,155,155,155,155,1,0,0,3,30,1,28.000,1,1,1,1,135,1,0,0,56,0,0,136,1,0,2,0,1,1,1,1,1,1,0,0,0,26848,0,0,0,0,0,0,0,0,3
1.678250,149.11,18.048,10.840,229,361,72.000,71,71,18.000,39.000,55.000,130,212,340,160,155,155,155,155,155,155,1,0,0,3,30,1,28.000,1,1,1,1,135,1,0,0,56,0,0,136,1,0,2,0,1,1,1,1,1,1,0,0,0,26852,0,0,0,0,0,0,0,0,3
1.678500,149.22,18.067,10.840,229,361,72.000,71,71,18.000,39.000,55.000,130,212,340,160,155,155,155,155,155,155,1,0,0,3,30,1,28.000,1,1,1,1,135,1,0,0,56,0,0,136,1,0,2,0,1,1,1,1,1,1,0,0,0,26856,0,0,0,0,0,0,0,0,3
1.678750,149.33,18.086,10.840,229,361,72.000,71,71,18.000,39.000,55.000,130,212,340,160,155,155,155,155,155,155,1,0,0,3,30,1,28.000,1,1,1,1,135,1,0,0,56,0,0,136,1,0,2,0,1,1,1,1,1,1,0,0,0,26860,0,0,0,0,0,0,0,0,3
1.679000,149.44,18.105,10.840,229,361,72.000,71,71,18.000,39.000,55.000,130,212,340,160,155,155,155,155,155,155,1,0,0,3,30,1,28.000,1,1,1,1,135,1,0,0,56,0,0,136,1,0,2,0,1,1,1,1,1,1,0,0,0,26864,0,0,0,0,0,0,0,0,3
1.679250,149.54,18.125,10.900,229,360,72.000,71,71,18.000,39.000,55.000,131,212,339,160,154,154,154,154,154,154,1,0,0,3,30,1,28.000,1,1,1,1,135,1,0,0,56,0,0,136,1,0,2,0,1,1,1,1,1,1,0,0,0,26868,0,0,0,0,0,0,0,0,3
1.679500,149.65,18.144,10.900,229,360,72.000,71,71,18.000,39.000,55.000,131,212,339,160,154,154,154,154,154,154,1,0,0,3,30,1,28.000,1,1,1,1,135,1,0,0,56,0,0,136,1,0,2,0,1,1,1,1,1,1,0,0,0,26872,0,0,0,0,0,0,0,0,3
1.679750,149.76,18.164,10.900,229,360,72.000,71,71,18.000,39.000,55.000,131,212,339,160,154,154,154,154,154,154,1,0,0,3,30,1,28.000,1,1,1,1,135,1,0,0,56,0,0,136,1,0,2,0,1,1,1,1,1,1,0,0,0,26876,0,0,0,0,0,0,0,0,3
1.680000,149.87,18.184,10.900,229,360,72.000,71,71,18.000,39.000,55.000,131,212,339,160,154,154,154,154,154,154,1,0,0,3,30,1,28.000,1,1,1,1,135,1,0,0,56,0,0,136,1,0,2,0,1,1,1,1,1,1,0,0,0,26880,0,0,0,0,0,0,0,0,3
1.680250,149.98,18.204,10.900,229,360,72.000,71,71,18.000,39.000,55.000,131,212,339,160,154,154,154,154,154,154,1,0,0,3,30,1,28.000,1,1,1,1,135,1,0,0,56,0,0,136,1,0,2,0,1,1,1,1,1,1,0,0,0,26884,0,0,0,0,0,0,0,0,3
1.680500,150.08,18.224,10.950,229,360,72.000,71,71,18.000,39.000,55.000,131,212,339,160,154,154,154,154,154,154,1,0,0,3,30,1,28.000,1,1,0,0,136,1,0,0,57,0,0,137,1,0,2,0,1,1,1,1,1,1,0,0,0,26888,0,0,0,0,0,0,0,0,3
1.680750,150.19,18.244,10.950,229,360,72.000,71,71,18.000,39.000,55.000,131,212,339,160,154,154,154,154,154,154,1,0,0,3,30,1,28.000,1,1,0,0,136,1,0,0,57,0,0,137,1,0,2,0,1,1,1,1,1,1,0,0,0,26892,0,0,0,0,0,0,0,0,3
1.681000,150.30,18.264,10.950,229,360,72.000,71,71,18.000,39.000,55.000,131,212,339,160,154,154,154,154,154,154,1,0,0,3,30,1,28.000,1,1,0,0,136,1,0,0,57,0,0,137,1,0,2,0,1,1,1,1,1,1,0,0,0,26896,0,0,0,0,0,0,0,0,3
1.681250,150.41,18.285,10.950,229,359,72.000,71,71,18.000,39.000,55.000,131,211,338,160,154,154,154,154,154,154,1,0,0,3,30,1,28.000,1,1,0,0,136,1,0,0,57,0,0,137,1,0,2,0,1,1,1,1,1,1,0,0,0,26900,0,0,0,0,0,0,0,0,3
1.681500,150.52,18.306,11.000,229,359,72.000,71,71,18.000,39.000,55.000,132,211,338,160,154,154,154,154,154,154,1,0,0,3,30,1,28.000,1,1,0,0,136,1,0,0,57,0,0,137,1,0,2,0,1,1,1,1,1,1,0,0,0,26904,0,0,0,0,0,0,0,0,3
1.681750,150.62,18.327,11.000,229,359,72.000,71,71,18.000,39.000,55.000,132,211,338,160,154,154,154,154,154,154,1,0,0,3,30,1,28.000,1,1,0,0,136,1,0,0,57,0,0,137,1,0,2,0,1,1,1,1,1,1,0,0,0,26908,0,0,0,0,0,0,0,0,3
1.682000,150.73,18.348,11.000,229,359,72.000,71,71,18.000,39.000,55.000,132,211,338,160,154,154,154,154,154,154,1,0,0,3,30,1,28.000,1,1,0,0,136,1,0,0,57,0,0,137,1,0,2,0,1,1,1,1,1,1,0,0,0,26912,0,0,0,0,0,0,0,0,3
1.682250,150.84,18.369,11.000,229,359,72.000,71,71,18.000,39.000,55.000,132,211,338,160,154,154,154,154,154,154,1,0,0,3,30,1,28.000,1,1,0,0,136,1,0,0,57,0,0,137,1,0,2,0,1,1,1,1,1,1,0,0,0,26916,0,0,0,0,0,0,0,0,3
1.682500,150.95,18.390,11.000,229,359,72.000,71,71,18.000,39.000,55.000,132,211,338,160,154,154,154,154,154,154,1,0,0,3,30,1,28.000,1,1,0,0,136,1,0,0,57,0,0,137,1,0,2,0,1,1,1,1,1,1,0,0,0,26920,0,0,0,0,0,0,0,0,3
1.682750,151.06,18.412,11.060,229,359,72.000,71,71,18.000,39.000,55.000,133,211,338,160,154,154,154,154,154,154,1,0,0,3,30,1,28.000,1,1,0,0,136,1,0,0,57,0,0,137,1,0,2,0,1,1,1,1,1,1,0,0,0,26924,0,0,0,0,0,0,0,0,3
1.683000,151.16,18.433,11.060,229,359,72.000,71,71,18.000,39.000,55.000,133,211,338,160,154,154,154,154,154,154,1,0,0,3,30,1,28.000,1,1,0,0,136,1,0,0,57,0,0,137,1,0,2,0,1,1,1,1,1,1,0,0,0,26928,0,0,0,0,0,0,0,0,3
1.683250,151.27,18.455,11.060,229,358,72.000,71,71,18.000,39.000,55.000,133,210,337,160,153,153,153,153,153,153,1,0,0,3,30,1,28.000,1,1,0,0,136,1,0,0,57,0,0,137,1,0,2,0,1,1,1,1,1,1,0,0,0,26932,0,0,0,0,0,0,0,0,3
1.683500,151.38,18.477,11.060,229,358,72.000,71,71,18.000,39.000,55.000,133,210,337,160,153,153,153,153,153,153,1,0,0,3,30,1,28.000,1,1,0,0,136,1,0,0,57,0,0,137,1,0,2,0,1,1,1,1,1,1,0,0,0,26936,0,0,0,0,0,0,0,0,3
1.683750,151.49,18.499,11.110,229,358,72.000,71,71,18.000,39.000,55.000,133,210,337,160,153,153,153,153,153,153,1,0,0,3,30,1,28.000,1,1,0,0,136,1,0,0,57,0,0,137,1,0,2,0,1,1,1,1,1,1,0,0,0,26940,0,0,0,0,0,0,0,0,3
1.684000,151.60,18.521,11.110,229,358,72.000,71,71,18.000,39.000,55.000,133,210,337,160,153,153,153,153,153,153,1,0,0,3,30,1,28.000,1,1,0,0,136,1,0,0,57,0,0,137,1,0,2,0,1,1,1,1,1,1,0,0,0,26944,0,0,0,0,0,0,0,0,3
1.684250,151.70,18.544,11.110,229,358,72.000,71,71,18.000,39.000,55.000,133,210,337,160,153,153,153,153,153,153,1,0,0,3,30,1,28.000,1,1,0,0,136,1,0,0,57,0,0,137,1,0,2,0,1,1,1,1,1,1,0,0,0,26948,0,0,0,0,0,0,0,0,3
1.684500,151.81,18.566,11.110,229,358,72.000,71,71,18.000,39.000,55.000,133,210,337,160,153,153,153,153,153,153,1,0,0,3,30,1,28.000,1,1,0,0,136,1,0,0,57,0,0,137,1,0,2,0,1,1,1,1,1,1,0,0,0,26952,0,0,0,0,0,0,0,0,3
1.684750,151.92,18.589,11.170,229,358,72.000,71,71,18.000,39.000,55.000,134,210,337,160,153,153,153,153,153,153,1,0,0,3,30,1,28.000,1,1,0,0,136,1,0,0,57,0,0,137,1,0,2,0,1,1,1,1,1,1,0,0,0,26956,0,0,0,0,0,0,0,0,3
1.685000,152.03,18.612,11.170,229,358,72.000,71,71,18.000,39.000,55.000,134,210,337,160,153,153,153,153,153,153,1,0,0,3,30,1,28.000,1,1,0,0,136,1,0,0,57,0,0,137,1,0,2,0,1,1,1,1,1,1,0,0,0,26960,0,0,0,0,0,0,0,0,3
1.685250,152.14,18.635,11.170,229,357,72.000,71,71,18.000,39.000,55.000,134,210,336,160,153,153,153,153,153,153,1,0,0,3,30,1,28.000,1,1,0,0,136,1,0,0,57,0,0,137,1,0,2,0,1,1,1,1,1,1,0,0,0,26964,0,0,0,0,0,0,0,0,3
1.685500,152.24,18.658,11.170,229,357,72.000,71,71,18.000,39.000,55.000,134,210,336,160,153,153,153,153,153,153,1,0,0,3,30,1,28.000,1,1,0,0,136,1,0,0,57,0,0,137,1,0,2,0,1,1,1,1,1,1,0,0,0,26968,0,0,0,0,0,0,0,0,3
1.685750,152.35,18.681,11.220,229,357,72.000,71,71,18.000,39.000,55.000,134,210,336,160,153,153,153,153,153,153,1,0,0,3,30,1,28.000,1,1,0,0,136,1,0,0,57,0,0,137,1,0,2,0,1,1,1,1,1,1,0,0,0,26972,0,0,0,0,0,0,0,0,3
1.686000,152.46,18.704,11.220,229,357,72.000,71,71,18.000,39.000,55.000,134,210,336,160,153,153,153,153,153,153,1,0,0,3,30,1,28.000,1,1,0,0,136,1,0,0,57,0,0,137,1,0,2,0,1,1,1,1,1,1,0,0,0,26976,0,0,0,0,0,0,0,0,3
1.686250,152.57,18.728,11.220,229,357,72.000,71,71,18.000,39.000,55.000,134,210,336,160,153,153,153,153,153,153,1,0,0,3,30,1,28.000,1,1,0,0,136,1,0,0,57,0,0,137,1,0,2,0,1,1,1,1,1,1,0,0,0,26980,0,0,0,0,0,0,0,0,3
1.686500,152.68,18.751,11.280,229,357,72.000,71,71,18.000,39.000,55.000,135,210,336,160,153,153,153,153,153,153,1,0,0,3,30,1,28.000,1,1,0,0,136,1,0,0,57,0,0,137,1,0,2,0,1,1,1,1,1,1,0,0,0,26984,0,0,0,0,0,0,0,0,3
1.686750,152.78,18.775,11.280,229,357,72.000,71,71,18.000,39.000,55.000,135,210,336,160,153,153,153,153,153,153,1,0,0,3,30,1,28.000,1,1,0,0,136,1,0,0,57,0,0,137,1,0,2,0,1,1,1,1,1,1,0,0,0,26988,0,0,0,0,0,0,0,0,3
1.687000,152.89,18.799,11.280,229,357,72.000,71,71,18.000,39.000,55.000,135,210,336,160,153,153,153,153,153,153,1,0,0,3,30,1,28.000,1,1,0,0,136,1,0,0,57,0,0,137,1,0,2,0,1,1,1,1,1,1,0,0,0,26992,0,0,0,0,0,0,0,0,3
1.687250,153.00,18.823,11.280,229,356,72.000,71,71,18.000,39.000,55.000,135,209,335,160,152,152,152,152,152,152,1,0,0,3,30,1,28.000,1,1,0,0,136,1,0,0,57,0,0,137,1,0,2,0,1,1,1,1,1,1,0,0,0,26996,0,0,0,0,0,0,0,0,3
1.687500,153.11,18.848,11.330,229,356,72.000,71,71,18.000,39.000,55.000,136,209,335,160,152,152,152,152,152,152,1,0,0,3,30,1,28.000,1,1,0,0,136,1,0,0,57,0,0,137,1,0,2,0,1,1,1,1,1,1,0,0,0,27000,0,0,0,0,0,0,0,0,3
1.687750,153.22,18.872,11.330,229,356,72.000,71,71,18.000,39.000,55.000,136,209,335,160,152,152,152,152,152,152,1,0,0,3,30,1,28.000,1,1,0,0,136,1,0,0,57,0,0,137,1,0,2,0,1,1,1,1,1,1,0,0,0,27004,0,0,0,0,0,0,0,0,3
1.688000,153.32,18.896,11.330,229,356,72.000,71,71,18.000,39.000,55.000,136,209,335,160,152,152,152,152,152,152,1,0,0,3,30,1,28.000,1,1,0,0,136,1,0,0,57,0,0,137,1,0,2,0,1,1,1,1,1,1,0,0,0,27008,0,0,0,0,0,0,0,0,3
1.688250,153.43,18.921,11.330,229,356,72.000,71,71,18.000,39.000,55.000,136,209,335,160,152,152,152,152,152,152,1,0,0,3,30,1,28.000,1,1,0,0,136,1,0,0,57,0,0,137,1,0,2,0,1,1,1,1,1,1,0,0,0,27012,0,0,0,0,0,0,0,0,3
1.688500,153.54,18.946,11.380,229,356,72.000,71,71,18.000,39.000,55.000,136,209,335,160,152,152,152,152,152,152,1,0,0,3,30,1,28.000,1,1,0,0,136,1,0,0,57,0,0,137,1,0,2,0,1,1,1,1,1,1,0,0,0,27016,0,0,0,0,0,0,0,0,3
1.688750,153.65,18.971,11.380,229,356,72.000,71,71,18.000,39.000,55.000,136,209,335,160,152,152,152,152,152,152,1,0,0,3,30,1,28.000,1,1,0,0,136,1,0,0,57,0,0,137,1,0,2,0,1,1,1,1,1,1,0,0,0,27020,0,0,0,0,0,0,0,0,3
1.689000,153.76,18.996,11.380,229,356,72.000,71,71,18.000,39.000,55.000,136,209,335,160,152,152,152,152,152,152,1,0,0,3,30,1,28.000,1,1,2,2,137,1,0,0,58,0,0,138,1,0,2,0,1,1,1,1,1,1,0,0,0,27024,0,0,0,0,0,0,0,0,3
1.689250,153.86,19.021,11.380,229,355,72.000,71,71,18.000,39.000,55.000,136,208,334,160,152,152,152,152,152,152,1,0,0,3,30,1,28.000,1,1,2,2,137,1,0,0,58,0,0,138,1,0,2,0,1,1,1,1,1,1,0,0,0,27028,0,0,0,0,0,0,0,0,3
1.689500,153.97,19.046,11.440,229,355,72.000,71,71,18.000,39.000,55.000,137,208,334,160,152,152,152,152,152,152,1,0,0,3,30,1,28.000,1,1,2,2,137,1,0,0,58,0,0,138,1,0,2,0,1,1,1,1,1,1,0,0,0,27032,0,0,0,0,0,0,0,0,3
1.689750,154.08,19.072,11.440,229,355,72.000,71,71,18.000,39.000,55.000,137,208,334,160,152,152,152,152,152,152,1,0,0,3,30,1,28.000,1,1,2,2,137,1,0,0,58,0,0,138,1,0,2,0,1,1,1,1,1,1,0,0,0,27036,0,0,0,0,0,0,0,0,3
1.690000,154.19,19.098,11.440,229,355,72.000,71,71,18.000,39.000,55.000,137,208,334,160,152,152,152,152,152,152,1,0,0,3,30,1,28.000,1,1,2,2,137,1,0,0,58,0,0,138,1,0,2,0,1,1,1,1,1,1,0,0,0,27040,0,0,0,0,0,0,0,0,3
1.690250,154.30,19.123,11.490,229,355,72.000,71,71,18.000,39.000,55.000,138,208,334,160,152,152,152,152,152,152,1,0,0,3,30,1,28.000,1,1,2,2,137,1,0,0,58,0,0,138,1,0,2,0,1,1,1,1,1,1,0,0,0,27044,0,0,0,0,0,0,0,0,3
1.690500,154.40,19.149,11.490,229,355,72.000,71,71,18.000,39.000,55.000,138,208,334,160,152,152,152,152,152,152,1,0,0,3,30,1,28.000,1,1,2,2,137,1,0,0,58,0,0,138,1,0,2,0,1,1,1,1,1,1,0,0,0,27048,0,0,0,0,0,0,0,0,3
1.690750,154.51,19.175,11.490,229,355,72.000,71,71,18.000,39.000,55.000,138,208,334,160,152,152,152,152,152,152,1,0,0,3,30,1,28.000,1,1,2,2,137,1,0,0,58,0,0,138,1,0,2,0,1,1,1,1,1,1,0,0,0,27052,0,0,0,0,0,0,0,0,3
1.691000,154.62,19.201,11.490,230,355,72.000,71,71,18.000,39.000,55.000,138,208,334,160,152,152,152,152,152,152,1,0,0,3,30,1,28.000,1,1,2,2,137,1,0,0,58,0,0,138,1,0,2,0,1,1,1,1,1,1,0,0,0,27056,0,0,0,0,0,0,0,0,3
1.691250,154.73,19.228,11.550,230,354,72.000,71,71,18.000,39.000,55.000,138,208,333,160,151,151,151,151,151,151,1,0,0,3,30,1,28.000,1,1,2,2,137,1,0,0,58,0,0,138,1,0,2,0,1,1,1,1,1,1,0,0,0,27060,0,0,0,0,0,0,0,0,3
1.691500,154.84,19.254,11.550,230,354,72.000,71,71,18.000,39.000,55.000,138,208,333,160,151,151,151,151,151,151,1,0,0,3,30,1,28.000,1,1,2,2,137,1,0,0,58,0,0,138,1,0,2,0,1,1,1,1,1,1,0,0,0,27064,0,0,0,0,0,0,0,0,3
1.691750,154.94,19.281,11.550,230,354,72.000,71,71,18.000,39.000,55.000,138,208,333,160,151,151,151,151,151,151,1,0,0,3,30,1,28.000,1,1,2,2,137,1,0,0,58,0,0,138,1,0,2,0,1,1,1,1,1,1,0,0,0,27068,0,0,0,0,0,0,0,0,3
1.692000,155.05,19.307,11.600,230,354,72.000,71,71,18.000,39.000,55.000,139,208,333,160,151,151,151,151,151,151,1,0,0,3,30,1,28.000,1,1,2,2,137,1,0,0,58,0,0,138,1,0,2,0,1,1,1,1,1,1,0,0,0,27072,0,0,0,0,0,0,0,0,3
1.692250,155.16,19.334,11.600,230,354,72.000,71,71,18.000,39.000,55.000,139,208,333,160,151,151,151,151,151,151,1,0,0,3,30,1,28.000,1,1,2,2,137,1,0,0,58,0,0,138,1,0,2,0,1,1,1,1,1,1,0,0,0,27076,0,0,0,0,0,0,0,0,3
1.692500,155.27,19.361,11.600,230,354,72.000,71,71,18.000,39.000,55.000,139,208,333,160,151,151,151,151,151,151,1,0,0,3,30,1,28.000,1,1,2,2,137,1,0,0,58,0,0,138,1,0,2,0,1,1,1,1,1,1,0,0,0,27080,0,0,0,0,0,0,0,0,3
1.692750,155.38,19.388,11.660,230,354,72.000,71,71,18.000,39.000,55.000,140,208,333,160,151,151,151,151,151,151,1,0,0,3,30,1,28.000,1,1,2,2,137,1,0,0,58,0,0,138,1,0,2,0,1,1,1,1,1,1,0,0,0,27084,0,0,0,0,0,0,0,0,3
1.693000,155.48,19.416,11.660,230,354,72.000,71,71,18.000,39.000,55.000,140,208,333,160,151,151,151,151,151,151,1,0,0,3,30,1,28.000,1,1,2,2,137,1,0,0,58,0,0,138,1,0,2,0,1,1,1,1,1,1,0,0,0,27088,0,0,0,0,0,0,0,0,3
1.693250,155.59,19.443,11.660,230,353,72.000,71,71,18.000,39.000,55.000,140,207,332,160,151,151,151,151,151,151,1,0,0,3,30,1,28.000,1,1,2,2,137,1,0,0,58,0,0,138,1,0,2,0,1,1,1,1,1,1,0,0,0,27092,0,0,0,0,0,0,0,0,3
1.693500,155.70,19.470,11.660,230,353,72.000,71,71,18.000,39.000,55.000,140,207,332,160,151,151,151,151,151,151,1,0,0,3,30,1,28.000,1,1,2,2,137,1,0,0,58,0,0,138,1,0,2,0,1,1,1,1,1,1,0,0,0,27096,0,0,0,0,0,0,0,0,3
1.693750,155.81,19.498,11.710,230,353,72.000,71,71,18.000,39.000,55.000,140,207,332,160,151,151,151,151,151,151,1,0,0,3,30,1,28.000,1,1,2,2,137,1,0,0,58,0,0,138,1,0,2,0,1,1,1,1,1,1,0,0,0,27100,0,0,0,0,0,0,0,0,3
1.694000,155.92,19.526,11.710,230,353,72.000,71,71,18.000,39.000,55.000,140,207,332,160,151,151,151,151,151,151,1,0,0,3,30,1,28.000,1,1,2,2,137,1,0,0,58,0,0,138,1,0,2,0,1,1,1,1,1,1,0,0,0,27104,0,0,0,0,0,0,0,0,3
1.694250,156.02,19.554,11.710,230,353,72.000,71,71,18.000,39.000,55.000,140,207,332,160,151,151,151,151,151,151,1,0,0,3,30,1,28.000,1,1,2,2,137,1,0,0,58,0,0,138,1,0,2,0,1,1,1,1,1,1,0,0,0,27108,0,0,0,0,0,0,0,0,3
1.694500,156.13,19.582,11.770,230,353,72.000,71,71,18.000,39.000,55.000,141,207,332,160,151,151,151,151,151,151,1,0,0,3,30,1,28.000,1,1,2,2,137,1,0,0,58,0,0,138,1,0,2,0,1,1,1,1,1,1,0,0,0,27112,0,0,0,0,0,0,0,0,3
1.694750,156.24,19.610,11.770,231,353,72.000,71,71,18.000,39.000,55.000,141,207,332,160,151,151,151,151,151,151,1,0,0,3,30,1,28.000,1,1,2,2,137,1,0,0,58,0,0,138,1,0,2,0,1,1,1,1,1,1,0,0,0,27116,0,0,0,0,0,0,0,0,3
1.695000,156.35,19.638,11.770,231,353,72.000,71,71,18.000,39.000,55.000,141,207,332,160,151,151,151,151,151,151,1,0,0,3,30,1,28.000,1,1,2,2,137,1,0,0,58,0,0,138,1,0,2,0,1,1,1,1,1,1,0,0,0,27120,0,0,0,0,0,0,0,0,3
1.695250,156.46,19.667,11.820,231,352,72.000,71,71,18.000,39.000,55.000,142,206,331,160,151,151,151,151,151,151,1,0,0,3,30,1,28.000,1,1,2,2,137,1,0,0,58,0,0,138,1,0,2,0,1,1,1,1,1,1,0,0,0,27124,0,0,0,0,0,0,0,0,3
1.695500,156.56,19.695,11.820,231,352,72.000,71,71,18.000,39.000,55.000,142,206,331,160,151,151,151,151,151,151,1,0,0,3,30,1,28.000,1,1,2,2,137,1,0,0,58,0,0,138,1,0,2,0,1,1,1,1,1,1,0,0,0,27128,0,0,0,0,0,0,0,0,3
1.695750,156.67,19.724,11.820,231,352,72.000,71,71,18.000,39.000,55.000,142,206,331,160,151,151,151,151,151,151,1,0,0,3,30,1,28.000,1,1,2,2,137,1,0,0,58,0,0,138,1,0,2,0,1,1,1,1,1,1,0,0,0,27132,0,0,0,0,0,0,0,0,3
1.696000,156.78,19.753,11.870,231,352,72.000,71,71,18.000,39.000,55.000,142,206,331,160,151,151,151,151,151,151,1,0,0,3,30,1,28.000,1,1,2,2,137,1,0,0,58,0,0,138,1,0,2,0,1,1,1,1,1,1,0,0,0,27136,0,0,0,0,0,0,0,0,3
1.696250,156.89,19.781,11.870,231,352,72.000,71,71,18.000,39.000,55.000,142,206,331,160,151,151,151,151,151,151,1,0,0,3,30,1,28.000,1,1,2,2,137,1,0,0,58,0,0,138,1,0,2,0,1,1,1,1,1,1,0,0,0,27140,0,0,0,0,0,0,0,0,3
1.696500,157.00,19.810,11.870,231,352,72.000,71,71,18.000,39.000,55.000,142,206,331,160,151,151,151,151,151,151,1,0,0,3,30,1,28.000,1,1,2,2,137,1,0,0,58,0,0,138,1,0,2,0,1,1,1,1,1,1,0,0,0,27144,0,0,0,0,0,0,0,0,3
1.696750,157.10,19.840,11.870,231,352,72.000,71,71,18.000,39.000,55.000,142,206,331,160,151,151,151,151,151,151,1,0,0,3,30,1,28.000,1,1,2,2,137,1,0,0,58,0,0,138,1,0,2,0,1,1,1,1,1,1,0,0,0,27148,0,0,0,0,0,0,0,0,3
1.697000,157.21,19.869,11.930,231,352,72.000,71,71,18.000,39.000,55.000,143,206,331,160,151,151,151,151,151,151,1,0,0,3,30,1,28.000,1,1,2,2,137,1,0,0,58,0,0,138,1,0,2,0,1,1,1,1,1,1,0,0,0,27152,0,0,0,0,0,0,0,0,3
1.697250,157.32,19.898,11.930,231,352,72.000,71,71,18.000,39.000,55.000,143,206,331,160,151,151,151,151,151,151,1,0,0,3,30,1,28.000,1,1,2,2,137,1,0,0,58,0,0,138,1,0,2,0,1,1,1,1,1,1,0,0,0,27156,0,0,0,0,0,0,0,0,3
1.697500,157.43,19.928,11.930,232,351,72.000,71,71,18.000,39.000,55.000,143,206,330,160,150,150,150,150,150,150,1,0,0,3,30,1,28.000,1,1,2,2,137,1,0,0,58,0,0,138,1,0,2,0,1,1,1,1,1,1,0,0,0,27160,0,0,0,0,0,0,0,0,3
1.697750,157.54,19.958,11.980,232,351,72.000,71,71,18.000,39.000,55.000,144,206,330,160,150,150,150,150,150,150,1,0,0,3,30,1,28.000,1,1,3,3,138,1,0,0,59,0,0,139,1,0,2,0,1,1,1,1,1,1,0,0,0,27164,0,0,0,0,0,0,0,0,3
1.698000,157.64,19.987,11.980,232,351,72.000,71,71,18.000,39.000,55.000,144,206,330,160,150,150,150,150,150,150,1,0,0,3,30,1,28.000,1,1,3,3,138,1,0,0,59,0,0,139,1,0,2,0,1,1,1,1,1,1,0,0,0,27168,0,0,0,0,0,0,0,0,3
1.698250,157.75,20.017,11.980,232,351,72.000,71,71,18.000,39.000,55.000,144,206,330,160,150,150,150,150,150,150,1,0,0,3,30,1,28.000,1,1,3,3,138,1,0,0,59,0,0,139,1,0,2,0,1,1,1,1,1,1,0,0,0,27172,0,0,0,0,0,0,0,0,3
1.698500,157.86,20.047,12.040,232,351,72.000,71,71,18.000,39.000,55.000,144,206,330,160,150,150,150,150,150,150,1,0,0,3,30,1,28.000,1,1,3,3,138,1,0,0,59,0,0,139,1,0,2,0,1,1,1,1,1,1,0,0,0,27176,0,0,0,0,0,0,0,0,3
1.698750,157.97,20.077,12.040,232,351,72.000,71,71,18.000,39.000,55.000,144,206,330,160,150,150,150,150,150,150,1,0,0,3,30,1,28.000,1,1,3,3,138,1,0,0,59,0,0,139,1,0,2,0,1,1,1,1,1,1,0,0,0,27180,0,0,0,0,0,0,0,0,3
1.699000,158.08,20.108,12.040,232,351,72.000,71,71,18.000,39.000,55.000,144,206,330,160,150,150,150,150,150,150,1,0,0,3,30,1,28.000,1,1,3,3,138,1,0,0,59,0,0,139,1,0,2,0,1,1,1,1,1,1,0,0,0,27184,0,0,0,0,0,0,0,0,3
1.699250,158.18,20.138,12.090,232,351,72.000,71,71,18.000,39.000,55.000,145,206,330,160,150,150,150,150,150,150,1,0,0,3,30,1,28.000,1,1,3,3,138,1,0,0,59,0,0,139,1,0,2,0,1,1,1,1,1,1,0,0,0,27188,0,0,0,0,0,0,0,0,3
1.699500,158.29,20.169,12.090,232,350,72.000,71,71,18.000,39.000,55.000,145,205,329,160,150,150,150,150,150,150,1,0,0,3,30,1,28.000,1,1,3,3,138,1,0,0,59,0,0,139,1,0,2,0,1,1,1,1,1,1,0,0,0,27192,0,0,0,0,0,0,0,0,3
1.699750,158.40,20.199,12.150,233,350,72.000,71,71,18.000,39.000,55.000,146,205,329,160,150,150,150,150,150,150,1,0,0,3,30,1,28.000,1,1,3,3,138,1,0,0,59,0,0,139,1,0,2,0,1,1,1,1,1,1,0,0,0,27196,0,0,0,0,0,0,0,0,3
1.700000,158.51,20.230,12.150,233,350,72.000,71,71,18.000,39.000,55.000,146,205,329,160,150,150,150,150,150,150,1,0,0,3,30,1,28.000,1,1,3,3,138,1,0,0,59,0,0,139,1,0,2,0,1,1,1,1,1,1,0,0,0,27200,0,0,0,0,0,0,0,0,3
1.700250,158.62,20.261,12.150,233,350,72.000,71,71,18.000,39.000,55.000,146,205,329,160,150,150,150,150,150,150,1,0,0,3,30,1,28.000,1,1,3,3,138,1,0,0,59,0,0,139,1,0,2,0,1,1,1,1,1,1,0,0,0,27204,0,0,0,0,0,0,0,0,3
1.700500,158.72,20.292,12.150,233,350,72.000,71,71,18.000,39.000,55.000,146,205,329,160,150,150,150,150,150,150,1,0,0,3,30,1,28.000,1,1,3,3,138,1,0,0,59,0,0,139,1,0,2,0,1,1,1,1,1,1,0,0,0,27208,0,0,0,0,0,0,0,0,3
1.700750,158.83,20.323,12.200,233,350,72.000,71,71,18.000,39.000,55.000,146,205,329,160,150,150,150,150,150,150,1,0,0,3,30,1,28.000,1,1,3,3,138,1,0,0,59,0,0,139,1,0,2,0,1,1,1,1,1,1,0,0,0,27212,0,0,0,0,0,0,0,0,3
1.701000,158.94,20.354,12.200,233,350,72.000,71,71,18.000,39.000,55.000,146,205,329,160,150,150,150,150,150,150,1,0,0,3,30,1,28.000,1,1,3,3,138,1,0,0,59,0,0,139,1,0,2,0,1,1,1,1,1,1,0,0,0,27216,0,0,0,0,0,0,0,0,3
1.701250,159.05,20.386,12.260,233,350,72.000,71,71,18.000,39.000,55.000,147,205,329,160,150,150,150,150,150,150,1,0,0,3,30,1,28.000,1,1,3,3,138,1,0,0,59,0,0,139,1,0,2,0,1,1,1,1,1,1,0,0,0,27220,0,0,0,0,0,0,0,0,3
1.701500,159.16,20.417,12.260,233,350,72.000,71,71,18.000,39.000,55.000,147,205,329,160,150,150,150,150,150,150,1,0,0,3,30,1,28.000,1,1,3,3,138,1,0,0,59,0,0,139,1,0,2,0,1,1,1,1,1,1,0,0,0,27224,0,0,0,0,0,0,0,0,3
1.701750,159.26,20.449,12.260,233,349,72.000,71,71,18.000,39.000,55.000,147,204,327,160,149,149,149,149,149,149,1,0,0,3,30,1,28.000,1,1,3,3,138,1,0,0,59,0,0,139,1,0,2,0,1,1,1,1,1,1,0,0,0,27228,0,0,0,0,0,0,0,0,3
1.702000,159.37,20.480,12.260,234,349,72.000,71,71,18.000,39.000,55.000,147,204,327,160,149,149,149,149,149,149,1,0,0,3,30,1,28.000,1,1,3,3,138,1,0,0,59,0,0,139,1,0,2,0,1,1,1,1,1,1,0,0,0,27232,0,0,0,0,0,0,0,0,3
1.702250,159.48,20.512,12.310,234,349,72.000,71,71,18.000,39.000,55.000,148,204,327,160,149,149,149,149,149,149,1,0,0,3,30,1,28.000,1,1,3,3,138,1,0,0,59,0,0,139,1,0,2,0,1,1,1,1,1,1,0,0,0,27236,0,0,0,0,0,0,0,0,3
1.702500,159.59,20.544,12.310,234,349,72.000,71,71,18.000,39.000,55.000,148,204,327,160,149,149,149,149,149,149,1,0,0,3,30,1,28.000,1,1,3,3,138,1,0,0,59,0,0,139,1,0,2,0,1,1,1,1,1,1,0,0,0,27240,0,0,0,0,0,0,0,0,3
1.702750,159.70,20.576,12.360,234,349,72.000,71,71,18.000,39.000,55.000,148,204,327,160,149,149,149,149,149,149,1,0,0,3,30,1,28.000,1,1,3,3,138,1,0,0,59,0,0,139,1,0,2,0,1,1,1,1,1,1,0,0,0,27244,0,0,0,0,0,0,0,0,3
1.703000,159.80,20.608,12.360,234,349,72.000,71,71,18.000,39.000,55.000,148,204,327,160,149,149,149,149,149,149,1,0,0,3,30,1,28.000,1,1,3,3,138,1,0,0,59,0,0,139,1,0,2,0,1,1,1,1,1,1,0,0,0,27248,0,0,0,0,0,0,0,0,3
1.703250,159.91,20.641,12.360,234,349,72.000,71,71,18.000,39.000,55.000,148,204,327,160,149,149,149,149,149,149,1,0,0,3,30,1,28.000,1,1,3,3,138,1,0,0,59,0,0,139,1,0,2,0,1,1,1,1,1,1,0,0,0,27252,0,0,0,0,0,0,0,0,3
1.703500,160.02,20.673,12.420,234,349,72.000,71,71,18.000,39.000,55.000,149,204,327,160,149,149,149,149,149,149,1,0,0,3,30,1,28.000,1,1,3,3,138,1,0,0,59,0,0,139,1,0,2,0,1,1,1,1,1,1,0,0,0,27256,0,0,0,0,0,0,0,0,3
1.703750,160.13,20.706,12.420,235,349,72.000,71,71,18.000,39.000,55.000,149,204,327,160,149,149,149,149,149,149,1,0,0,3,30,1,28.000,1,1,3,3,138,1,0,0,59,0,0,139,1,0,2,0,1,1,1,1,1,1,0,0,0,27260,0,0,0,0,0,0,0,0,3
1.704000,160.24,20.738,12.420,235,348,72.000,71,71,18.000,39.000,55.000,149,204,326,160,149,149,149,149,149,149,1,0,0,3,30,1,28.000,1,1,3,3,138,1,0,0,59,0,0,139,1,0,2,0,1,1,1,1,1,1,0,0,0,27264,0,0,0,0,0,0,0,0,3
1.704250,160.34,20.771,12.470,235,348,72.000,71,71,18.000,39.000,55.000,149,204,326,160,149,149,149,149,149,149,1,0,0,3,30,1,28.000,1,1,3,3,138,1,0,0,59,0,0,139,1,0,2,0,1,1,1,1,1,1,0,0,0,27268,0,0,0,0,0,0,0,0,3
1.704500,160.45,20.804,12.470,235,348,72.000,71,71,18.000,39.000,55.000,149,204,326,160,149,149,149,149,149,149,1,0,0,3,30,1,28.000,1,1,3,3,138,1,0,0,59,0,0,139,1,0,2,0,1,1,1,1,1,1,0,0,0,27272,0,0,0,0,0,0,0,0,3
1.704750,160.56,20.837,12.530,235,348,72.000,71,71,18.000,39.000,55.000,150,204,326,160,149,149,149,149,149,149,1,0,0,3,30,1,28.000,1,1,3,3,138,1,0,0,59,0,0,139,1,0,2,0,1,1,1,1,1,1,0,0,0,27276,0,0,0,0,0,0,0,0,3
1.705000,160.67,20.870,12.530,235,348,72.000,71,71,18.000,39.000,55.000,150,204,326,160,149,149,149,149,149,149,1,0,0,3,30,1,28.000,1,1,3,3,138,1,0,0,59,0,0,139,1,0,2,0,1,1,1,1,1,1,0,0,0,27280,0,0,0,0,0,0,0,0,3
1.705250,160.78,20.903,12.530,235,348,72.000,71,71,18.000,39.000,55.000,150,204,326,160,149,149,149,149,149,149,1,0,0,3,30,1,28.000,1,1,3,3,138,1,0,0,59,0,0,139,1,0,2,0,1,1,1,1,1,1,0,0,0,27284,0,0,0,0,0,0,0,0,3
1.705500,160.88,20.936,12.580,236,348,72.000,71,71,18.000,39.000,55.000,151,204,326,160,149,149,149,149,149,149,1,0,0,3,30,1,28.000,1,1,3,3,138,1,0,0,59,0,0,139,1,0,2,0,1,1,1,1,1,1,0,0,0,27288,0,0,0,0,0,0,0,0,3
1.705750,160.99,20.969,12.580,236,348,72.000,71,71,18.000,39.000,55.000,151,204,326,160,149,149,149,149,149,149,1,0,0,3,30,1,28.000,1,1,3,3,138,1,0,0,59,0,0,139,1,0,2,0,1,1,1,1,1,1,0,0,0,27292,0,0,0,0,0,0,0,0,3
1.706000,161.10,21.003,12.580,236,348,72.000,71,71,18.000,39.000,55.000,151,204,326,160,149,149,149,149,149,149,1,0,0,3,30,1,28.000,1,1,3,3,138,1,0,0,59,0,0,139,1,0,2,0,1,1,1,1,1,1,0,0,0,27296,0,0,0,0,0,0,0,0,3
1.706250,161.21,21.037,12.640,236,347,72.000,71,71,18.000,39.000,55.000,152,203,325,160,148,148,148,148,148,148,1,0,0,3,30,1,28.000,1,1,3,3,138,1,0,0,59,0,0,139,1,0,2,0,1,1,1,1,1,1,0,0,0,27300,0,0,0,0,0,0,0,0,3
1.706500,161.32,21.070,12.640,236,347,72.000,71,71,18.000,39.000,55.000,152,203,325,160,148,148,148,148,148,148,1,0,0,3,30,1,28.000,1,1,1,1,139,1,0,0,60,0,0,140,1,0,2,0,1,1,1,1,1,1,0,0,0,27304,0,0,0,0,0,0,0,0,3
1.706750,161.42,21.104,12.640,236,347,72.000,71,71,18.000,39.000,55.000,152,203,325,160,148,148,148,148,148,148,1,0,0,3,30,1,28.000,1,1,1,1,139,1,0,0,60,0,0,140,1,0,2,0,1,1,1,1,1,1,0,0,0,27308,0,0,0,0,0,0,0,0,3
1.707000,161.53,21.138,12.690,236,347,72.000,71,71,18.000,39.000,55.000,152,203,325,160,148,148,148,148,148,148,1,0,0,3,30,1,28.000,1,1,1,1,139,1,0,0,60,0,0,140,1,0,2,0,1,1,1,1,1,1,0,0,0,27312,0,0,0,0,0,0,0,0,3
1.707250,161.64,21.172,12.690,237,347,72.000,71,71,18.000,39.000,55.000,152,203,325,160,148,148,148,148,148,148,1,0,0,3,30,1,28.000,1,1,1,1,139,1,0,0,60,0,0,140,1,0,2,0,1,1,1,1,1,1,0,0,0,27316,0,0,0,0,0,0,0,0,3
1.707500,161.75,21.206,12.740,237,347,72.000,71,71,18.000,39.000,55.000,153,203,325,160,148,148,148,148,148,148,1,0,0,3,30,1,28.000,1,1,1,1,139,1,0,0,60,0,0,140,1,0,2,0,1,1,1,1,1,1,0,0,0,27320,0,0,0,0,0,0,0,0,3
1.707750,161.86,21.240,12.740,237,347,72.000,71,71,18.000,39.000,55.000,153,203,325,160,148,148,148,148,148,148,1,0,0,3,30,1,28.000,1,1,1,1,139,1,0,0,60,0,0,140,1,0,2,0,1,1,1,1,1,1,0,0,0,27324,0,0,0,0,0,0,0,0,3
1.708000,161.96,21.275,12.740,237,347,72.000,71,71,18.000,39.000,55.000,153,203,325,160,148,148,148,148,148,148,1,0,0,3,30,1,28.000,1,1,1,1,139,1,0,0,60,0,0,140,1,0,2,0,1,1,1,1,1,1,0,0,0,27328,0,0,0,0,0,0,0,0,3
1.708250,162.07,21.309,12.800,237,347,72.000,71,71,18.000,39.000,55.000,153,203,325,160,148,148,148,148,148,148,1,0,0,3,30,1,28.000,1,1,1,1,139,1,0,0,60,0,0,140,1,0,2,0,1,1,1,1,1,1,0,0,0,27332,0,0,0,0,0,0,0,0,3
1.708500,162.18,21.344,12.800,237,346,72.000,71,71,18.000,39.000,55.000,153,203,324,160,148,148,148,148,148,148,1,0,0,3,30,1,28.000,1,1,1,1,139,1,0,0,60,0,0,140,1,0,2,0,1,1,1,1,1,1,0,0,0,27336,0,0,0,0,0,0,0,0,3
1.708750,162.29,21.378,12.800,238,346,72.000,71,71,18.000,39.000,55.000,153,203,324,160,148,148,148,148,148,148,1,0,0,3,30,1,28.000,1,1,1,1,139,1,0,0,60,0,0,140,1,0,2,0,1,1,1,1,1,1,0,0,0,27340,0,0,0,0,0,0,0,0,3
1.709000,162.40,21.413,12.850,238,346,72.000,71,71,18.000,39.000,55.000,154,203,324,160,148,148,148,148,148,148,1,0,0,3,30,1,28.000,1,1,1,1,139,1,0,0,60,0,0,140,1,0,2,0,1,1,1,1,1,1,0,0,0,27344,0,0,0,0,0,0,0,0,3
1.709250,162.50,21.448,12.850,238,346,72.000,71,71,18.000,39.000,55.000,154,203,324,160,148,148,148,148,148,148,1,0,0,3,30,1,28.000,1,1,1,1,139,1,0,0,60,0,0,140,1,0,2,0,1,1,1,1,1,1,0,0,0,27348,0,0,0,0,0,0,0,0,3
1.709500,162.61,21.483,12.910,238,346,72.000,71,71,18.000,39.000,55.000,155,203,324,160,148,148,148,148,148,148,1,0,0,3,30,1,28.000,1,1,1,1,139,1,0,0,60,0,0,140,1,0,2,0,1,1,1,1,1,1,0,0,0,27352,0,0,0,0,0,0,0,0,3
1.709750,162.72,21.518,12.910,238,346,72.000,71,71,18.000,39.000,55.000,155,203,324,160,148,148,148,148,148,148,1,0,0,3,30,1,28.000,1,1,1,1,139,1,0,0,60,0,0,140,1,0,2,0,1,1,1,1,1,1,0,0,0,27356,0,0,0,0,0,0,0,0,3
1.710000,162.83,21.553,12.910,239,346,72.000,71,71,18.000,39.000,55.000,155,203,324,160,148,148,148,148,148,148,1,0,0,3,30,1,28.000,1,1,1,1,139,1,0,0,60,0,0,140,1,0,2,0,1,1,1,1,1,1,0,0,0,27360,0,0,0,0,0,0,0,0,3
1.710250,162.94,21.588,12.960,239,346,72.000,71,71,18.000,39.000,55.000,155,203,324,160,148,148,148,148,148,148,1,0,0,3,30,1,28.000,1,1,1,1,139,1,0,0,60,0,0,140,1,0,2,0,1,1,1,1,1,1,0,0,0,27364,0,0,0,0,0,0,0,0,3
1.710500,163.04,21.623,12.960,239,346,72.000,71,71,18.000,39.000,55.000,155,203,324,160,148,148,148,148,148,148,1,0,0,3,30,1,28.000,1,1,1,1,139,1,0,0,60,0,0,140,1,0,2,0,1,1,1,1,1,1,0,0,0,27368,0,0,0,0,0,0,0,0,3
1.710750,163.15,21.659,13.020,239,345,72.000,71,71,18.000,39.000,55.000,156,202,323,160,147,147,147,147,147,147,1,0,0,3,30,1,28.000,1,1,1,1,139,1,0,0,60,0,0,140,1,0,2,0,1,1,1,1,1,1,0,0,0,27372,0,0,0,0,0,0,0,0,3
1.711000,163.26,21.694,13.020,239,345,72.000,71,71,18.000,39.000,55.000,156,202,323,160,147,147,147,147,147,147,1,0,0,3,30,1,28.000,1,1,1,1,139,1,0,0,60,0,0,140,1,0,2,0,1,1,1,1,1,1,0,0,0,27376,0,0,0,0,0,0,0,0,3
1.711250,163.37,21.730,13.020,239,345,72.000,71,71,18.000,39.000,55.000,156,202,323,160,147,147,147,147,147,147,1,0,0,3,30,1,28.000,1,1,1,1,139,1,0,0,60,0,0,140,1,0,2,0,1,1,1,1,1,1,0,0,0,27380,0,0,0,0,0,0,0,0,3
1.711500,163.48,21.766,13.070,240,345,72.000,71,71,18.000,39.000,55.000,157,202,323,160,147,147,147,147,147,147,1,0,0,3,30,1,28.000,1,1,1,1,139,1,0,0,60,0,0,140,1,0,2,0,1,1,1,1,1,1,0,0,0,27384,0,0,0,0,0,0,0,0,3
1.711750,163.58,21.802,13.070,240,345,72.000,71,71,18.000,39.000,55.000,157,202,323,160,147,147,147,147,147,147,1,0,0,3,30,1,28.000,1,1,1,1,139,1,0,0,60,0,0,140,1,0,2,0,1,1,1,1,1,1,0,0,0,27388,0,0,0,0,0,0,0,0,3
1.712000,163.69,21.838,13.130,240,345,72.000,71,71,18.000,39.000,55.000,157,202,323,160,147,147,147,147,147,147,1,0,0,3,30,1,28.000,1,1,1,1,139,1,0,0,60,0,0,140,1,0,2,0,1,1,1,1,1,1,0,0,0,27392,0,0,0,0,0,0,0,0,3
1.712250,163.80,21.874,13.130,240,345,72.000,71,71,18.000,39.000,55.000,157,202,323,160,147,147,147,147,147,147,1,0,0,3,30,1,28.000,1,1,1,1,139,1,0,0,60,0,0,140,1,0,2,0,1,1,1,1,1,1,0,0,0,27396,0,0,0,0,0,0,0,0,3
1.712500,163.91,21.910,13.130,240,345,72.000,71,71,18.000,39.000,55.000,157,202,323,160,147,147,147,147,147,147,1,0,0,3,30,1,28.000,1,1,1,1,139,1,0,0,60,0,0,140,1,0,2,0,1,1,1,1,1,1,0,0,0,27400,0,0,0,0,0,0,0,0,3
1.712750,164.02,21.946,13.180,241,345,72.000,71,71,18.000,39.000,55.000,158,202,323,160,147,147,147,147,147,147,1,0,0,3,30,1,28.000,1,1,1,1,139,1,0,0,60,0,0,140,1,0,2,0,1,1,1,1,1,1,0,0,0,27404,0,0,0,0,0,0,0,0,3
1.713000,164.12,21.982,13.180,241,345,72.000,71,71,18.000,39.000,55.000,158,202,323,160,147,147,147,147,147,147,1,0,0,3,30,1,28.000,1,1,1,1,139,1,0,0,60,0,0,140,1,0,2,0,1,1,1,1,1,1,0,0,0,27408,0,0,0,0,0,0,0,0,3
1.713250,164.23,22.018,13.230,241,344,72.000,71,71,18.000,39.000,55.000,159,201,322,160,147,147,147,147,147,147,1,0,0,3,30,1,28.000,1,1,1,1,139,1,0,0,60,0,0,140,1,0,2,0,1,1,1,1,1,1,0,0,0,27412,0,0,0,0,0,0,0,0,3
1.713500,164.34,22.055,13.230,241,344,72.000,71,71,18.000,39.000,55.000,159,201,322,160,147,147,147,147,147,147,1,0,0,3,30,1,28.000,1,1,1,1,139,1,0,0,60,0,0,140,1,0,2,0,1,1,1,1,1,1,0,0,0,27416,0,0,0,0,0,0,0,0,3
1.713750,164.45,22.091,13.230,241,344,72.000,71,71,18.000,39.000,55.000,159,201,322,160,147,147,147,147,147,147,1,0,0,3,30,1,28.000,1,1,1,1,139,1,0,0,60,0,0,140,1,0,2,0,1,1,1,1,1,1,0,0,0,27420,0,0,0,0,0,0,0,0,3
1.714000,164.56,22.128,13.290,242,344,72.000,71,71,18.000,39.000,55.000,159,201,322,160,147,147,147,147,147,147,1,0,0,3,30,1,28.000,1,1,1,1,139,1,0,0,60,0,0,140,1,0,2,0,1,1,1,1,1,1,0,0,0,27424,0,0,0,0,0,0,0,0,3
1.714250,164.66,22.165,13.290,242,344,72.000,71,71,18.000,39.000,55.000,159,201,322,160,147,147,147,147,147,147,1,0,0,3,30,1,28.000,1,1,1,1,139,1,0,0,60,0,0,140,1,0,2,0,1,1,1,1,1,1,0,0,0,27428,0,0,0,0,0,0,0,0,3
1.714500,164.77,22.202,13.340,242,344,72.000,71,71,18.000,39.000,55.000,160,201,322,160,147,147,147,147,147,147,1,0,0,3,30,1,28.000,1,1,1,1,139,1,0,0,60,0,0,140,1,0,2,0,1,1,1,1,1,1,0,0,0,27432,0,0,0,0,0,0,0,0,3
1.714750,164.88,22.239,13.340,242,344,72.000,71,71,18.000,39.000,55.000,160,201,322,160,147,147,147,147,147,147,1,0,0,3,30,1,28.000,1,1,1,1,139,1,0,0,60,0,0,140,1,0,2,0,1,1,1,1,1,1,0,0,0,27436,0,0,0,0,0,0,0,0,3
1.715000,164.99,22.276,13.340,242,344,72.000,71,71,18.000,39.000,55.000,160,201,322,160,147,147,147,147,147,147,1,0,0,3,30,1,28.000,1,1,1,1,139,1,0,0,60,0,0,140,1,0,2,0,1,1,1,1,1,1,0,0,0,27440,0,0,0,0,0,0,0,0,3
1.715250,165.10,22.313,13.400,243,344,72.000,71,71,18.000,39.000,55.000,161,201,322,160,147,147,147,147,147,147,1,0,0,3,30,1,28.000,1,1,0,0,140,1,0,0,61,0,0,141,1,0,2,0,1,1,1,1,1,1,0,0,0,27444,0,0,0,0,0,0,0,0,3
1.715500,165.20,22.350,13.400,243,344,72.000,71,71,18.000,39.000,55.000,161,201,322,160,147,147,147,147,147,147,1,0,0,3,30,1,28.000,1,1,0,0,140,1,0,0,61,0,0,141,1,0,2,0,1,1,1,1,1,1,0,0,0,27448,0,0,0,0,0,0,0,0,3
1.715750,165.31,22.387,13.450,243,343,72.000,71,71,18.000,39.000,55.000,161,201,321,160,146,146,146,146,146,146,1,0,0,3,30,1,28.000,1,1,0,0,140,1,0,0,61,0,0,141,1,0,2,0,1,1,1,1,1,1,0,0,0,27452,0,0,0,0,0,0,0,0,3
1.716000,165.42,22.425,13.450,243,343,72.000,71,71,18.000,39.000,55.000,161,201,321,160,146,146,146,146,146,146,1,0,0,3,30,1,28.000,1,1,0,0,140,1,0,0,61,0,0,141,1,0,2,0,1,1,1,1,1,1,0,0,0,27456,0,0,0,0,0,0,0,0,3
1.716250,165.53,22.462,13.450,243,343,72.000,71,71,18.000,39.000,55.000,161,201,321,160,146,146,146,146,146,146,1,0,0,3,30,1,28.000,1,1,0,0,140,1,0,0,61,0,0,141,1,0,2,0,1,1,1,1,1,1,0,0,0,27460,0,0,0,0,0,0,0,0,3
1.716500,165.64,22.499,13.510,244,343,72.000,71,71,18.000,39.000,55.000,162,201,321,160,146,146,146,146,146,146,1,0,0,3,30,1,28.000,1,1,0,0,140,1,0,0,61,0,0,141,1,0,2,0,1,1,1,1,1,1,0,0,0,27464,0,0,0,0,0,0,0,0,3
1.716750,165.74,22.537,13.510,244,343,72.000,71,71,18.000,39.000,55.000,162,201,321,160,146,146,146,146,146,146,1,0,0,3,30,1,28.000,1,1,0,0,140,1,0,0,61,0,0,141,1,0,2,0,1,1,1,1,1,1,0,0,0,27468,0,0,0,0,0,0,0,0,3
1.717000,165.85,22.575,13.560,244,343,72.000,71,71,18.000,39.000,55.000,163,201,321,160,146,146,146,146,146,146,1,0,0,3,30,1,28.000,1,1,0,0,140,1,0,0,61,0,0,141,1,0,2,0,1,1,1,1,1,1,0,0,0,27472,0,0,0,0,0,0,0,0,3
1.717250,165.96,22.613,13.560,244,343,72.000,71,71,18.000,39.000,55.000,163,201,321,160,146,146,146,146,146,146,1,0,0,3,30,1,28.000,1,1,0,0,140,1,0,0,61,0,0,141,1,0,2,0,1,1,1,1,1,1,0,0,0,27476,0,0,0,0,0,0,0,0,3
1.717500,166.07,22.650,13.620,245,343,72.000,71,71,18.000,39.000,55.000,163,201,321,160,146,146,146,146,146,146,1,0,0,3,30,1,28.000,1,1,0,0,140,1,0,0,61,0,0,141,1,0,2,0,1,1,1,1,1,1,0,0,0,27480,0,0,0,0,0,0,0,0,3
1.717750,166.18,22.688,13.620,245,343,72.000,71,71,18.000,39.000,55.000,163,201,321,160,146,146,146,146,146,146,1,0,0,3,30,1,28.000,1,1,0,0,140,1,0,0,61,0,0,141,1,0,2,0,1,1,1,1,1,1,0,0,0,27484,0,0,0,0,0,0,0,0,3
1.718000,166.28,22.726,13.620,245,343,72.000,71,71,18.000,39.000,55.000,163,201,321,160,146,146,146,146,146,146,1,0,0,3,30,1,28.000,1,1,0,0,140,1,0,0,61,0,0,141,1,0,2,0,1,1,1,1,1,1,0,0,0,27488,0,0,0,0,0,0,0,0,3
1.718250,166.39,22.764,13.670,245,342,72.000,71,71,18.000,39.000,55.000,164,200,320,160,146,146,146,146,146,146,1,0,0,3,30,1,28.000,1,1,0,0,140,1,0,0,61,0,0,141,1,0,2,0,1,1,1,1,1,1,0,0,0,27492,0,0,0,0,0,0,0,0,3
1.718500,166.50,22.803,13.670,245,342,72.000,71,71,18.000,39.000,55.000,164,200,320,160,146,146,146,146,146,146,1,0,0,3,30,1,28.000,1,1,0,0,140,1,0,0,61,0,0,141,1,0,2,0,1,1,1,1,1,1,0,0,0,27496,0,0,0,0,0,0,0,0,3
1.718750,166.61,22.841,13.720,246,342,72.000,71,71,18.000,39.000,55.000,165,200,320,160,146,146,146,146,146,146,1,0,0,3,30,1,28.000,1,1,0,0,140,1,0,0,61,0,0,141,1,0,2,0,1,1,1,1,1,1,0,0,0,27500,0,0,0,0,0,0,0,0,3
1.719000,166.72,22.879,13.720,246,342,72.000,71,71,18.000,39.000,55.000,165,200,320,160,146,146,146,146,146,146,1,0,0,3,30,1,28.000,1,1,0,0,140,1,0,0,61,0,0,141,1,0,2,0,1,1,1,1,1,1,0,0,0,27504,0,0,0,0,0,0,0,0,3
1.719250,166.82,22.918,13.720,246,342,72.000,71,71,18.000,39.000,55.000,165,200,320,160,146,146,146,146,146,146,1,0,0,3,30,1,28.000,1,1,0,0,140,1,0,0,61,0,0,141,1,0,2,0,1,1,1,1,1,1,0,0,0,27508,0,0,0,0,0,0,0,0,3
1.719500,166.93,22.956,13.780,246,342,72.000,71,71,18.000,39.000,55.000,165,200,320,160,146,146,146,146,146,146,1,0,0,3,30,1,28.000,1,1,0,0,140,1,0,0,61,0,0,141,1,0,2,0,1,1,1,1,1,1,0,0,0,27512,0,0,0,0,0,0,0,0,3
1.719750,167.04,22.995,13.780,247,342,72.000,71,71,18.000,39.000,55.000,165,200,320,160,146,146,146,146,146,146,1,0,0,3,30,1,28.000,1,1,0,0,140,1,0,0,61,0,0,141,1,0,2,0,1,1,1,1,1,1,0,0,0,27516,0,0,0,0,0,0,0,0,3
1.720000,167.15,23.033,13.830,247,342,72.000,71,71,18.000,39.000,55.000,166,200,320,160,146,146,146,146,146,146,1,0,0,3,30,1,28.000,1,1,0,0,140,1,0,0,61,0,0,141,1,0,2,0,1,1,1,1,1,1,0,0,0,27520,0,0,0,0,0,0,0,0,3
1.720250,167.26,23.072,13.830,247,342,72.000,71,71,18.000,39.000,55.000,166,200,320,160,146,146,146,146,146,146,1,0,0,3,30,1,28.000,1,1,0,0,140,1,0,0,61,0,0,141,1,0,2,0,1,1,1,1,1,1,0,0,0,27524,0,0,0,0,0,0,0,0,3
1.720500,167.36,23.111,13.890,247,342,72.000,71,71,18.000,39.000,55.000,167,200,320,160,146,146,146,146,146,146,1,0,0,3,30,1,28.000,1,1,0,0,140,1,0,0,61,0,0,141,1,0,2,0,1,1,1,1,1,1,0,0,0,27528,0,0,0,0,0,0,0,0,3
1.720750,167.47,23.150,13.890,248,342,72.000,71,71,18.000,39.000,55.000,167,200,320,160,146,146,146,146,146,146,1,0,0,3,30,1,28.000,1,1,0,0,140,1,0,0,61,0,0,141,1,0,2,0,1,1,1,1,1,1,0,0,0,27532,0,0,0,0,0,0,0,0,3
1.721000,167.58,23.189,13.890,248,341,72.000,71,71,18.000,39.000,55.000,167,199,319,160,145,145,145,145,145,145,1,0,0,3,30,1,28.000,1,1,0,0,140,1,0,0,61,0,0,141,1,0,2,0,1,1,1,1,1,1,0,0,0,27536,0,0,0,0,0,0,0,0,3
1.721250,167.69,23.228,13.940,248,341,72.000,71,71,18.000,39.000,55.000,167,199,319,160,145,145,145,145,145,145,1,0,0,3,30,1,28.000,1,1,0,0,140,1,0,0,61,0,0,141,1,0,2,0,1,1,1,1,1,1,0,0,0,27540,0,0,0,0,0,0,0,0,3
1.721500,167.80,23.267,13.940,248,341,72.000,71,71,18.000,39.000,55.000,167,199,319,160,145,145,145,145,145,145,1,0,0,3,30,1,28.000,1,1,0,0,140,1,0,0,61,0,0,141,1,0,2,0,1,1,1,1,1,1,0,0,0,27544,0,0,0,0,0,0,0,0,3
1.721750,167.90,23.306,14.000,248,341,72.000,71,71,18.000,39.000,55.000,168,199,319,160,145,145,145,145,145,145,1,0,0,3,30,1,28.000,1,1,0,0,140,1,0,0,61,0,0,141,1,0,2,0,1,1,1,1,1,1,0,0,0,27548,0,0,0,0,0,0,0,0,3
1.722000,168.01,23.345,14.000,249,341,72.000,71,71,18.000,39.000,55.000,168,199,319,160,145,145,145,145,145,145,1,0,0,3,30,1,28.000,1,1,0,0,140,1,0,0,61,0,0,141,1,0,2,0,1,1,1,1,1,1,0,0,0,27552,0,0,0,0,0,0,0,0,3
1.722250,168.12,23.385,14.050,249,341,72.000,71,71,18.000,39.000,55.000,168,199,319,160,145,145,145,145,145,145,1,0,0,3,30,1,28.000,1,1,0,0,140,1,0,0,61,0,0,141,1,0,2,0,1,1,1,1,1,1,0,0,0,27556,0,0,0,0,0,0,0,0,3
1.722500,168.23,23.424,14.050,249,341,72.000,71,71,18.000,39.000,55.000,168,199,319,160,145,145,145,145,145,145,1,0,0,3,30,1,28.000,1,1,0,0,140,1,0,0,61,0,0,141,1,0,2,0,1,1,1,1,1,1,0,0,0,27560,0,0,0,0,0,0,0,0,3
1.722750,168.34,23.463,14.050,249,341,72.000,71,71,18.000,39.000,55.000,168,199,319,160,145,145,145,145,145,145,1,0,0,3,30,1,28.000,1,1,0,0,140,1,0,0,61,0,0,141,1,0,2,0,1,1,1,1,1,1,0,0,0,27564,0,0,0,0,0,0,0,0,3
1.723000,168.44,23.503,14.100,250,341,72.000,71,71,18.000,39.000,55.000,169,199,319,160,145,145,145,145,145,145,1,0,0,3,30,1,28.000,1,1,0,0,140,1,0,0,61,0,0,141,1,0,2,0,1,1,1,1,1,1,0,0,0,27568,0,0,0,0,0,0,0,0,3
1.723250,168.55,23.542,14.100,250,341,72.000,71,71,18.000,39.000,55.000,169,199,319,160,145,145,145,145,145,145,1,0,0,3,30,1,28.000,1,1,0,0,140,1,0,0,61,0,0,141,1,0,2,0,1,1,1,1,1,1,0,0,0,27572,0,0,0,0,0,0,0,0,3
1.723500,168.66,23.582,14.160,250,341,72.000,71,71,18.000,39.000,55.000,170,199,319,160,145,145,145,145,145,145,1,0,0,3,30,1,28.000,1,1,0,0,140,1,0,0,61,0,0,141,1,0,2,0,1,1,1,1,1,1,0,0,0,27576,0,0,0,0,0,0,0,0,3
1.723750,168.77,23.622,14.160,250,340,72.000,71,71,18.000,39.000,55.000,170,199,318,160,145,145,145,145,145,145,1,0,0,3,30,1,28.000,1,1,2,2,141,1,0,0,62,0,0,142,1,0,2,0,1,1,1,1,1,1,0,0,0,27580,0,0,0,0,0,0,0,0,3
1.724000,168.88,23.662,14.210,251,340,72.000,71,71,18.000,39.000,55.000,170,199,318,160,145,145,145,145,145,145,1,0,0,3,30,1,28.000,1,1,2,2,141,1,0,0,62,0,0,142,1,0,2,0,1,1,1,1,1,1,0,0,0,27584,0,0,0,0,0,0,0,0,3
1.724250,168.98,23.701,14.210,251,340,72.000,71,71,18.000,39.000,55.000,170,199,318,160,145,145,145,145,145,145,1,0,0,3,30,1,28.000,1,1,2,2,141,1,0,0,62,0,0,142,1,0,2,0,1,1,1,1,1,1,0,0,0,27588,0,0,0,0,0,0,0,0,3
1.724500,169.09,23.741,14.210,251,340,72.000,71,71,18.000,39.000,55.000,170,199,318,160,145,145,145,145,145,145,1,0,0,3,30,1,28.000,1,1,2,2,141,1,0,0,62,0,0,142,1,0,2,0,1,1,1,1,1,1,0,0,0,27592,0,0,0,0,0,0,0,0,3
1.724750,169.20,23.781,14.270,252,340,72.000,71,71,18.000,39.000,55.000,171,199,318,160,145,145,145,145,145,145,1,0,0,3,30,1,28.000,1,1,2,2,141,1,0,0,62,0,0,142,1,0,2,0,1,1,1,1,1,1,0,0,0,27596,0,0,0,0,0,0,0,0,3
1.725000,169.31,23.821,14.270,252,340,72.000,71,71,18.000,39.000,55.000,171,199,318,160,145,145,145,145,145,145,1,0,0,3,30,1,28.000,1,1,2,2,141,1,0,0,62,0,0,142,1,0,2,0,1,1,1,1,1,1,0,0,0,27600,0,0,0,0,0,0,0,0,3
1.725250,169.42,23.862,14.320,252,340,72.000,71,71,18.000,39.000,55.000,172,199,318,160,145,145,145,145,145,145,1,0,0,3,30,1,28.000,1,1,2,2,141,1,0,0,62,0,0,142,1,0,2,0,1,1,1,1,1,1,0,0,0,27604,0,0,0,0,0,0,0,0,3
1.725500,169.52,23.902,14.320,252,340,72.000,71,71,18.000,39.000,55.000,172,199,318,160,145,145,145,145,145,145,1,0,0,3,30,1,28.000,1,1,2,2,141,1,0,0,62,0,0,142,1,0,2,0,1,1,1,1,1,1,0,0,0,27608,0,0,0,0,0,0,0,0,3
1.725750,169.63,23.942,14.380,253,340,72.000,71,71,18.000,39.000,55.000,172,199,318,160,145,145,145,145,145,145,1,0,0,3,30,1,28.000,1,1,2,2,141,1,0,0,62,0,0,142,1,0,2,0,1,1,1,1,1,1,0,0,0,27612,0,0,0,0,0,0,0,0,3
1.726000,169.74,23.982,14.380,253,340,72.000,71,71,18.000,39.000,55.000,172,199,318,160,145,145,145,145,145,145,1,0,0,3,30,1,28.000,1,1,2,2,141,1,0,0,62,0,0,142,1,0,2,0,1,1,1,1,1,1,0,0,0,27616,0,0,0,0,0,0,0,0,3
1.726250,169.85,24.023,14.430,253,340,72.000,71,71,18.000,39.000,55.000,173,199,318,160,145,145,145,145,145,145,1,0,0,3,30,1,28.000,1,1,2,2,141,1,0,0,62,0,0,142,1,0,2,0,1,1,1,1,1,1,0,0,0,27620,0,0,0,0,0,0,0,0,3
1.726500,169.96,24.063,14.430,253,340,72.000,71,71,18.000,39.000,55.000,173,199,318,160,145,145,145,145,145,145,1,0,0,3,30,1,28.000,1,1,2,2,141,1,0,0,62,0,0,142,1,0,2,0,1,1,1,1,1,1,0,0,0,27624,0,0,0,0,0,0,0,0,3
1.726750,170.06,24.104,14.490,254,339,72.000,71,71,18.000,39.000,55.000,174,198,317,160,144,144,144,144,144,144,1,0,0,3,30,1,28.000,1,1,2,2,141,1,0,0,62,0,0,142,1,0,2,0,1,1,1,1,1,1,0,0,0,27628,0,0,0,0,0,0,0,0,3
1.727000,170.17,24.144,14.490,254,339,72.000,71,71,18.000,39.000,55.000,174,198,317,160,144,144,144,144,144,144,1,0,0,3,30,1,28.000,1,1,2,2,141,1,0,0,62,0,0,142,1,0,2,0,1,1,1,1,1,1,0,0,0,27632,0,0,0,0,0,0,0,0,3
1.727250,170.28,24.185,14.490,254,339,72.000,71,71,18.000,39.000,55.000,174,198,317,160,144,144,144,144,144,144,1,0,0,3,30,1,28.000,1,1,2,2,141,1,0,0,62,0,0,142,1,0,2,0,1,1,1,1,1,1,0,0,0,27636,0,0,0,0,0,0,0,0,3
1.727500,170.39,24.225,14.540,254,339,72.000,71,71,18.000,39.000,55.000,174,198,317,160,144,144,144,144,144,144,1,0,0,3,30,1,28.000,1,1,2,2,141,1,0,0,62,0,0,142,1,0,2,0,1,1,1,1,1,1,0,0,0,27640,0,0,0,0,0,0,0,0,3
1.727750,170.50,24.266,14.540,255,339,72.000,71,71,18.000,39.000,55.000,174,198,317,160,144,144,144,144,144,144,1,0,0,3,30,1,28.000,1,1,2,2,141,1,0,0,62,0,0,142,1,0,2,0,1,1,1,1,1,1,0,0,0,27644,0,0,0,0,0,0,0,0,3
1.728000,170.60,24.307,14.590,255,339,72.000,71,71,18.000,39.000,55.000,175,198,317,160,144,144,144,144,144,144,1,0,0,3,30,1,28.000,1,1,2,2,141,1,0,0,62,0,0,142,1,0,2,0,1,1,1,1,1,1,0,0,0,27648,0,0,0,0,0,0,0,0,3
1.728250,170.71,24.348,14.590,255,339,72.000,71,71,18.000,39.000,55.000,175,198,317,160,144,144,144,144,144,144,1,0,0,3,30,1,28.000,1,1,2,2,141,1,0,0,62,0,0,142,1,0,2,0,1,1,1,1,1,1,0,0,0,27652,0,0,0,0,0,0,0,0,3
1.728500,170.82,24.389,14.650,256,339,72.000,71,71,18.000,39.000,55.000,176,198,317,160,144,144,144,144,144,144,1,0,0,3,30,1,28.000,1,1,2,2,141,1,0,0,62,0,0,142,1,0,2,0,1,1,1,1,1,1,0,0,0,27656,0,0,0,0,0,0,0,0,3
1.728750,170.93,24.429,14.650,256,339,72.000,71,71,18.000,39.000,55.000,176,198,317,160,144,144,144,144,144,144,1,0,0,3,30,1,28.000,1,1,2,2,141,1,0,0,62,0,0,142,1,0,2,0,1,1,1,1,1,1,0,0,0,27660,0,0,0,0,0,0,0,0,3
1.729000,171.04,24.470,14.700,256,339,72.000,71,71,18.000,39.000,55.000,176,198,317,160,144,144,144,144,144,144,1,0,0,3,30,1,28.000,1,1,2,2,141,1,0,0,62,0,0,142,1,0,2,0,1,1,1,1,1,1,0,0,0,27664,0,0,0,0,0,0,0,0,3
1.729250,171.14,24.512,14.700,256,339,72.000,71,71,18.000,39.000,55.000,176,198,317,160,144,144,144,144,144,144,1,0,0,3,30,1,28.000,1,1,2,2,141,1,0,0,62,0,0,142,1,0,2,0,1,1,1,1,1,1,0,0,0,27668,0,0,0,0,0,0,0,0,3
1.729500,171.25,24.553,14.700,257,339,72.000,71,71,18.000,39.000,55.000,176,198,317,160,144,144,144,144,144,144,1,0,0,3,30,1,28.000,1,1,2,2,141,1,0,0,62,0,0,142,1,0,2,0,1,1,1,1,1,1,0,0,0,27672,0,0,0,0,0,0,0,0,3
1.729750,171.36,24.594,14.760,257,338,72.000,71,71,18.000,39.000,55.000,177,197,316,160,144,144,144,144,144,144,1,0,0,3,30,1,28.000,1,1,2,2,141,1,0,0,62,0,0,142,1,0,2,0,1,1,1,1,1,1,0,0,0,27676,0,0,0,0,0,0,0,0,3
1.730000,171.47,24.635,14.760,257,338,72.000,71,71,18.000,39.000,55.000,177,197,316,160,144,144,144,144,144,144,1,0,0,3,30,1,28.000,1,1,2,2,141,1,0,0,62,0,0,142,1,0,2,0,1,1,1,1,1,1,0,0,0,27680,0,0,0,0,0,0,0,0,3
1.730250,171.58,24.676,14.810,258,338,72.000,71,71,18.000,39.000,55.000,178,197,316,160,144,144,144,144,144,144,1,0,0,3,30,1,28.000,1,1,2,2,141,1,0,0,62,0,0,142,1,0,2,0,1,1,1,1,1,1,0,0,0,27684,0,0,0,0,0,0,0,0,3
1.730500,171.68,24.718,14.810,258,338,72.000,71,71,18.000,39.000,55.000,178,197,316,160,144,144,144,144,144,144,1,0,0,3,30,1,28.000,1,1,2,2,141,1,0,0,62,0,0,142,1,0,2,0,1,1,1,1,1,1,0,0,0,27688,0,0,0,0,0,0,0,0,3
1.730750,171.79,24.759,14.870,258,338,72.000,71,71,18.000,39.000,55.000,178,197,316,160,144,144,144,144,144,144,1,0,0,3,30,1,28.000,1,1,2,2,141,1,0,0,62,0,0,142,1,0,2,0,1,1,1,1,1,1,0,0,0,27692,0,0,0,0,0,0,0,0,3
1.731000,171.90,24.800,14.870,258,338,72.000,71,71,18.000,39.000,55.000,178,197,316,160,144,144,144,144,144,144,1,0,0,3,30,1,28.000,1,1,2,2,141,1,0,0,62,0,0,142,1,0,2,0,1,1,1,1,1,1,0,0,0,27696,0,0,0,0,0,0,0,0,3
1.731250,172.01,24.842,14.920,259,338,72.000,71,71,18.000,39.000,55.000,179,197,316,160,144,144,144,144,144,144,1,0,0,3,30,1,28.000,1,1,2,2,141,1,0,0,62,0,0,142,1,0,2,0,1,1,1,1,1,1,0,0,0,27700,0,0,0,0,0,0,0,0,3
1.731500,172.12,24.883,14.920,259,338,72.000,71,71,18.000,39.000,55.000,179,197,316,160,144,144,144,144,144,144,1,0,0,3,30,1,28.000,1,1,2,2,141,1,0,0,62,0,0,142,1,0,2,0,1,1,1,1,1,1,0,0,0,27704,0,0,0,0,0,0,0,0,3
1.731750,172.22,24.925,14.970,259,338,72.000,71,71,18.000,39.000,55.000,180,197,316,160,144,144,144,144,144,144,1,0,0,3,30,1,28.000,1,1,2,2,141,1,0,0,62,0,0,142,1,0,2,0,1,1,1,1,1,1,0,0,0,27708,0,0,0,0,0,0,0,0,3
1.732000,172.33,24.966,14.970,260,338,72.000,71,71,18.000,39.000,55.000,180,197,316,160,144,144,144,144,144,144,1,0,0,3,30,1,28.000,1,1,2,2,141,1,0,0,62,0,0,142,1,0,2,0,1,1,1,1,1,1,0,0,0,27712,0,0,0,0,0,0,0,0,3
1.732250,172.44,25.008,14.970,260,338,72.000,71,71,18.000,39.000,55.000,180,197,316,160,144,144,144,144,144,144,1,0,0,3,30,1,28.000,1,1,2,2,141,1,0,0,62,0,0,142,1,0,2,0,1,1,1,1,1,1,0,0,0,27716,0,0,0,0,0,0,0,0,3
1.732500,172.55,25.050,15.030,260,338,72.000,71,71,18.000,39.000,55.000,180,197,316,160,144,144,144,144,144,144,1,0,0,3,30,1,28.000,1,1,3,3,142,1,0,0,63,0,0,143,1,0,2,0,1,1,1,1,1,1,0,0,0,27720,0,0,0,0,0,0,0,0,3
1.732750,172.66,25.092,15.030,260,338,72.000,71,71,18.000,39.000,55.000,180,197,316,160,144,144,144,144,144,144,1,0,0,3,30,1,28.000,1,1,3,3,142,1,0,0,63,0,0,143,1,0,2,0,1,1,1,1,1,1,0,0,0,27724,0,0,0,0,0,0,0,0,3
1.733000,172.76,25.133,15.080,261,337,72.000,71,71,18.000,39.000,55.000,181,197,315,160,143,143,143,143,143,143,1,0,0,3,30,1,28.000,1,1,3,3,142,1,0,0,63,0,0,143,1,0,2,0,1,1,1,1,1,1,0,0,0,27728,0,0,0,0,0,0,0,0,3
1.733250,172.87,25.175,15.080,261,337,72.000,71,71,18.000,39.000,55.000,181,197,315,160,143,143,143,143,143,143,1,0,0,3,30,1,28.000,1,1,3,3,142,1,0,0,63,0,0,143,1,0,2,0,1,1,1,1,1,1,0,0,0,27732,0,0,0,0,0,0,0,0,3
1.733500,172.98,25.217,15.140,261,337,72.000,71,71,18.000,39.000,55.000,182,197,315,160,143,143,143,143,143,143,1,0,0,3,30,1,28.000,1,1,3,3,142,1,0,0,63,0,0,143,1,0,2,0,1,1,1,1,1,1,0,0,0,27736,0,0,0,0,0,0,0,0,3
1.733750,173.09,25.259,15.140,262,337,72.000,71,71,18.000,39.000,55.000,182,197,315,160,143,143,143,143,143,143,1,0,0,3,30,1,28.000,1,1,3,3,142,1,0,0,63,0,0,143,1,0,2,0,1,1,1,1,1,1,0,0,0,27740,0,0,0,0,0,0,0,0,3
1.734000,173.20,25.301,15.190,262,337,72.000,71,71,18.000,39.000,55.000,182,197,315,160,143,143,143,143,143,143,1,0,0,3,30,1,28.000,1,1,3,3,142,1,0,0,63,0,0,143,1,0,2,0,1,1,1,1,1,1,0,0,0,27744,0,0,0,0,0,0,0,0,3
1.734250,173.30,25.343,15.190,262,337,72.000,71,71,18.000,39.000,55.000,182,197,315,160,143,143,143,143,143,143,1,0,0,3,30,1,28.000,1,1,3,3,142,1,0,0,63,0,0,143,1,0,2,0,1,1,1,1,1,1,0,0,0,27748,0,0,0,0,0,0,0,0,3
1.734500,173.41,25.385,15.250,263,337,72.000,71,71,18.000,39.000,55.000,183,197,315,160,143,143,143,143,143,143,1,0,0,3,30,1,28.000,1,1,3,3,142,1,0,0,63,0,0,143,1,0,2,0,1,1,1,1,1,1,0,0,0,27752,0,0,0,0,0,0,0,0,3
1.734750,173.52,25.427,15.250,263,337,72.000,71,71,18.000,39.000,55.000,183,197,315,160,143,143,143,143,143,143,1,0,0,3,30,1,28.000,1,1,3,3,142,1,0,0,63,0,0,143,1,0,2,0,1,1,1,1,1,1,0,0,0,27756,0,0,0,0,0,0,0,0,3
1.735000,173.63,25.469,15.300,263,337,72.000,71,71,18.000,39.000,55.000,184,197,315,160,143,143,143,143,143,143,1,0,0,3,30,1,28.000,1,1,3,3,142,1,0,0,63,0,0,143,1,0,2,0,1,1,1,1,1,1,0,0,0,27760,0,0,0,0,0,0,0,0,3
1.735250,173.74,25.511,15.300,264,337,72.000,71,71,18.000,39.000,55.000,184,197,315,160,143,143,143,143,143,143,1,0,0,3,30,1,28.000,1,1,3,3,142,1,0,0,63,0,0,143,1,0,2,0,1,1,1,1,1,1,0,0,0,27764,0,0,0,0,0,0,0,0,3
1.735500,173.84,25.553,15.360,264,337,72.000,71,71,18.000,39.000,55.000,184,197,315,160,143,143,143,143,143,143,1,0,0,3,30,1,28.000,1,1,3,3,142,1,0,0,63,0,0,143,1,0,2,0,1,1,1,1,1,1,0,0,0,27768,0,0,0,0,0,0,0,0,3
1.735750,173.95,25.596,15.360,264,337,72.000,71,71,18.000,39.000,55.000,184,197,315,160,143,143,143,143,143,143,1,0,0,3,30,1,28.000,1,1,3,3,142,1,0,0,63,0,0,143,1,0,2,0,1,1,1,1,1,1,0,0,0,27772,0,0,0,0,0,0,0,0,3
1.736000,174.06,25.638,15.360,265,337,72.000,71,71,18.000,39.000,55.000,184,197,315,160,143,143,143,143,143,143,1,0,0,3,30,1,28.000,1,1,3,3,142,1,0,0,63,0,0,143,1,0,2,0,1,1,1,1,1,1,0,0,0,27776,0,0,0,0,0,0,0,0,3
1.736250,174.17,25.680,15.410,265,337,72.000,71,71,18.000,39.000,55.000,185,197,315,160,143,143,143,143,143,143,1,0,0,3,30,1,28.000,1,1,3,3,142,1,0,0,63,0,0,143,1,0,2,0,1,1,1,1,1,1,0,0,0,27780,0,0,0,0,0,0,0,0,3
1.736500,174.28,25.723,15.410,265,336,72.000,71,71,18.000,39.000,55.000,185,196,314,160,143,143,143,143,143,143,1,0,0,3,30,1,28.000,1,1,3,3,142,1,0,0,63,0,0,143,1,0,2,0,1,1,1,1,1,1,0,0,0,27784,0,0,0,0,0,0,0,0,3
1.736750,174.38,25.765,15.460,265,336,72.000,71,71,18.000,39.000,55.000,185,196,314,160,143,143,143,143,143,143,1,0,0,3,30,1,28.000,1,1,3,3,142,1,0,0,63,0,0,143,1,0,2,0,1,1,1,1,1,1,0,0,0,27788,0,0,0,0,0,0,0,0,3
1.737000,174.49,25.807,15.460,266,336,72.000,71,71,18.000,39.000,55.000,185,196,314,160,143,143,143,143,143,143,1,0,0,3,30,1,28.000,1,1,3,3,142,1,0,0,63,0,0,143,1,0,2,0,1,1,1,1,1,1,0,0,0,27792,0,0,0,0,0,0,0,0,3
1.737250,174.60,25.850,15.520,266,336,72.000,71,71,18.000,39.000,55.000,186,196,314,160,143,143,143,143,143,143,1,0,0,3,30,1,28.000,1,1,3,3,142,1,0,0,63,0,0,143,1,0,2,0,1,1,1,1,1,1,0,0,0,27796,0,0,0,0,0,0,0,0,3
1.737500,174.71,25.892,15.520,266,336,72.000,71,71,18.000,39.000,55.000,186,196,314,160,143,143,143,143,143,143,1,0,0,3,30,1,28.000,1,1,3,3,142,1,0,0,63,0,0,143,1,0,2,0,1,1,1,1,1,1,0,0,0,27800,0,0,0,0,0,0,0,0,3
1.737750,174.82,25.935,15.570,267,336,72.000,71,71,18.000,39.000,55.000,187,196,314,160,143,143,143,143,143,143,1,0,0,3,30,1,28.000,1,1,3,3,142,1,0,0,63,0,0,143,1,0,2,0,1,1,1,1,1,1,0,0,0,27804,0,0,0,0,0,0,0,0,3
1.738000,174.92,25.977,15.570,267,336,72.000,71,71,18.000,39.000,55.000,187,196,314,160,143,143,143,143,143,143,1,0,0,3,30,1,28.000,1,1,3,3,142,1,0,0,63,0,0,143,1,0,2,0,1,1,1,1,1,1,0,0,0,27808,0,0,0,0,0,0,0,0,3
1.738250,175.03,26.020,15.630,267,336,72.000,71,71,18.000,39.000,55.000,187,196,314,160,143,143,143,143,143,143,1,0,0,3,30,1,28.000,1,1,3,3,142,1,0,0,63,0,0,143,1,0,2,0,1,1,1,1,1,1,0,0,0,27812,0,0,0,0,0,0,0,0,3
1.738500,175.14,26.062,15.630,268,336,72.000,71,71,18.000,39.000,55.000,187,196,314,160,143,143,143,143,143,143,1,0,0,3,30,1,28.000,1,1,3,3,142,1,0,0,63,0,0,143,1,0,2,0,1,1,1,1,1,1,0,0,0,27816,0,0,0,0,0,0,0,0,3
1.738750,175.25,26.105,15.680,268,336,72.000,71,71,18.000,39.000,55.000,188,196,314,160,143,143,143,143,143,143,1,0,0,3,30,1,28.000,1,1,3,3,142,1,0,0,63,0,0,143,1,0,2,0,1,1,1,1,1,1,0,0,0,27820,0,0,0,0,0,0,0,0,3
1.739000,175.36,26.148,15.680,268,336,72.000,71,71,18.000,39.000,55.000,188,196,314,160,143,143,143,143,143,143,1,0,0,3,30,1,28.000,1,1,3,3,142,1,0,0,63,0,0,143,1,0,2,0,1,1,1,1,1,1,0,0,0,27824,0,0,0,0,0,0,0,0,3
1.739250,175.46,26.190,15.740,269,336,72.000,71,71,18.000,39.000,55.000,189,196,314,160,143,143,143,143,143,143,1,0,0,3,30,1,28.000,1,1,3,3,142,1,0,0,63,0,0,143,1,0,2,0,1,1,1,1,1,1,0,0,0,27828,0,0,0,0,0,0,0,0,3
1.739500,175.57,26.233,15.740,269,336,72.000,71,71,18.000,39.000,55.000,189,196,314,160,143,143,143,143,143,143,1,0,0,3,30,1,28.000,1,1,3,3,142,1,0,0,63,0,0,143,1,0,2,0,1,1,1,1,1,1,0,0,0,27832,0,0,0,0,0,0,0,0,3
1.739750,175.68,26.276,15.740,269,336,72.000,71,71,18.000,39.000,55.000,189,196,314,160,143,143,143,143,143,143,1,0,0,3,30,1,28.000,1,1,3,3,142,1,0,0,63,0,0,143,1,0,2,0,1,1,1,1,1,1,0,0,0,27836,0,0,0,0,0,0,0,0,3
1.740000,175.79,26.319,15.790,270,336,72.000,71,71,18.000,39.000,55.000,189,196,314,160,143,143,143,143,143,143,1,0,0,3,30,1,28.000,1,1,3,3,142,1,0,0,63,0,0,143,1,0,2,0,1,1,1,1,1,1,0,0,0,27840,0,0,0,0,0,0,0,0,3
1.740250,175.90,26.361,15.790,270,335,72.000,71,71,18.000,39.000,55.000,189,195,313,160,142,142,142,142,142,142,1,0,0,3,30,1,28.000,1,1,3,3,142,1,0,0,63,0,0,143,1,0,2,0,1,1,1,1,1,1,0,0,0,27844,0,0,0,0,0,0,0,0,3
1.740500,176.00,26.404,15.850,270,335,72.000,71,71,18.000,39.000,55.000,190,195,313,160,142,142,142,142,142,142,1,0,0,3,30,1,28.000,1,1,3,3,142,1,0,0,63,0,0,143,1,0,2,0,1,1,1,1,1,1,0,0,0,27848,0,0,0,0,0,0,0,0,3
1.740750,176.11,26.447,15.850,271,335,72.000,71,71,18.000,39.000,55.000,190,195,313,160,142,142,142,142,142,142,1,0,0,3,30,1,28.000,1,1,3,3,142,1,0,0,63,0,0,143,1,0,2,0,1,1,1,1,1,1,0,0,0,27852,0,0,0,0,0,0,0,0,3
1.741000,176.22,26.490,15.900,271,335,72.000,71,71,18.000,39.000,55.000,191,195,313,160,142,142,142,142,142,142,1,0,0,3,30,1,28.000,1,1,3,3,142,1,0,0,63,0,0,143,1,0,2,0,1,1,1,1,1,1,0,0,0,27856,0,0,0,0,0,0,0,0,3
1.741250,176.33,26.533,15.900,271,335,72.000,71,71,18.000,39.000,55.000,191,195,313,160,142,142,142,142,142,142,1,0,0,3,30,1,28.000,1,1,1,1,143,1,0,0,64,0,0,144,1,0,2,0,1,1,1,1,1,1,0,0,0,27860,0,0,0,0,0,0,0,0,3
1.741500,176.44,26.576,15.950,272,335,72.000,71,71,18.000,39.000,55.000,191,195,313,160,142,142,142,142,142,142,1,0,0,3,30,1,28.000,1,1,1,1,143,1,0,0,64,0,0,144,1,0,2,0,1,1,1,1,1,1,0,0,0,27864,0,0,0,0,0,0,0,0,3
1.741750,176.54,26.619,15.950,272,335,72.000,71,71,18.000,39.000,55.000,191,195,313,160,142,142,142,142,142,142,1,0,0,3,30,1,28.000,1,1,1,1,143,1,0,0,64,0,0,144,1,0,2,0,1,1,1,1,1,1,0,0,0,27868,0,0,0,0,0,0,0,0,3
1.742000,176.65,26.662,16.010,272,335,72.000,71,71,18.000,39.000,55.000,192,195,313,160,142,142,142,142,142,142,1,0,0,3,30,1,28.000,1,1,1,1,143,1,0,0,64,0,0,144,1,0,2,0,1,1,1,1,1,1,0,0,0,27872,0,0,0,0,0,0,0,0,3
1.742250,176.76,26.705,16.010,273,335,72.000,71,71,18.000,39.000,55.000,192,195,313,160,142,142,142,142,142,142,1,0,0,3,30,1,28.000,1,1,1,1,143,1,0,0,64,0,0,144,1,0,2,0,1,1,1,1,1,1,0,0,0,27876,0,0,0,0,0,0,0,0,3
1.742500,176.87,26.748,16.060,273,335,72.000,71,71,18.000,39.000,55.000,193,195,313,160,142,142,142,142,142,142,1,0,0,3,30,1,28.000,1,1,1,1,143,1,0,0,64,0,0,144,1,0,2,0,1,1,1,1,1,1,0,0,0,27880,0,0,0,0,0,0,0,0,3
1.742750,176.98,26.791,16.060,273,335,72.000,71,71,18.000,39.000,55.000,193,195,313,160,142,142,142,142,142,142,1,0,0,3,30,1,28.000,1,1,1,1,143,1,0,0,64,0,0,144,1,0,2,0,1,1,1,1,1,1,0,0,0,27884,0,0,0,0,0,0,0,0,3
1.743000,177.08,26.834,16.120,274,335,72.000,71,71,18.000,39.000,55.000,193,195,313,160,142,142,142,142,142,142,1,0,0,3,30,1,28.000,1,1,1,1,143,1,0,0,64,0,0,144,1,0,2,0,1,1,1,1,1,1,0,0,0,27888,0,0,0,0,0,0,0,0,3
1.743250,177.19,26.877,16.120,274,335,72.000,71,71,18.000,39.000,55.000,193,195,313,160,142,142,142,142,142,142,1,0,0,3,30,1,28.000,1,1,1,1,143,1,0,0,64,0,0,144,1,0,2,0,1,1,1,1,1,1,0,0,0,27892,0,0,0,0,0,0,0,0,3
1.743500,177.30,26.920,16.170,274,335,72.000,71,71,18.000,39.000,55.000,194,195,313,160,142,142,142,142,142,142,1,0,0,3,30,1,28.000,1,1,1,1,143,1,0,0,64,0,0,144,1,0,2,0,1,1,1,1,1,1,0,0,0,27896,0,0,0,0,0,0,0,0,3
1.743750,177.41,26.963,16.170,275,335,72.000,71,71,18.000,39.000,55.000,194,195,313,160,142,142,142,142,142,142,1,0,0,3,30,1,28.000,1,1,1,1,143,1,0,0,64,0,0,144,1,0,2,0,1,1,1,1,1,1,0,0,0,27900,0,0,0,0,0,0,0,0,3
1.744000,177.52,27.006,16.230,275,335,72.000,71,71,18.000,39.000,55.000,195,195,313,160,142,142,142,142,142,142,1,0,0,3,30,1,28.000,1,1,1,1,143,1,0,0,64,0,0,144,1,0,2,0,1,1,1,1,1,1,0,0,0,27904,0,0,0,0,0,0,0,0,3
1.744250,177.62,27.049,16.230,275,334,72.000,71,71,18.000,39.000,55.000,195,195,312,160,142,142,142,142,142,142,1,0,0,3,30,1,28.000,1,1,1,1,143,1,0,0,64,0,0,144,1,0,2,0,1,1,1,1,1,1,0,0,0,27908,0,0,0,0,0,0,0,0,3
1.744500,177.73,27.092,16.230,276,334,72.000,71,71,18.000,39.000,55.000,195,195,312,160,142,142,142,142,142,142,1,0,0,3,30,1,28.000,1,1,1,1,143,1,0,0,64,0,0,144,1,0,2,0,1,1,1,1,1,1,0,0,0,27912,0,0,0,0,0,0,0,0,3
1.744750,177.84,27.135,16.280,276,334,72.000,71,71,18.000,39.000,55.000,195,195,312,160,142,142,142,142,142,142,1,0,0,3,30,1,28.000,1,1,1,1,143,1,0,0,64,0,0,144,1,0,2,0,1,1,1,1,1,1,0,0,0,27916,0,0,0,0,0,0,0,0,3
1.745000,177.95,27.178,16.280,276,334,72.000,71,71,18.000,39.000,55.000,195,195,312,160,142,142,142,142,142,142,1,0,0,3,30,1,28.000,1,1,1,1,143,1,0,0,64,0,0,144,1,0,2,0,1,1,1,1,1,1,0,0,0,27920,0,0,0,0,0,0,0,0,3
1.745250,178.06,27.222,16.330,277,334,72.000,71,71,18.000,39.000,55.000,196,195,312,160,142,142,142,142,142,142,1,0,0,3,30,1,28.000,1,1,1,1,143,1,0,0,64,0,0,144,1,0,2,0,1,1,1,1,1,1,0,0,0,27924,0,0,0,0,0,0,0,0,3
1.745500,178.16,27.265,16.330,277,334,72.000,71,71,18.000,39.000,55.000,196,195,312,160,142,142,142,142,142,142,1,0,0,3,30,1,28.000,1,1,1,1,143,1,0,0,64,0,0,144,1,0,2,0,1,1,1,1,1,1,0,0,0,27928,0,0,0,0,0,0,0,0,3
1.745750,178.27,27.308,16.390,278,334,72.000,71,71,18.000,39.000,55.000,197,195,312,160,142,142,142,142,142,142,1,0,0,3,30,1,28.000,1,1,1,1,143,1,0,0,64,0,0,144,1,0,2,0,1,1,1,1,1,1,0,0,0,27932,0,0,0,0,0,0,0,0,3
1.746000,178.38,27.351,16.390,278,334,72.000,71,71,18.000,39.000,55.000,197,195,312,160,142,142,142,142,142,142,1,0,0,3,30,1,28.000,1,1,1,1,143,1,0,0,64,0,0,144,1,0,2,0,1,1,1,1,1,1,0,0,0,27936,0,0,0,0,0,0,0,0,3
1.746250,178.49,27.394,16.440,278,334,72.000,71,71,18.000,39.000,55.000,197,195,312,160,142,142,142,142,142,142,1,0,0,3,30,1,28.000,1,1,1,1,143,1,0,0,64,0,0,144,1,0,2,0,1,1,1,1,1,1,0,0,0,27940,0,0,0,0,0,0,0,0,3
1.746500,178.60,27.438,16.440,279,334,72.000,71,71,18.000,39.000,55.000,197,195,312,160,142,142,142,142,142,142,1,0,0,3,30,1,28.000,1,1,1,1,143,1,0,0,64,0,0,144,1,0,2,0,1,1,1,1,1,1,0,0,0,27944,0,0,0,0,0,0,0,0,3
1.746750,178.70,27.481,16.500,279,334,72.000,71,71,18.000,39.000,55.000,198,195,312,160,142,142,142,142,142,142,1,0,0,3,30,1,28.000,1,1,1,1,143,1,0,0,64,0,0,144,1,0,2,0,1,1,1,1,1,1,0,0,0,27948,0,0,0,0,0,0,0,0,3
1.747000,178.81,27.524,16.500,279,334,72.000,71,71,18.000,39.000,55.000,198,195,312,160,142,142,142,142,142,142,1,0,0,3,30,1,28.000,1,1,1,1,143,1,0,0,64,0,0,144,1,0,2,0,1,1,1,1,1,1,0,0,0,27952,0,0,0,0,0,0,0,0,3
1.747250,178.92,27.567,16.550,280,334,72.000,71,71,18.000,39.000,55.000,199,195,312,160,142,142,142,142,142,142,1,0,0,3,30,1,28.000,1,1,1,1,143,1,0,0,64,0,0,144,1,0,2,0,1,1,1,1,1,1,0,0,0,27956,0,0,0,0,0,0,0,0,3
1.747500,179.03,27.611,16.550,280,334,72.000,71,71,18.000,39.000,55.000,199,195,312,160,142,142,142,142,142,142,1,0,0,3,30,1,28.000,1,1,1,1,143,1,0,0,64,0,0,144,1,0,2,0,1,1,1,1,1,1,0,0,0,27960,0,0,0,0,0,0,0,0,3
1.747750,179.14,27.654,16.610,280,334,72.000,71,71,18.000,39.000,55.000,199,195,312,160,142,142,142,142,142,142,1,0,0,3,30,1,28.000,1,1,1,1,143,1,0,0,64,0,0,144,1,0,2,0,1,1,1,1,1,1,0,0,0,27964,0,0,0,0,0,0,0,0,3
1.748000,179.24,27.697,16.610,281,334,72.000,71,71,18.000,39.000,55.000,199,195,312,160,142,142,142,142,142,142,1,0,0,3,30,1,28.000,1,1,1,1,143,1,0,0,64,0,0,144,1,0,2,0,1,1,1,1,1,1,0,0,0,27968,0,0,0,0,0,0,0,0,3
1.748250,179.35,27.740,16.660,281,334,72.000,71,71,18.000,39.000,55.000,200,195,312,160,142,142,142,142,142,142,1,0,0,3,30,1,28.000,1,1,1,1,143,1,0,0,64,0,0,144,1,0,2,0,1,1,1,1,1,1,0,0,0,27972,0,0,0,0,0,0,0,0,3
1.748500,179.46,27.784,16.660,281,334,72.000,71,71,18.000,39.000,55.000,200,195,312,160,142,142,142,142,142,142,1,0,0,3,30,1,28.000,1,1,1,1,143,1,0,0,64,0,0,144,1,0,2,0,1,1,1,1,1,1,0,0,0,27976,0,0,0,0,0,0,0,0,3
1.748750,179.57,27.827,16.720,282,334,72.000,71,71,18.000,39.000,55.000,201,195,312,160,142,142,142,142,142,142,1,0,0,3,30,1,28.000,1,1,1,1,143,1,0,0,64,0,0,144,1,0,2,0,1,1,1,1,1,1,0,0,0,27980,0,0,0,0,0,0,0,0,3
1.749000,179.68,27.870,16.720,282,333,72.000,71,71,18.000,39.000,55.000,201,194,311,160,141,141,141,141,141,141,1,0,0,3,30,1,28.000,1,1,1,1,143,1,0,0,64,0,0,144,1,0,2,0,1,1,1,1,1,1,0,0,0,27984,0,0,0,0,0,0,0,0,3
1.749250,179.78,27.913,16.720,283,333,72.000,71,71,18.000,39.000,55.000,201,194,311,160,141,141,141,141,141,141,1,0,0,3,30,1,28.000,1,1,1,1,143,1,0,0,64,0,0,144,1,0,2,0,1,1,1,1,1,1,0,0,0,27988,0,0,0,0,0,0,0,0,3
1.749500,179.89,27.957,16.770,283,333,72.000,71,71,18.000,39.000,55.000,201,194,311,160,141,141,141,141,141,141,1,0,0,3,30,1,28.000,1,1,1,1,143,1,0,0,64,0,0,144,1,0,2,0,1,1,1,1,1,1,0,0,0,27992,0,0,0,0,0,0,0,0,3
1.749750,180.00,28.000,16.820,283,333,72.000,71,71,18.000,39.000,55.000,202,194,311,160,141,141,141,141,141,141,1,0,0,3,30,1,28.000,1,1,1,1,143,1,0,0,64,0,0,144,1,0,2,0,1,1,1,1,1,1,0,0,0,27996,0,0,0,0,0,0,0,0,3
1.750000,180.11,28.043,16.820,284,333,72.000,71,71,18.000,39.000,55.000,202,194,311,160,141,141,141,141,141,141,1,0,0,3,30,1,28.000,1,1,0,0,144,1,0,0,65,0,0,145,1,0,2,0,1,1,1,1,1,1,0,0,0,28000,0,0,0,0,0,0,0,0,3
1.750250,180.22,28.087,16.820,284,333,72.000,71,71,18.000,39.000,55.000,202,194,311,160,141,141,141,141,141,141,1,0,0,3,30,1,28.000,1,1,0,0,144,1,0,0,65,0,0,145,1,0,2,0,1,1,1,1,1,1,0,0,0,28004,0,0,0,0,0,0,0,0,3
1.750500,180.32,28.130,16.880,284,333,72.000,71,71,18.000,39.000,55.000,203,194,311,160,141,141,141,141,141,141,1,0,0,3,30,1,28.000,1,1,0,0,144,1,0,0,65,0,0,145,1,0,2,0,1,1,1,1,1,1,0,0,0,28008,0,0,0,0,0,0,0,0,3
1.750750,180.43,28.173,16.880,285,333,72.000,71,71,18.000,39.000,55.000,203,194,311,160,141,141,141,141,141,141,1,0,0,3,30,1,28.000,1,1,0,0,144,1,0,0,65,0,0,145,1,0,2,0,1,1,1,1,1,1,0,0,0,28012,0,0,0,0,0,0,0,0,3
1.751000,180.54,28.216,16.930,285,333,72.000,71,71,18.000,39.000,55.000,203,194,311,160,141,141,141,141,141,141,1,0,0,3,30,1,28.000,1,1,0,0,144,1,0,0,65,0,0,145,1,0,2,0,1,1,1,1,1,1,0,0,0,28016,0,0,0,0,0,0,0,0,3
1.751250,180.65,28.260,16.930,286,333,72.000,71,71,18.000,39.000,55.000,203,194,311,160,141,141,141,141,141,141,1,0,0,3,30,1,28.000,1,1,0,0,144,1,0,0,65,0,0,145,1,0,2,0,1,1,1,1,1,1,0,0,0,28020,0,0,0,0,0,0,0,0,3
1.751500,180.76,28.303,16.990,286,333,72.000,71,71,18.000,39.000,55.000,204,194,311,160,141,141,141,141,141,141,1,0,0,3,30,1,28.000,1,1,0,0,144,1,0,0,65,0,0,145,1,0,2,0,1,1,1,1,1,1,0,0,0,28024,0,0,0,0,0,0,0,0,3
1.751750,180.86,28.346,16.990,286,333,72.000,71,71,18.000,39.000,55.000,204,194,311,160,141,141,141,141,141,141,1,0,0,3,30,1,28.000,1,1,0,0,144,1,0,0,65,0,0,145,1,0,2,0,1,1,1,1,1,1,0,0,0,28028,0,0,0,0,0,0,0,0,3
1.752000,180.97,28.389,17.040,287,333,72.000,71,71,18.000,39.000,55.000,204,194,311,160,141,141,141,141,141,141,1,0,0,3,30,1,28.000,1,1,0,0,144,1,0,0,65,0,0,145,1,0,2,0,1,1,1,1,1,1,0,0,0,28032,0,0,0,0,0,0,0,0,3
1.752250,181.08,28.433,17.040,287,333,72.000,71,71,18.000,39.000,55.000,204,194,311,160,141,141,141,141,141,141,1,0,0,3,30,1,28.000,1,1,0,0,144,1,0,0,65,0,0,145,1,0,2,0,1,1,1,1,1,1,0,0,0,28036,0,0,0,0,0,0,0,0,3
1.752500,181.19,28.476,17.100,287,333,72.000,71,71,18.000,39.000,55.000,205,194,311,160,141,141,141,141,141,141,1,0,0,3,30,1,28.000,1,1,0,0,144,1,0,0,65,0,0,145,1,0,2,0,1,1,1,1,1,1,0,0,0,28040,0,0,0,0,0,0,0,0,3
1.752750,181.30,28.519,17.100,288,333,72.000,71,71,18.000,39.000,55.000,205,194,311,160,141,141,141,141,141,141,1,0,0,3,30,1,28.000,1,1,0,0,144,1,0,0,65,0,0,145,1,0,2,0,1,1,1,1,1,1,0,0,0,28044,0,0,0,0,0,0,0,0,3
1.753000,181.40,28.562,17.150,288,333,72.000,71,71,18.000,39.000,55.000,206,194,311,160,141,141,141,141,141,141,1,0,0,3,30,1,28.000,1,1,0,0,144,1,0,0,65,0,0,145,1,0,2,0,1,1,1,1,1,1,0,0,0,28048,0,0,0,0,0,0,0,0,3
1.753250,181.51,28.606,17.150,289,333,72.000,71,71,18.000,39.000,55.000,206,194,311,160,141,141,141,141,141,141,1,0,0,3,30,1,28.000,1,1,0,0,144,1,0,0,65,0,0,145,1,0,2,0,1,1,1,1,1,1,0,0,0,28052,0,0,0,0,0,0,0,0,3
1.753500,181.62,28.649,17.210,289,333,72.000,71,71,18.000,39.000,55.000,206,194,311,160,141,141,141,141,141,141,1,0,0,3,30,1,28.000,1,1,0,0,144,1,0,0,65,0,0,145,1,0,2,0,1,1,1,1,1,1,0,0,0,28056,0,0,0,0,0,0,0,0,3
1.753750,181.73,28.692,17.210,289,333,72.000,71,71,18.000,39.000,55.000,206,194,311,160,141,141,141,141,141,141,1,0,0,3,30,1,28.000,1,1,0,0,144,1,0,0,65,0,0,145,1,0,2,0,1,1,1,1,1,1,0,0,0,28060,0,0,0,0,0,0,0,0,3
1.754000,181.84,28.735,17.260,290,333,72.000,71,71,18.000,39.000,55.000,207,194,311,160,141,141,141,141,141,141,1,0,0,3,30,1,28.000,1,1,0,0,144,1,0,0,65,0,0,145,1,0,2,0,1,1,1,1,1,1,0,0,0,28064,0,0,0,0,0,0,0,0,3
1.754250,181.94,28.778,17.260,290,333,72.000,71,71,18.000,39.000,55.000,207,194,311,160,141,141,141,141,141,141,1,0,0,3,30,1,28.000,1,1,0,0,144,1,0,0,65,0,0,145,1,0,2,0,1,1,1,1,1,1,0,0,0,28068,0,0,0,0,0,0,0,0,3
1.754500,182.05,28.822,17.310,290,333,72.000,71,71,18.000,39.000,55.000,208,194,311,160,141,141,141,141,141,141,1,0,0,3,30,1,28.000,1,1,0,0,144,1,0,0,65,0,0,145,1,0,2,0,1,1,1,1,1,1,0,0,0,28072,0,0,0,0,0,0,0,0,3
1.754750,182.16,28.865,17.310,291,332,72.000,71,71,18.000,39.000,55.000,208,193,310,160,141,141,141,141,141,141,1,0,0,3,30,1,28.000,1,1,0,0,144,1,0,0,65,0,0,145,1,0,2,0,1,1,1,1,1,1,0,0,0,28076,0,0,0,0,0,0,0,0,3
1.755000,182.27,28.908,17.310,291,332,72.000,71,71,18.000,39.000,55.000,208,193,310,160,141,141,141,141,141,141,1,0,0,3,30,1,28.000,1,1,0,0,144,1,0,0,65,0,0,145,1,0,2,0,1,1,1,1,1,1,0,0,0,28080,0,0,0,0,0,0,0,0,3
1.755250,182.38,28.951,17.370,292,332,72.000,71,71,18.000,39.000,55.000,208,193,310,160,141,141,141,141,141,141,1,0,0,3,30,1,28.000,1,1,0,0,144,1,0,0,65,0,0,145,1,0,2,0,1,1,1,1,1,1,0,0,0,28084,0,0,0,0,0,0,0,0,3
1.755500,182.48,28.994,17.370,292,332,72.000,71,71,18.000,39.000,55.000,208,193,310,160,141,141,141,141,141,141,1,0,0,3,30,1,28.000,1,1,0,0,144,1,0,0,65,0,0,145,1,0,2,0,1,1,1,1,1,1,0,0,0,28088,0,0,0,0,0,0,0,0,3
1.755750,182.59,29.037,17.420,292,332,72.000,71,71,18.000,39.000,55.000,209,193,310,160,141,141,141,141,141,141,1,0,0,3,30,1,28.000,1,1,0,0,144,1,0,0,65,0,0,145,1,0,2,0,1,1,1,1,1,1,0,0,0,28092,0,0,0,0,0,0,0,0,3
1.756000,182.70,29.080,17.420,293,332,72.000,71,71,18.000,39.000,55.000,209,193,310,160,141,141,141,141,141,141,1,0,0,3,30,1,28.000,1,1,0,0,144,1,0,0,65,0,0,145,1,0,2,0,1,1,1,1,1,1,0,0,0,28096,0,0,0,0,0,0,0,0,3
1.756250,182.81,29.123,17.480,293,332,72.000,71,71,18.000,39.000,55.000,210,193,310,160,141,141,141,141,141,141,1,0,0,3,30,1,28.000,1,1,0,0,144,1,0,0,65,0,0,145,1,0,2,0,1,1,1,1,1,1,0,0,0,28100,0,0,0,0,0,0,0,0,3
1.756500,182.92,29.166,17.480,293,332,72.000,71,71,18.000,39.000,55.000,210,193,310,160,141,141,141,141,141,141,1,0,0,3,30,1,28.000,1,1,0,0,144,1,0,0,65,0,0,145,1,0,2,0,1,1,1,1,1,1,0,0,0,28104,0,0,0,0,0,0,0,0,3
1.756750,183.02,29.209,17.530,294,332,72.000,71,71,18.000,39.000,55.000,210,193,310,160,141,141,141,141,141,141,1,0,0,3,30,1,28.000,1,1,0,0,144,1,0,0,65,0,0,145,1,0,2,0,1,1,1,1,1,1,0,0,0,28108,0,0,0,0,0,0,0,0,3
1.757000,183.13,29.252,17.530,294,332,72.000,71,71,18.000,39.000,55.000,210,193,310,160,141,141,141,141,141,141,1,0,0,3,30,1,28.000,1,1,0,0,144,1,0,0,65,0,0,145,1,0,2,0,1,1,1,1,1,1,0,0,0,28112,0,0,0,0,0,0,0,0,3
1.757250,183.24,29.295,17.590,295,332,72.000,71,71,18.000,39.000,55.000,211,193,310,160,141,141,141,141,141,141,1,0,0,3,30,1,28.000,1,1,0,0,144,1,0,0,65,0,0,145,1,0,2,0,1,1,1,1,1,1,0,0,0,28116,0,0,0,0,0,0,0,0,3
1.757500,183.35,29.338,17.590,295,332,72.000,71,71,18.000,39.000,55.000,211,193,310,160,141,141,141,141,141,141,1,0,0,3,30,1,28.000,1,1,0,0,144,1,0,0,65,0,0,145,1,0,2,0,1,1,1,1,1,1,0,0,0,28120,0,0,0,0,0,0,0,0,3
1.757750,183.46,29.381,17.640,295,332,72.000,71,71,18.000,39.000,55.000,212,193,310,160,141,141,141,141,141,141,1,0,0,3,30,1,28.000,1,1,0,0,144,1,0,0,65,0,0,145,1,0,2,0,1,1,1,1,1,1,0,0,0,28124,0,0,0,0,0,0,0,0,3
1.758000,183.56,29.424,17.640,296,332,72.000,71,71,18.000,39.000,55.000,212,193,310,160,141,141,141,141,141,141,1,0,0,3,30,1,28.000,1,1,0,0,144,1,0,0,65,0,0,145,1,0,2,0,1,1,1,1,1,1,0,0,0,28128,0,0,0,0,0,0,0,0,3
1.758250,183.67,29.467,17.690,296,332,72.000,71,71,18.000,39.000,55.000,212,193,310,160,141,141,141,141,141,141,1,0,0,3,30,1,28.000,1,1,0,0,144,1,0,0,65,0,0,145,1,0,2,0,1,1,1,1,1,1,0,0,0,28132,0,0,0,0,0,0,0,0,3
1.758500,183.78,29.510,17.690,297,332,72.000,71,71,18.000,39.000,55.000,212,193,310,160,141,141,141,141,141,141,1,0,0,3,30,1,28.000,1,1,2,2,145,1,0,0,66,0,0,146,1,0,2,0,1,1,1,1,1,1,0,0,0,28136,0,0,0,0,0,0,0,0,3
1.758750,183.89,29.553,17.750,297,332,72.000,71,71,18.000,39.000,55.000,213,193,310,160,141,141,141,141,141,141,1,0,0,3,30,1,28.000,1,1,2,2,145,1,0,0,66,0,0,146,1,0,2,0,1,1,1,1,1,1,0,0,0,28140,0,0,0,0,0,0,0,0,3
1.759000,184.00,29.596,17.750,297,332,72.000,71,71,18.000,39.000,55.000,213,193,310,160,141,141,141,141,141,141,1,0,0,3,30,1,28.000,1,1,2,2,145,1,0,0,66,0,0,146,1,0,2,0,1,1,1,1,1,1,0,0,0,28144,0,0,0,0,0,0,0,0,3
1.759250,184.10,29.639,17.800,298,332,72.000,71,71,18.000,39.000,55.000,214,193,310,160,141,141,141,141,141,141,1,0,0,3,30,1,28.000,1,1,2,2,145,1,0,0,66,0,0,146,1,0,2,0,1,1,1,1,1,1,0,0,0,28148,0,0,0,0,0,0,0,0,3
1.759500,184.21,29.681,17.800,298,332,72.000,71,71,18.000,39.000,55.000,214,193,310,160,141,141,141,141,141,141,1,0,0,3,30,1,28.000,1,1,2,2,145,1,0,0,66,0,0,146,1,0,2,0,1,1,1,1,1,1,0,0,0,28152,0,0,0,0,0,0,0,0,3
1.759750,184.32,29.724,17.800,299,332,72.000,71,71,18.000,39.000,55.000,214,193,310,160,141,141,141,141,141,141,1,0,0,3,30,1,28.000,1,1,2,2,145,1,0,0,66,0,0,146,1,0,2,0,1,1,1,1,1,1,0,0,0,28156,0,0,0,0,0,0,0,0,3
1.760000,184.43,29.767,17.860,299,332,72.000,71,71,18.000,39.000,55.000,214,193,310,160,141,141,141,141,141,141,1,0,0,3,30,1,28.000,1,1,2,2,145,1,0,0,66,0,0,146,1,0,2,0,1,1,1,1,1,1,0,0,0,28160,0,0,0,0,0,0,0,0,3
1.760250,184.54,29.810,17.860,299,332,72.000,71,71,18.000,39.000,55.000,214,193,310,160,141,141,141,141,141,141,1,0,0,3,30,1,28.000,1,1,2,2,145,1,0,0,66,0,0,146,1,0,2,0,1,1,1,1,1,1,0,0,0,28164,0,0,0,0,0,0,0,0,3
1.760500,184.64,29.852,17.910,300,332,72.000,71,71,18.000,39.000,55.000,215,193,310,160,141,141,141,141,141,141,1,0,0,3,30,1,28.000,1,1,2,2,145,1,0,0,66,0,0,146,1,0,2,0,1,1,1,1,1,1,0,0,0,28168,0,0,0,0,0,0,0,0,3
1.760750,184.75,29.895,17.910,300,332,72.000,71,71,18.000,39.000,55.000,215,193,310,160,141,141,141,141,141,141,1,0,0,3,30,1,28.000,1,1,2,2,145,1,0,0,66,0,0,146,1,0,2,0,1,1,1,1,1,1,0,0,0,28172,0,0,0,0,0,0,0,0,3
1.761000,184.86,29.938,17.970,301,332,72.000,71,71,18.000,39.000,55.000,216,193,310,160,141,141,141,141,141,141,1,0,0,3,30,1,28.000,1,1,2,2,145,1,0,0,66,0,0,146,1,0,2,0,1,1,1,1,1,1,0,0,0,28176,0,0,0,0,0,0,0,0,3
1.761250,184.97,29.980,17.970,301,332,72.000,71,71,18.000,39.000,55.000,216,193,310,160,141,141,141,141,141,141,1,0,0,3,30,1,28.000,1,1,2,2,145,1,0,0,66,0,0,146,1,0,2,0,1,1,1,1,1,1,0,0,0,28180,0,0,0,0,0,0,0,0,3
1.761500,185.08,30.023,18.020,301,332,72.000,71,71,18.000,39.000,55.000,216,193,310,160,141,141,141,141,141,141,1,0,0,3,30,1,28.000,1,1,2,2,145,1,0,0,66,0,0,146,1,0,2,0,1,1,1,1,1,1,0,0,0,28184,0,0,0,0,0,0,0,0,3
1.761750,185.18,30.065,18.020,302,332,72.000,71,71,18.000,39.000,55.000,216,193,310,160,141,141,141,141,141,141,1,0,0,3,30,1,28.000,1,1,2,2,145,1,0,0,66,0,0,146,1,0,2,0,1,1,1,1,1,1,0,0,0,28188,0,0,0,0,0,0,0,0,3
1.762000,185.29,30.108,18.080,302,332,72.000,71,71,18.000,39.000,55.000,217,193,310,160,141,141,141,141,141,141,1,0,0,3,30,1,28.000,1,1,2,2,145,1,0,0,66,0,0,146,1,0,2,0,1,1,1,1,1,1,0,0,0,28192,0,0,0,0,0,0,0,0,3
1.762250,185.40,30.150,18.080,303,331,72.000,71,71,18.000,39.000,55.000,217,193,309,160,140,140,140,140,140,140,1,0,0,3,30,1,28.000,1,1,2,2,145,1,0,0,66,0,0,146,1,0,2,0,1,1,1,1,1,1,0,0,0,28196,0,0,0,0,0,0,0,0,3
1.762500,185.51,30.193,18.130,303,331,72.000,71,71,18.000,39.000,55.000,218,193,309,160,140,140,140,140,140,140,1,0,0,3,30,1,28.000,1,1,2,2,145,1,0,0,66,0,0,146,1,0,2,0,1,1,1,1,1,1,0,0,0,28200,0,0,0,0,0,0,0,0,3
1.762750,185.62,30.235,18.130,303,331,72.000,71,71,18.000,39.000,55.000,218,193,309,160,140,140,140,140,140,140,1,0,0,3,30,1,28.000,1,1,2,2,145,1,0,0,66,0,0,146,1,0,2,0,1,1,1,1,1,1,0,0,0,28204,0,0,0,0,0,0,0,0,3
1.763000,185.72,30.277,18.180,304,331,72.000,71,71,18.000,39.000,55.000,218,193,309,160,140,140,140,140,140,140,1,0,0,3,30,1,28.000,1,1,2,2,145,1,0,0,66,0,0,146,1,0,2,0,1,1,1,1,1,1,0,0,0,28208,0,0,0,0,0,0,0,0,3
1.763250,185.83,30.320,18.180,304,331,72.000,71,71,18.000,39.000,55.000,218,193,309,160,140,140,140,140,140,140,1,0,0,3,30,1,28.000,1,1,2,2,145,1,0,0,66,0,0,146,1,0,2,0,1,1,1,1,1,1,0,0,0,28212,0,0,0,0,0,0,0,0,3
1.763500,185.94,30.362,18.180,305,331,72.000,71,71,18.000,39.000,55.000,218,193,309,160,140,140,140,140,140,140,1,0,0,3,30,1,28.000,1,1,2,2,145,1,0,0,66,0,0,146,1,0,2,0,1,1,1,1,1,1,0,0,0,28216,0,0,0,0,0,0,0,0,3
1.763750,186.05,30.404,18.240,305,331,72.000,71,71,18.000,39.000,55.000,219,193,309,160,140,140,140,140,140,140,1,0,0,3,30,1,28.000,1,1,2,2,145,1,0,0,66,0,0,146,1,0,2,0,1,1,1,1,1,1,0,0,0,28220,0,0,0,0,0,0,0,0,3
1.764000,186.16,30.447,18.240,305,331,72.000,71,71,18.000,39.000,55.000,219,193,309,160,140,140,140,140,140,140,1,0,0,3,30,1,28.000,1,1,2,2,145,1,0,0,66,0,0,146,1,0,2,0,1,1,1,1,1,1,0,0,0,28224,0,0,0,0,0,0,0,0,3
1.764250,186.26,30.489,18.290,306,331,72.000,71,71,18.000,39.000,55.000,219,193,309,160,140,140,140,140,140,140,1,0,0,3,30,1,28.000,1,1,2,2,145,1,0,0,66,0,0,146,1,0,2,0,1,1,1,1,1,1,0,0,0,28228,0,0,0,0,0,0,0,0,3
1.764500,186.37,30.531,18.290,306,331,72.000,71,71,18.000,39.000,55.000,219,193,309,160,140,140,140,140,140,140,1,0,0,3,30,1,28.000,1,1,2,2,145,1,0,0,66,0,0,146,1,0,2,0,1,1,1,1,1,1,0,0,0,28232,0,0,0,0,0,0,0,0,3
1.764750,186.48,30.573,18.350,307,331,72.000,71,71,18.000,39.000,55.000,220,193,309,160,140,140,140,140,140,140,1,0,0,3,30,1,28.000,1,1,2,2,145,1,0,0,66,0,0,146,1,0,2,0,1,1,1,1,1,1,0,0,0,28236,0,0,0,0,0,0,0,0,3
1.765000,186.59,30.615,18.350,307,331,72.000,71,71,18.000,39.000,55.000,220,193,309,160,140,140,140,140,140,140,1,0,0,3,30,1,28.000,1,1,2,2,145,1,0,0,66,0,0,146,1,0,2,0,1,1,1,1,1,1,0,0,0,28240,0,0,0,0,0,0,0,0,3
1.765250,186.70,30.657,18.400,307,331,72.000,71,71,18.000,39.000,55.000,221,193,309,160,140,140,140,140,140,140,1,0,0,3,30,1,28.000,1,1,2,2,145,1,0,0,66,0,0,146,1,0,2,0,1,1,1,1,1,1,0,0,0,28244,0,0,0,0,0,0,0,0,3
1.765500,186.80,30.699,18.400,308,331,72.000,71,71,18.000,39.000,55.000,221,193,309,160,140,140,140,140,140,140,1,0,0,3,30,1,28.000,1,1,2,2,145,1,0,0,66,0,0,146,1,0,2,0,1,1,1,1,1,1,0,0,0,28248,0,0,0,0,0,0,0,0,3
1.765750,186.91,30.741,18.460,308,331,72.000,71,71,18.000,39.000,55.000,222,193,309,160,140,140,140,140,140,140,1,0,0,3,30,1,28.000,1,1,2,2,145,1,0,0,66,0,0,146,1,0,2,0,1,1,1,1,1,1,0,0,0,28252,0,0,0,0,0,0,0,0,3
1.766000,187.02,30.783,18.460,309,331,72.000,71,71,18.000,39.000,55.000,222,193,309,160,140,140,140,140,140,140,1,0,0,3,30,1,28.000,1,1,2,2,145,1,0,0,66,0,0,146,1,0,2,0,1,1,1,1,1,1,0,0,0,28256,0,0,0,0,0,0,0,0,3
1.766250,187.13,30.825,18.510,309,331,72.000,71,71,18.000,39.000,55.000,222,193,309,160,140,140,140,140,140,140,1,0,0,3,30,1,28.000,1,1,2,2,145,1,0,0,66,0,0,146,1,0,2,0,1,1,1,1,1,1,0,0,0,28260,0,0,0,0,0,0,0,0,3
1.766500,187.24,30.867,18.510,309,331,72.000,71,71,18.000,39.000,55.000,222,193,309,160,140,140,140,140,140,140,1,0,0,3,30,1,28.000,1,1,2,2,145,1,0,0,66,0,0,146,1,0,2,0,1,1,1,1,1,1,0,0,0,28264,0,0,0,0,0,0,0,0,3
1.766750,187.34,30.908,18.560,310,331,72.000,71,71,18.000,39.000,55.000,223,193,309,160,140,140,140,140,140,140,1,0,0,3,30,1,28.000,1,1,2,2,145,1,0,0,66,0,0,146,1,0,2,0,1,1,1,1,1,1,0,0,0,28268,0,0,0,0,0,0,0,0,3
1.767000,187.45,30.950,18.560,310,331,72.000,71,71,18.000,39.000,55.000,223,193,309,160,140,140,140,140,140,140,1,0,0,3,30,1,28.000,1,1,2,2,145,1,0,0,66,0,0,146,1,0,2,0,1,1,1,1,1,1,0,0,0,28272,0,0,0,0,0,0,0,0,3
1.767250,187.56,30.992,18.560,311,331,72.000,71,71,18.000,39.000,55.000,223,193,309,160,140,140,140,140,140,140,1,0,0,3,30,1,28.000,1,1,3,3,146,1,0,0,67,0,0,147,1,0,2,0,1,1,1,1,1,1,0,0,0,28276,0,0,0,0,0,0,0,0,3
1.767500,187.67,31.034,18.620,311,331,72.000,71,71,18.000,39.000,55.000,223,193,309,160,140,140,140,140,140,140,1,0,0,3,30,1,28.000,1,1,3,3,146,1,0,0,67,0,0,147,1,0,2,0,1,1,1,1,1,1,0,0,0,28280,0,0,0,0,0,0,0,0,3
1.767750,187.78,31.075,18.620,311,331,72.000,71,71,18.000,39.000,55.000,223,193,309,160,140,140,140,140,140,140,1,0,0,3,30,1,28.000,1,1,3,3,146,1,0,0,67,0,0,147,1,0,2,0,1,1,1,1,1,1,0,0,0,28284,0,0,0,0,0,0,0,0,3
1.768000,187.88,31.117,18.670,312,331,72.000,71,71,18.000,39.000,55.000,224,193,309,160,140,140,140,140,140,140,1,0,0,3,30,1,28.000,1,1,3,3,146,1,0,0,67,0,0,147,1,0,2,0,1,1,1,1,1,1,0,0,0,28288,0,0,0,0,0,0,0,0,3
1.768250,187.99,31.158,18.670,312,331,72.000,71,71,18.000,39.000,55.000,224,193,309,160,140,140,140,140,140,140,1,0,0,3,30,1,28.000,1,1,3,3,146,1,0,0,67,0,0,147,1,0,2,0,1,1,1,1,1,1,0,0,0,28292,0,0,0,0,0,0,0,0,3
1.768500,188.10,31.200,18.730,313,331,72.000,71,71,18.000,39.000,55.000,225,193,309,160,140,140,140,140,140,140,1,0,0,3,30,1,28.000,1,1,3,3,146,1,0,0,67,0,0,147,1,0,2,0,1,1,1,1,1,1,0,0,0,28296,0,0,0,0,0,0,0,0,3
1.768750,188.21,31.241,18.730,313,331,72.000,71,71,18.000,39.000,55.000,225,193,309,160,140,140,140,140,140,140,1,0,0,3,30,1,28.000,1,1,3,3,146,1,0,0,67,0,0,147,1,0,2,0,1,1,1,1,1,1,0,0,0,28300,0,0,0,0,0,0,0,0,3
1.769000,188.32,31.282,18.780,313,331,72.000,71,71,18.000,39.000,55.000,225,193,309,160,140,140,140,140,140,140,1,0,0,3,30,1,28.000,1,1,3,3,146,1,0,0,67,0,0,147,1,0,2,0,1,1,1,1,1,1,0,0,0,28304,0,0,0,0,0,0,0,0,3
1.769250,188.42,31.324,18.780,314,331,72.000,71,71,18.000,39.000,55.000,225,193,309,160,140,140,140,140,140,140,1,0,0,3,30,1,28.000,1,1,3,3,146,1,0,0,67,0,0,147,1,0,2,0,1,1,1,1,1,1,0,0,0,28308,0,0,0,0,0,0,0,0,3
1.769500,188.53,31.365,18.840,314,331,72.000,71,71,18.000,39.000,55.000,226,193,309,160,140,140,140,140,140,140,1,0,0,3,30,1,28.000,1,1,3,3,146,1,0,0,67,0,0,147,1,0,2,0,1,1,1,1,1,1,0,0,0,28312,0,0,0,0,0,0,0,0,3
1.769750,188.64,31.406,18.840,315,331,72.000,71,71,18.000,39.000,55.000,226,193,309,160,140,140,140,140,140,140,1,0,0,3,30,1,28.000,1,1,3,3,146,1,0,0,67,0,0,147,1,0,2,0,1,1,1,1,1,1,0,0,0,28316,0,0,0,0,0,0,0,0,3
1.770000,188.75,31.447,18.840,315,331,72.000,71,71,18.000,39.000,55.000,226,193,309,160,140,140,140,140,140,140,1,0,0,3,30,1,28.000,1,1,3,3,146,1,0,0,67,0,0,147,1,0,2,0,1,1,1,1,1,1,0,0,0,28320,0,0,0,0,0,0,0,0,3
1.770250,188.86,31.488,18.890,315,331,72.000,71,71,18.000,39.000,55.000,227,193,309,160,140,140,140,140,140,140,1,0,0,3,30,1,28.000,1,1,3,3,146,1,0,0,67,0,0,147,1,0,2,0,1,1,1,1,1,1,0,0,0,28324,0,0,0,0,0,0,0,0,3
1.770500,188.96,31.530,18.890,316,331,72.000,71,71,18.000,39.000,55.000,227,193,309,160,140,140,140,140,140,140,1,0,0,3,30,1,28.000,1,1,3,3,146,1,0,0,67,0,0,147,1,0,2,0,1,1,1,1,1,1,0,0,0,28328,0,0,0,0,0,0,0,0,3
1.770750,189.07,31.571,18.950,316,331,72.000,71,71,18.000,39.000,55.000,227,193,309,160,140,140,140,140,140,140,1,0,0,3,30,1,28.000,1,1,3,3,146,1,0,0,67,0,0,147,1,0,2,0,1,1,1,1,1,1,0,0,0,28332,0,0,0,0,0,0,0,0,3
1.771000,189.18,31.611,18.950,317,331,72.000,71,71,18.000,39.000,55.000,227,193,309,160,140,140,140,140,140,140,1,0,0,3,30,1,28.000,1,1,3,3,146,1,0,0,67,0,0,147,1,0,2,0,1,1,1,1,1,1,0,0,0,28336,0,0,0,0,0,0,0,0,3
1.771250,189.29,31.652,19.000,317,331,72.000,71,71,18.000,39.000,55.000,228,193,309,160,140,140,140,140,140,140,1,0,0,3,30,1,28.000,1,1,3,3,146,1,0,0,67,0,0,147,1,0,2,0,1,1,1,1,1,1,0,0,0,28340,0,0,0,0,0,0,0,0,3
1.771500,189.40,31.693,19.000,318,331,72.000,71,71,18.000,39.000,55.000,228,193,309,160,140,140,140,140,140,140,1,0,0,3,30,1,28.000,1,1,3,3,146,1,0,0,67,0,0,147,1,0,2,0,1,1,1,1,1,1,0,0,0,28344,0,0,0,0,0,0,0,0,3
1.771750,189.50,31.734,19.050,318,331,72.000,71,71,18.000,39.000,55.000,229,193,309,160,140,140,140,140,140,140,1,0,0,3,30,1,28.000,1,1,3,3,146,1,0,0,67,0,0,147,1,0,2,0,1,1,1,1,1,1,0,0,0,28348,0,0,0,0,0,0,0,0,3
1.772000,189.61,31.775,19.050,318,331,72.000,71,71,18.000,39.000,55.000,229,193,309,160,140,140,140,140,140,140,1,0,0,3,30,1,28.000,1,1,3,3,146,1,0,0,67,0,0,147,1,0,2,0,1,1,1,1,1,1,0,0,0,28352,0,0,0,0,0,0,0,0,3
1.772250,189.72,31.815,19.050,319,331,72.000,71,71,18.000,39.000,55.000,229,193,309,160,140,140,140,140,140,140,1,0,0,3,30,1,28.000,1,1,3,3,146,1,0,0,67,0,0,147,1,0,2,0,1,1,1,1,1,1,0,0,0,28356,0,0,0,0,0,0,0,0,3
1.772500,189.83,31.856,19.110,319,331,72.000,71,71,18.000,39.000,55.000,229,193,309,160,140,140,140,140,140,140,1,0,0,3,30,1,28.000,1,1,3,3,146,1,0,0,67,0,0,147,1,0,2,0,1,1,1,1,1,1,0,0,0,28360,0,0,0,0,0,0,0,0,3
1.772750,189.94,31.896,19.110,320,331,72.000,71,71,18.000,39.000,55.000,229,193,309,160,140,140,140,140,140,140,1,0,0,3,30,1,28.000,1,1,3,3,146,1,0,0,67,0,0,147,1,0,2,0,1,1,1,1,1,1,0,0,0,28364,0,0,0,0,0,0,0,0,3
1.773000,190.04,31.937,19.160,320,331,72.000,71,71,18.000,39.000,55.000,230,193,309,160,140,140,140,140,140,140,1,0,0,3,30,1,28.000,1,1,3,3,146,1,0,0,67,0,0,147,1,0,2,0,1,1,1,1,1,1,0,0,0,28368,0,0,0,0,0,0,0,0,3
1.773250,190.15,31.977,19.160,320,331,72.000,71,71,18.000,39.000,55.000,230,193,309,160,140,140,140,140,140,140,1,0,0,3,30,1,28.000,1,1,3,3,146,1,0,0,67,0,0,147,1,0,2,0,1,1,1,1,1,1,0,0,0,28372,0,0,0,0,0,0,0,0,3
1.773500,190.26,32.018,19.220,321,331,72.000,71,71,18.000,39.000,55.000,231,193,309,160,140,140,140,140,140,140,1,0,0,3,30,1,28.000,1,1,3,3,146,1,0,0,67,0,0,147,1,0,2,0,1,1,1,1,1,1,0,0,0,28376,0,0,0,0,0,0,0,0,3
1.773750,190.37,32.058,19.220,321,331,72.000,71,71,18.000,39.000,55.000,231,193,309,160,140,140,140,140,140,140,1,0,0,3,30,1,28.000,1,1,3,3,146,1,0,0,67,0,0,147,1,0,2,0,1,1,1,1,1,1,0,0,0,28380,0,0,0,0,0,0,0,0,3
1.774000,190.48,32.098,19.270,322,331,72.000,71,71,18.000,39.000,55.000,231,193,309,160,140,140,140,140,140,140,1,0,0,3,30,1,28.000,1,1,3,3,146,1,0,0,67,0,0,147,1,0,2,0,1,1,1,1,1,1,0,0,0,28384,0,0,0,0,0,0,0,0,3
1.774250,190.58,32.138,19.270,322,331,72.000,71,71,18.000,39.000,55.000,231,193,309,160,140,140,140,140,140,140,1,0,0,3,30,1,28.000,1,1,3,3,146,1,0,0,67,0,0,147,1,0,2,0,1,1,1,1,1,1,0,0,0,28388,0,0,0,0,0,0,0,0,3
1.774500,190.69,32.179,19.330,323,331,72.000,71,71,18.000,39.000,55.000,232,193,309,160,140,140,140,140,140,140,1,0,0,3,30,1,28.000,1,1,3,3,146,1,0,0,67,0,0,147,1,0,2,0,1,1,1,1,1,1,0,0,0,28392,0,0,0,0,0,0,0,0,3
1.774750,190.80,32.219,19.330,323,331,72.000,71,71,18.000,39.000,55.000,232,193,309,160,140,140,140,140,140,140,1,0,0,3,30,1,28.000,1,1,3,3,146,1,0,0,67,0,0,147,1,0,2,0,1,1,1,1,1,1,0,0,0,28396,0,0,0,0,0,0,0,0,3
1.775000,190.91,32.259,19.330,323,331,72.000,71,71,18.000,39.000,55.000,232,193,309,160,140,140,140,140,140,140,1,0,0,3,30,1,28.000,1,1,3,3,146,1,0,0,67,0,0,147,1,0,2,0,1,1,1,1,1,1,0,0,0,28400,0,0,0,0,0,0,0,0,3
1.775250,191.02,32.299,19.380,324,331,72.000,71,71,18.000,39.000,55.000,233,193,309,160,140,140,140,140,140,140,1,0,0,3,30,1,28.000,1,1,3,3,146,1,0,0,67,0,0,147,1,0,2,0,1,1,1,1,1,1,0,0,0,28404,0,0,0,0,0,0,0,0,3
1.775500,191.12,32.338,19.380,324,331,72.000,71,71,18.000,39.000,55.000,233,193,309,160,140,140,140,140,140,140,1,0,0,3,30,1,28.000,1,1,3,3,146,1,0,0,67,0,0,147,1,0,2,0,1,1,1,1,1,1,0,0,0,28408,0,0,0,0,0,0,0,0,3
1.775750,191.23,32.378,19.440,325,331,72.000,71,71,18.000,39.000,55.000,233,193,309,160,140,140,140,140,140,140,1,0,0,3,30,1,28.000,1,1,3,3,146,1,0,0,67,0,0,147,1,0,2,0,1,1,1,1,1,1,0,0,0,28412,0,0,0,0,0,0,0,0,3
1.776000,191.34,32.418,19.440,325,331,72.000,71,71,18.000,39.000,55.000,233,193,309,160,140,140,140,140,140,140,1,0,0,3,30,1,28.000,1,1,1,1,147,1,0,0,68,0,0,148,1,0,2,0,1,1,1,1,1,1,0,0,0,28416,0,0,0,0,0,0,0,0,3
1.776250,191.45,32.458,19.490,325,331,72.000,71,71,18.000,39.000,55.000,234,193,309,160,140,140,140,140,140,140,1,0,0,3,30,1,28.000,1,1,1,1,147,1,0,0,68,0,0,148,1,0,2,0,1,1,1,1,1,1,0,0,0,28420,0,0,0,0,0,0,0,0,3
1.776500,191.56,32.497,19.490,326,331,72.000,71,71,18.000,39.000,55.000,234,193,309,160,140,140,140,140,140,140,1,0,0,3,30,1,28.000,1,1,1,1,147,1,0,0,68,0,0,148,1,0,2,0,1,1,1,1,1,1,0,0,0,28424,0,0,0,0,0,0,0,0,3
1.776750,191.66,32.537,19.540,326,331,72.000,71,71,18.000,39.000,55.000,235,193,309,160,140,140,140,140,140,140,1,0,0,3,30,1,28.000,1,1,1,1,147,1,0,0,68,0,0,148,1,0,2,0,1,1,1,1,1,1,0,0,0,28428,0,0,0,0,0,0,0,0,3
1.777000,191.77,32.576,19.540,327,331,72.000,71,71,18.000,39.000,55.000,235,193,309,160,140,140,140,140,140,140,1,0,0,3,30,1,28.000,1,1,1,1,147,1,0,0,68,0,0,148,1,0,2,0,1,1,1,1,1,1,0,0,0,28432,0,0,0,0,0,0,0,0,3
1.777250,191.88,32.615,19.540,327,331,72.000,71,71,18.000,39.000,55.000,235,193,309,160,140,140,140,140,140,140,1,0,0,3,30,1,28.000,1,1,1,1,147,1,0,0,68,0,0,148,1,0,2,0,1,1,1,1,1,1,0,0,0,28436,0,0,0,0,0,0,0,0,3
1.777500,191.99,32.655,19.600,328,331,72.000,71,71,18.000,39.000,55.000,235,193,309,160,140,140,140,140,140,140,1,0,0,3,30,1,28.000,1,1,1,1,147,1,0,0,68,0,0,148,1,0,2,0,1,1,1,1,1,1,0,0,0,28440,0,0,0,0,0,0,0,0,3
1.777750,192.10,32.694,19.600,328,331,72.000,71,71,18.000,39.000,55.000,235,193,309,160,140,140,140,140,140,140,1,0,0,3,30,1,28.000,1,1,1,1,147,1,0,0,68,0,0,148,1,0,2,0,1,1,1,1,1,1,0,0,0,28444,0,0,0,0,0,0,0,0,3
1.778000,192.20,32.733,19.650,328,331,72.000,71,71,18.000,39.000,55.000,236,193,309,160,140,140,140,140,140,140,1,0,0,3,30,1,28.000,1,1,1,1,147,1,0,0,68,0,0,148,1,0,2,0,1,1,1,1,1,1,0,0,0,28448,0,0,0,0,0,0,0,0,3
1.778250,192.31,32.772,19.650,329,331,72.000,71,71,18.000,39.000,55.000,236,193,309,160,140,140,140,140,140,140,1,0,0,3,30,1,28.000,1,1,1,1,147,1,0,0,68,0,0,148,1,0,2,0,1,1,1,1,1,1,0,0,0,28452,0,0,0,0,0,0,0,0,3
1.778500,192.42,32.811,19.710,329,331,72.000,71,71,18.000,39.000,55.000,237,193,309,160,140,140,140,140,140,140,1,0,0,3,30,1,28.000,1,1,1,1,147,1,0,0,68,0,0,148,1,0,2,0,1,1,1,1,1,1,0,0,0,28456,0,0,0,0,0,0,0,0,3
1.778750,192.53,32.850,19.710,330,331,72.000,71,71,18.000,39.000,55.000,237,193,309,160,140,140,140,140,140,140,1,0,0,3,30,1,28.000,1,1,1,1,147,1,0,0,68,0,0,148,1,0,2,0,1,1,1,1,1,1,0,0,0,28460,0,0,0,0,0,0,0,0,3
1.779000,192.64,32.889,19.710,330,331,72.000,71,71,18.000,39.000,55.000,237,193,309,160,140,140,140,140,140,140,1,0,0,3,30,1,28.000,1,1,1,1,147,1,0,0,68,0,0,148,1,0,2,0,1,1,1,1,1,1,0,0,0,28464,0,0,0,0,0,0,0,0,3
1.779250,192.74,32.928,19.760,330,331,72.000,71,71,18.000,39.000,55.000,237,193,309,160,140,140,140,140,140,140,1,0,0,3,30,1,28.000,1,1,1,1,147,1,0,0,68,0,0,148,1,0,2,0,1,1,1,1,1,1,0,0,0,28468,0,0,0,0,0,0,0,0,3
1.779500,192.85,32.967,19.760,331,331,72.000,71,71,18.000,39.000,55.000,237,193,309,160,140,140,140,140,140,140,1,0,0,3,30,1,28.000,1,1,1,1,147,1,0,0,68,0,0,148,1,0,2,0,1,1,1,1,1,1,0,0,0,28472,0,0,0,0,0,0,0,0,3
1.779750,192.96,33.005,19.820,331,331,72.000,71,71,18.000,39.000,55.000,238,193,309,160,140,140,140,140,140,140,1,0,0,3,30,1,28.000,1,1,1,1,147,1,0,0,68,0,0,148,1,0,2,0,1,1,1,1,1,1,0,0,0,28476,0,0,0,0,0,0,0,0,3
1.780000,193.07,33.044,19.820,332,331,72.000,71,71,18.000,39.000,55.000,238,193,309,160,140,140,140,140,140,140,1,0,0,3,30,1,28.000,1,1,1,1,147,1,0,0,68,0,0,148,1,0,2,0,1,1,1,1,1,1,0,0,0,28480,0,0,0,0,0,0,0,0,3
1.780250,193.18,33.082,19.820,332,331,72.000,71,71,18.000,39.000,55.000,238,193,309,160,140,140,140,140,140,140,1,0,0,3,30,1,28.000,1,1,1,1,147,1,0,0,68,0,0,148,1,0,2,0,1,1,1,1,1,1,0,0,0,28484,0,0,0,0,0,0,0,0,3
1.780500,193.28,33.121,19.870,333,331,72.000,71,71,18.000,39.000,55.000,238,193,309,160,140,140,140,140,140,140,1,0,0,3,30,1,28.000,1,1,1,1,147,1,0,0,68,0,0,148,1,0,2,0,1,1,1,1,1,1,0,0,0,28488,0,0,0,0,0,0,0,0,3
1.780750,193.39,33.159,19.870,333,331,72.000,71,71,18.000,39.000,55.000,238,193,309,160,140,140,140,140,140,140,1,0,0,3,30,1,28.000,1,1,1,1,147,1,0,0,68,0,0,148,1,0,2,0,1,1,1,1,1,1,0,0,0,28492,0,0,0,0,0,0,0,0,3
1.781000,193.50,33.197,19.920,333,331,72.000,71,71,18.000,39.000,55.000,239,193,309,160,140,140,140,140,140,140,1,0,0,3,30,1,28.000,1,1,1,1,147,1,0,0,68,0,0,148,1,0,2,0,1,1,1,1,1,1,0,0,0,28496,0,0,0,0,0,0,0,0,3
1.781250,193.61,33.236,19.920,334,331,72.000,71,71,18.000,39.000,55.000,239,193,309,160,140,140,140,140,140,140,1,0,0,3,30,1,28.000,1,1,1,1,147,1,0,0,68,0,0,148,1,0,2,0,1,1,1,1,1,1,0,0,0,28500,0,0,0,0,0,0,0,0,3
1.781500,193.72,33.274,19.980,334,331,72.000,71,71,18.000,39.000,55.000,240,193,309,160,140,140,140,140,140,140,1,0,0,3,30,1,28.000,1,1,1,1,147,1,0,0,68,0,0,148,1,0,2,0,1,1,1,1,1,1,0,0,0,28504,0,0,0,0,0,0,0,0,3
1.781750,193.82,33.312,19.980,335,331,72.000,71,71,18.000,39.000,55.000,240,193,309,160,140,140,140,140,140,140,1,0,0,3,30,1,28.000,1,1,1,1,147,1,0,0,68,0,0,148,1,0,2,0,1,1,1,1,1,1,0,0,0,28508,0,0,0,0,0,0,0,0,3
1.782000,193.93,33.350,19.980,335,331,72.000,71,71,18.000,39.000,55.000,240,193,309,160,140,140,140,140,140,140,1,0,0,3,30,1,28.000,1,1,1,1,147,1,0,0,68,0,0,148,1,0,2,0,1,1,1,1,1,1,0,0,0,28512,0,0,0,0,0,0,0,0,3
1.782250,194.04,33.387,20.030,335,331,72.000,71,71,18.000,39.000,55.000,240,193,309,160,140,140,140,140,140,140,1,0,0,3,30,1,28.000,1,1,1,1,147,1,0,0,68,0,0,148,1,0,2,0,1,1,1,1,1,1,0,0,0,28516,0,0,0,0,0,0,0,0,3
1.782500,194.15,33.425,20.030,336,331,72.000,71,71,18.000,39.000,55.000,240,193,309,160,140,140,140,140,140,140,1,0,0,3,30,1,28.000,1,1,1,1,147,1,0,0,68,0,0,148,1,0,2,0,1,1,1,1,1,1,0,0,0,28520,0,0,0,0,0,0,0,0,3
1.782750,194.26,33.463,20.090,336,331,72.000,71,71,18.000,39.000,55.000,241,193,309,160,140,140,140,140,140,140,1,0,0,3,30,1,28.000,1,1,1,1,147,1,0,0,68,0,0,148,1,0,2,0,1,1,1,1,1,1,0,0,0,28524,0,0,0,0,0,0,0,0,3
1.783000,194.36,33.501,20.090,337,331,72.000,71,71,18.000,39.000,55.000,241,193,309,160,140,140,140,140,140,140,1,0,0,3,30,1,28.000,1,1,1,1,147,1,0,0,68,0,0,148,1,0,2,0,1,1,1,1,1,1,0,0,0,28528,0,0,0,0,0,0,0,0,3
1.783250,194.47,33.538,20.140,337,331,72.000,71,71,18.000,39.000,55.000,242,193,309,160,140,140,140,140,140,140,1,0,0,3,30,1,28.000,1,1,1,1,147,1,0,0,68,0,0,148,1,0,2,0,1,1,1,1,1,1,0,0,0,28532,0,0,0,0,0,0,0,0,3
1.783500,194.58,33.575,20.140,338,331,72.000,71,71,18.000,39.000,55.000,242,193,309,160,140,140,140,140,140,140,1,0,0,3,30,1,28.000,1,1,1,1,147,1,0,0,68,0,0,148,1,0,2,0,1,1,1,1,1,1,0,0,0,28536,0,0,0,0,0,0,0,0,3
1.783750,194.69,33.613,20.140,338,331,72.000,71,71,18.000,39.000,55.000,242,193,309,160,140,140,140,140,140,140,1,0,0,3,30,1,28.000,1,1,1,1,147,1,0,0,68,0,0,148,1,0,2,0,1,1,1,1,1,1,0,0,0,28540,0,0,0,0,0,0,0,0,3
1.784000,194.80,33.650,20.200,338,331,72.000,71,71,18.000,39.000,55.000,242,193,309,160,140,140,140,140,140,140,1,0,0,3,30,1,28.000,1,1,1,1,147,1,0,0,68,0,0,148,1,0,2,0,1,1,1,1,1,1,0,0,0,28544,0,0,0,0,0,0,0,0,3
1.784250,194.90,33.687,20.200,339,331,72.000,71,71,18.000,39.000,55.000,242,193,309,160,140,140,140,140,140,140,1,0,0,3,30,1,28.000,1,1,1,1,147,1,0,0,68,0,0,148,1,0,2,0,1,1,1,1,1,1,0,0,0,28548,0,0,0,0,0,0,0,0,3
1.784500,195.01,33.724,20.250,339,331,72.000,72,72,18.000,39.000,55.000,246,195,313,160,140,140,140,140,140,140,1,0,0,3,30,1,28.000,1,1,0,0,148,1,0,0,69,0,0,149,1,0,2,0,1,1,1,1,1,1,0,0,0,28552,0,0,0,0,0,0,0,0,3
1.784750,195.12,33.761,20.250,340,331,72.000,72,72,18.000,39.000,55.000,246,195,313,160,140,140,140,140,140,140,1,0,0,3,30,1,28.000,1,1,0,0,148,1,0,0,69,0,0,149,1,0,2,0,1,1,1,1,1,1,0,0,0,28556,0,0,0,0,0,0,0,0,3
1.785000,195.23,33.798,20.250,340,331,72.000,72,72,18.000,39.000,55.000,246,195,313,160,140,140,140,140,140,140,1,0,0,3,30,1,28.000,1,1,0,0,148,1,0,0,69,0,0,149,1,0,2,0,1,1,1,1,1,1,0,0,0,28560,0,0,0,0,0,0,0,0,3
1.785250,195.34,33.835,20.310,340,331,72.000,72,72,18.000,39.000,55.000,247,195,313,160,140,140,140,140,140,140,1,0,0,3,30,1,28.000,1,1,0,0,148,1,0,0,69,0,0,149,1,0,2,0,1,1,1,1,1,1,0,0,0,28564,0,0,0,0,0,0,0,0,3
1.785500,195.44,33.872,20.310,341,331,72.000,72,72,18.000,39.000,55.000,247,195,313,160,140,140,140,140,140,140,1,0,0,3,30,1,28.000,1,1,0,0,148,1,0,0,69,0,0,149,1,0,2,0,1,1,1,1,1,1,0,0,0,28568,0,0,0,0,0,0,0,0,3
1.785750,195.55,33.909,20.360,341,331,72.000,72,72,18.000,39.000,55.000,248,195,313,160,140,140,140,140,140,140,1,0,0,3,30,1,28.000,1,1,0,0,148,1,0,0,69,0,0,149,1,0,2,0,1,1,1,1,1,1,0,0,0,28572,0,0,0,0,0,0,0,0,3
1.786000,195.66,33.945,20.360,342,331,72.000,72,72,18.000,39.000,55.000,248,195,313,160,140,140,140,140,140,140,1,0,0,3,30,1,28.000,1,1,0,0,148,1,0,0,69,0,0,149,1,0,2,0,1,1,1,1,1,1,0,0,0,28576,0,0,0,0,0,0,0,0,3
1.786250,195.77,33.982,20.360,342,331,72.000,72,72,18.000,39.000,55.000,248,195,313,160,140,140,140,140,140,140,1,0,0,3,30,1,28.000,1,1,0,0,148,1,0,0,69,0,0,149,1,0,2,0,1,1,1,1,1,1,0,0,0,28580,0,0,0,0,0,0,0,0,3
1.786500,195.88,34.018,20.410,343,331,72.000,72,72,18.000,39.000,55.000,248,195,313,160,140,140,140,140,140,140,1,0,0,3,30,1,28.000,1,1,0,0,148,1,0,0,69,0,0,149,1,0,2,0,1,1,1,1,1,1,0,0,0,28584,0,0,0,0,0,0,0,0,3
1.786750,195.98,34.054,20.410,343,331,72.000,72,72,18.000,39.000,55.000,248,195,313,160,140,140,140,140,140,140,1,0,0,3,30,1,28.000,1,1,0,0,148,1,0,0,69,0,0,149,1,0,2,0,1,1,1,1,1,1,0,0,0,28588,0,0,0,0,0,0,0,0,3
1.787000,196.09,34.090,20.470,343,331,72.000,72,72,18.000,39.000,55.000,249,195,313,160,140,140,140,140,140,140,1,0,0,3,30,1,28.000,1,1,0,0,148,1,0,0,69,0,0,149,1,0,2,0,1,1,1,1,1,1,0,0,0,28592,0,0,0,0,0,0,0,0,3
1.787250,196.20,34.126,20.470,344,331,72.000,72,72,18.000,39.000,55.000,249,195,313,160,140,140,140,140,140,140,1,0,0,3,30,1,28.000,1,1,0,0,148,1,0,0,69,0,0,149,1,0,2,0,1,1,1,1,1,1,0,0,0,28596,0,0,0,0,0,0,0,0,3
1.787500,196.31,34.162,20.470,344,331,72.000,72,72,18.000,39.000,55.000,249,195,313,160,140,140,140,140,140,140,1,0,0,3,30,1,28.000,1,1,0,0,148,1,0,0,69,0,0,149,1,0,2,0,1,1,1,1,1,1,0,0,0,28600,0,0,0,0,0,0,0,0,3
1.787750,196.42,34.198,20.520,345,331,72.000,72,72,18.000,39.000,55.000,250,195,313,160,140,140,140,140,140,140,1,0,0,3,30,1,28.000,1,1,0,0,148,1,0,0,69,0,0,149,1,0,2,0,1,1,1,1,1,1,0,0,0,28604,0,0,0,0,0,0,0,0,3
1.788000,196.52,34.234,20.520,345,331,72.000,72,72,18.000,39.000,55.000,250,195,313,160,140,140,140,140,140,140,1,0,0,3,30,1,28.000,1,1,0,0,148,1,0,0,69,0,0,149,1,0,2,0,1,1,1,1,1,1,0,0,0,28608,0,0,0,0,0,0,0,0,3
1.788250,196.63,34.270,20.580,345,331,72.000,72,72,18.000,39.000,55.000,251,195,313,160,140,140,140,140,140,140,1,0,0,3,30,1,28.000,1,1,0,0,148,1,0,0,69,0,0,149,1,0,2,0,1,1,1,1,1,1,0,0,0,28612,0,0,0,0,0,0,0,0,3
1.788500,196.74,34.306,20.580,346,331,72.000,72,72,18.000,39.000,55.000,251,195,313,160,140,140,140,140,140,140,1,0,0,3,30,1,28.000,1,1,0,0,148,1,0,0,69,0,0,149,1,0,2,0,1,1,1,1,1,1,0,0,0,28616,0,0,0,0,0,0,0,0,3
1.788750,196.85,34.341,20.580,346,331,72.000,72,72,18.000,39.000,55.000,251,195,313,160,140,140,140,140,140,140,1,0,0,3,30,1,28.000,1,1,0,0,148,1,0,0,69,0,0,149,1,0,2,0,1,1,1,1,1,1,0,0,0,28620,0,0,0,0,0,0,0,0,3
1.789000,196.96,34.377,20.630,347,331,72.000,72,72,18.000,39.000,55.000,251,195,313,160,140,140,140,140,140,140,1,0,0,3,30,1,28.000,1,1,0,0,148,1,0,0,69,0,0,149,1,0,2,0,1,1,1,1,1,1,0,0,0,28624,0,0,0,0,0,0,0,0,3
1.789250,197.06,34.412,20.630,347,331,72.000,72,72,18.000,39.000,55.000,251,195,313,160,140,140,140,140,140,140,1,0,0,3,30,1,28.000,1,1,0,0,148,1,0,0,69,0,0,149,1,0,2,0,1,1,1,1,1,1,0,0,0,28628,0,0,0,0,0,0,0,0,3
1.789500,197.17,34.447,20.690,348,331,72.000,72,72,18.000,39.000,55.000,252,195,313,160,140,140,140,140,140,140,1,0,0,3,30,1,28.000,1,1,0,0,148,1,0,0,69,0,0,149,1,0,2,0,1,1,1,1,1,1,0,0,0,28632,0,0,0,0,0,0,0,0,3
1.789750,197.28,34.482,20.690,348,331,72.000,72,72,18.000,39.000,55.000,252,195,313,160,140,140,140,140,140,140,1,0,0,3,30,1,28.000,1,1,0,0,148,1,0,0,69,0,0,149,1,0,2,0,1,1,1,1,1,1,0,0,0,28636,0,0,0,0,0,0,0,0,3
1.790000,197.39,34.517,20.690,348,331,72.000,72,72,18.000,39.000,55.000,252,195,313,160,140,140,140,140,140,140,1,0,0,3,30,1,28.000,1,1,0,0,148,1,0,0,69,0,0,149,1,0,2,0,1,1,1,1,1,1,0,0,0,28640,0,0,0,0,0,0,0,0,3
1.790250,197.50,34.552,20.740,349,331,72.000,72,72,18.000,39.000,55.000,252,195,313,160,140,140,140,140,140,140,1,0,0,3,30,1,28.000,1,1,0,0,148,1,0,0,69,0,0,149,1,0,2,0,1,1,1,1,1,1,0,0,0,28644,0,0,0,0,0,0,0,0,3
1.790500,197.60,34.587,20.740,349,331,72.000,72,72,18.000,39.000,55.000,252,195,313,160,140,140,140,140,140,140,1,0,0,3,30,1,28.000,1,1,0,0,148,1,0,0,69,0,0,149,1,0,2,0,1,1,1,1,1,1,0,0,0,28648,0,0,0,0,0,0,0,0,3
1.790750,197.71,34.622,20.790,350,331,72.000,72,72,18.000,39.000,55.000,253,195,313,160,140,140,140,140,140,140,1,0,0,3,30,1,28.000,1,1,0,0,148,1,0,0,69,0,0,149,1,0,2,0,1,1,1,1,1,1,0,0,0,28652,0,0,0,0,0,0,0,0,3
1.791000,197.82,34.656,20.790,350,331,72.000,72,72,18.000,39.000,55.000,253,195,313,160,140,140,140,140,140,140,1,0,0,3,30,1,28.000,1,1,0,0,148,1,0,0,69,0,0,149,1,0,2,0,1,1,1,1,1,1,0,0,0,28656,0,0,0,0,0,0,0,0,3
1.791250,197.93,34.691,20.790,350,331,72.000,72,72,18.000,39.000,55.000,253,195,313,160,140,140,140,140,140,140,1,0,0,3,30,1,28.000,1,1,0,0,148,1,0,0,69,0,0,149,1,0,2,0,1,1,1,1,1,1,0,0,0,28660,0,0,0,0,0,0,0,0,3
1.791500,198.04,34.725,20.850,351,332,72.000,72,72,18.000,39.000,55.000,254,196,314,160,141,141,141,141,141,141,1,0,0,3,30,1,28.000,1,1,0,0,148,1,0,0,69,0,0,149,1,0,2,0,1,1,1,1,1,1,0,0,0,28664,0,0,0,0,0,0,0,0,3
1.791750,198.14,34.760,20.850,351,332,72.000,72,72,18.000,39.000,55.000,254,196,314,160,141,141,141,141,141,141,1,0,0,3,30,1,28.000,1,1,0,0,148,1,0,0,69,0,0,149,1,0,2,0,1,1,1,1,1,1,0,0,0,28668,0,0,0,0,0,0,0,0,3
1.792000,198.25,34.794,20.850,352,332,72.000,72,72,18.000,39.000,55.000,254,196,314,160,141,141,141,141,141,141,1,0,0,3,30,1,28.000,1,1,0,0,148,1,0,0,69,0,0,149,1,0,2,0,1,1,1,1,1,1,0,0,0,28672,0,0,0,0,0,0,0,0,3
1.792250,198.36,34.828,20.900,352,332,72.000,72,72,18.000,39.000,55.000,254,196,314,160,141,141,141,141,141,141,1,0,0,3,30,1,28.000,1,1,0,0,148,1,0,0,69,0,0,149,1,0,2,0,1,1,1,1,1,1,0,0,0,28676,0,0,0,0,0,0,0,0,3
1.792500,198.47,34.862,20.900,353,332,72.000,72,72,18.000,39.000,55.000,254,196,314,160,141,141,141,141,141,141,1,0,0,3,30,1,28.000,1,1,0,0,148,1,0,0,69,0,0,149,1,0,2,0,1,1,1,1,1,1,0,0,0,28680,0,0,0,0,0,0,0,0,3
1.792750,198.58,34.896,20.900,353,332,72.000,72,72,18.000,39.000,55.000,254,196,314,160,141,141,141,141,141,141,1,0,0,3,30,1,28.000,1,1,0,0,148,1,0,0,69,0,0,149,1,0,2,0,1,1,1,1,1,1,0,0,0,28684,0,0,0,0,0,0,0,0,3
1.793000,198.68,34.930,20.960,353,332,72.000,72,72,18.000,39.000,55.000,255,196,314,160,141,141,141,141,141,141,1,0,0,3,30,1,28.000,1,1,0,0,148,1,0,0,69,0,0,149,1,0,2,0,1,1,1,1,1,1,0,0,0,28688,0,0,0,0,0,0,0,0,3
1.793250,198.79,34.963,20.960,354,332,72.000,72,72,18.000,39.000,55.000,255,196,314,160,141,141,141,141,141,141,1,0,0,3,30,1,28.000,1,1,2,2,149,1,0,0,70,0,0,150,1,0,2,0,1,1,1,1,1,1,0,0,0,28692,0,0,0,0,0,0,0,0,3
1.793500,198.90,34.997,21.010,354,332,72.000,72,72,18.000,39.000,55.000,256,196,314,160,141,141,141,141,141,141,1,0,0,3,30,1,28.000,1,1,2,2,149,1,0,0,70,0,0,150,1,0,2,0,1,1,1,1,1,1,0,0,0,28696,0,0,0,0,0,0,0,0,3
1.793750,199.01,35.031,21.010,355,332,72.000,72,72,18.000,39.000,55.000,256,196,314,160,141,141,141,141,141,141,1,0,0,3,30,1,28.000,1,1,2,2,149,1,0,0,70,0,0,150,1,0,2,0,1,1,1,1,1,1,0,0,0,28700,0,0,0,0,0,0,0,0,3
1.794000,199.12,35.064,21.010,355,332,72.000,72,72,18.000,39.000,55.000,256,196,314,160,141,141,141,141,141,141,1,0,0,3,30,1,28.000,1,1,2,2,149,1,0,0,70,0,0,150,1,0,2,0,1,1,1,1,1,1,0,0,0,28704,0,0,0,0,0,0,0,0,3
1.794250,199.22,35.097,21.070,355,332,72.000,72,72,18.000,39.000,55.000,256,196,314,160,141,141,141,141,141,141,1,0,0,3,30,1,28.000,1,1,2,2,149,1,0,0,70,0,0,150,1,0,2,0,1,1,1,1,1,1,0,0,0,28708,0,0,0,0,0,0,0,0,3
1.794500,199.33,35.130,21.070,356,332,72.000,72,72,18.000,39.000,55.000,256,196,314,160,141,141,141,141,141,141,1,0,0,3,30,1,28.000,1,1,2,2,149,1,0,0,70,0,0,150,1,0,2,0,1,1,1,1,1,1,0,0,0,28712,0,0,0,0,0,0,0,0,3
1.794750,199.44,35.163,21.070,356,332,72.000,72,72,18.000,39.000,55.000,256,196,314,160,141,141,141,141,141,141,1,0,0,3,30,1,28.000,1,1,2,2,149,1,0,0,70,0,0,150,1,0,2,0,1,1,1,1,1,1,0,0,0,28716,0,0,0,0,0,0,0,0,3
1.795000,199.55,35.196,21.120,357,332,72.000,72,72,18.000,39.000,55.000,257,196,314,160,141,141,141,141,141,141,1,0,0,3,30,1,28.000,1,1,2,2,149,1,0,0,70,0,0,150,1,0,2,0,1,1,1,1,1,1,0,0,0,28720,0,0,0,0,0,0,0,0,3
1.795250,199.66,35.229,21.120,357,332,72.000,72,72,18.000,39.000,55.000,257,196,314,160,141,141,141,141,141,141,1,0,0,3,30,1,28.000,1,1,2,2,149,1,0,0,70,0,0,150,1,0,2,0,1,1,1,1,1,1,0,0,0,28724,0,0,0,0,0,0,0,0,3
1.795500,199.76,35.262,21.180,357,332,72.000,72,72,18.000,39.000,55.000,258,196,314,160,141,141,141,141,141,141,1,0,0,3,30,1,28.000,1,1,2,2,149,1,0,0,70,0,0,150,1,0,2,0,1,1,1,1,1,1,0,0,0,28728,0,0,0,0,0,0,0,0,3
1.795750,199.87,35.294,21.180,358,332,72.000,72,72,18.000,39.000,55.000,258,196,314,160,141,141,141,141,141,141,1,0,0,3,30,1,28.000,1,1,2,2,149,1,0,0,70,0,0,150,1,0,2,0,1,1,1,1,1,1,0,0,0,28732,0,0,0,0,0,0,0,0,3
1.796000,199.98,35.327,21.180,358,332,72.000,72,72,18.000,39.000,55.000,258,196,314,160,141,141,141,141,141,141,1,0,0,3,30,1,28.000,1,1,2,2,149,1,0,0,70,0,0,150,1,0,2,0,1,1,1,1,1,1,0,0,0,28736,0,0,0,0,0,0,0,0,3
1.796250,200.09,35.359,21.230,359,332,72.000,72,72,18.000,39.000,55.000,258,196,314,160,141,141,141,141,141,141,1,0,0,3,30,1,28.000,1,1,2,2,149,1,0,0,70,0,0,150,1,0,2,0,1,1,1,1,1,1,0,0,0,28740,0,0,0,0,0,0,0,0,3
1.796500,200.20,35.392,21.230,359,332,72.000,72,72,18.000,39.000,55.000,258,196,314,160,141,141,141,141,141,141,1,0,0,3,30,1,28.000,1,1,2,2,149,1,0,0,70,0,0,150,1,0,2,0,1,1,1,1,1,1,0,0,0,28744,0,0,0,0,0,0,0,0,3
1.796750,200.30,35.424,21.230,359,332,72.000,72,72,18.000,39.000,55.000,258,196,314,160,141,141,141,141,141,141,1,0,0,3,30,1,28.000,1,1,2,2,149,1,0,0,70,0,0,150,1,0,2,0,1,1,1,1,1,1,0,0,0,28748,0,0,0,0,0,0,0,0,3
1.797000,200.41,35.456,21.280,360,333,72.000,72,72,18.000,39.000,55.000,259,197,315,160,141,141,141,141,141,141,1,0,0,3,30,1,28.000,1,1,2,2,149,1,0,0,70,0,0,150,1,0,2,0,1,1,1,1,1,1,0,0,0,28752,0,0,0,0,0,0,0,0,3
1.797250,200.52,35.488,21.280,360,333,72.000,72,72,18.000,39.000,55.000,259,197,315,160,141,141,141,141,141,141,1,0,0,3,30,1,28.000,1,1,2,2,149,1,0,0,70,0,0,150,1,0,2,0,1,1,1,1,1,1,0,0,0,28756,0,0,0,0,0,0,0,0,3
1.797500,200.63,35.520,21.280,361,333,72.000,72,72,18.000,39.000,55.000,259,197,315,160,141,141,141,141,141,141,1,0,0,3,30,1,28.000,1,1,2,2,149,1,0,0,70,0,0,150,1,0,2,0,1,1,1,1,1,1,0,0,0,28760,0,0,0,0,0,0,0,0,3
1.797750,200.74,35.551,21.340,361,333,72.000,72,72,18.000,39.000,55.000,260,197,315,160,141,141,141,141,141,141,1,0,0,3,30,1,28.000,1,1,2,2,149,1,0,0,70,0,0,150,1,0,2,0,1,1,1,1,1,1,0,0,0,28764,0,0,0,0,0,0,0,0,3
1.798000,200.84,35.583,21.340,362,333,72.000,72,72,18.000,39.000,55.000,260,197,315,160,141,141,141,141,141,141,1,0,0,3,30,1,28.000,1,1,2,2,149,1,0,0,70,0,0,150,1,0,2,0,1,1,1,1,1,1,0,0,0,28768,0,0,0,0,0,0,0,0,3
1.798250,200.95,35.614,21.340,362,333,72.000,72,72,18.000,39.000,55.000,260,197,315,160,141,141,141,141,141,141,1,0,0,3,30,1,28.000,1,1,2,2,149,1,0,0,70,0,0,150,1,0,2,0,1,1,1,1,1,1,0,0,0,28772,0,0,0,0,0,0,0,0,3
1.798500,201.06,35.646,21.390,362,333,72.000,72,72,18.000,39.000,55.000,260,197,315,160,141,141,141,141,141,141,1,0,0,3,30,1,28.000,1,1,2,2,149,1,0,0,70,0,0,150,1,0,2,0,1,1,1,1,1,1,0,0,0,28776,0,0,0,0,0,0,0,0,3
1.798750,201.17,35.677,21.390,363,333,72.000,72,72,18.000,39.000,55.000,260,197,315,160,141,141,141,141,141,141,1,0,0,3,30,1,28.000,1,1,2,2,149,1,0,0,70,0,0,150,1,0,2,0,1,1,1,1,1,1,0,0,0,28780,0,0,0,0,0,0,0,0,3
1.799000,201.28,35.708,21.390,363,333,72.000,72,72,18.000,39.000,55.000,260,197,315,160,141,141,141,141,141,141,1,0,0,3,30,1,28.000,1,1,2,2,149,1,0,0,70,0,0,150,1,0,2,0,1,1,1,1,1,1,0,0,0,28784,0,0,0,0,0,0,0,0,3
1.799250,201.38,35.739,21.450,364,333,72.000,72,72,18.000,39.000,55.000,261,197,315,160,141,141,141,141,141,141,1,0,0,3,30,1,28.000,1,1,2,2,149,1,0,0,70,0,0,150,1,0,2,0,1,1,1,1,1,1,0,0,0,28788,0,0,0,0,0,0,0,0,3
1.799500,201.49,35.770,21.450,364,333,72.000,72,72,18.000,39.000,55.000,261,197,315,160,141,141,141,141,141,141,1,0,0,3,30,1,28.000,1,1,2,2,149,1,0,0,70,0,0,150,1,0,2,0,1,1,1,1,1,1,0,0,0,28792,0,0,0,0,0,0,0,0,3
1.799750,201.60,35.801,21.450,364,333,72.000,72,72,18.000,39.000,55.000,261,197,315,160,141,141,141,141,141,141,1,0,0,3,30,1,28.000,1,1,2,2,149,1,0,0,70,0,0,150,1,0,2,0,1,1,1,1,1,1,0,0,0,28796,0,0,0,0,0,0,0,0,3
1.800000,201.71,35.831,21.500,365,333,72.000,72,72,18.000,39.000,55.000,262,197,315,160,141,141,141,141,141,141,1,0,0,3,30,1,28.000,1,1,2,2,149,1,0,0,70,0,0,150,1,0,2,0,1,1,1,1,1,1,0,0,0,28800,0,0,0,0,0,0,0,0,3
1.800250,201.82,35.862,21.500,365,333,72.000,72,72,18.000,39.000,55.000,262,197,315,160,141,141,141,141,141,141,1,0,0,3,30,1,28.000,1,1,2,2,149,1,0,0,70,0,0,150,1,0,2,0,1,1,1,1,1,1,0,0,0,28804,0,0,0,0,0,0,0,0,3
1.800500,201.92,35.892,21.560,366,333,72.000,72,72,18.000,39.000,55.000,262,197,315,160,141,141,141,141,141,141,1,0,0,3,30,1,28.000,1,1,2,2,149,1,0,0,70,0,0,150,1,0,2,0,1,1,1,1,1,1,0,0,0,28808,0,0,0,0,0,0,0,0,3
1.800750,202.03,35.923,21.560,366,333,72.000,72,72,18.000,39.000,55.000,262,197,315,160,141,141,141,141,141,141,1,0,0,3,30,1,28.000,1,1,2,2,149,1,0,0,70,0,0,150,1,0,2,0,1,1,1,1,1,1,0,0,0,28812,0,0,0,0,0,0,0,0,3
1.801000,202.14,35.953,21.560,366,334,72.000,72,72,18.000,39.000,55.000,262,197,316,160,142,142,142,142,142,142,1,0,0,3,30,1,28.000,1,1,2,2,149,1,0,0,70,0,0,150,1,0,2,0,1,1,1,1,1,1,0,0,0,28816,0,0,0,0,0,0,0,0,3
1.801250,202.25,35.983,21.560,367,334,72.000,72,72,18.000,39.000,55.000,262,197,316,160,142,142,142,142,142,142,1,0,0,3,30,1,28.000,1,1,2,2,149,1,0,0,70,0,0,150,1,0,2,0,1,1,1,1,1,1,0,0,0,28820,0,0,0,0,0,0,0,0,3
1.801500,202.36,36.013,21.610,367,334,72.000,72,72,18.000,39.000,55.000,263,197,316,160,142,142,142,142,142,142,1,0,0,3,30,1,28.000,1,1,2,2,149,1,0,0,70,0,0,150,1,0,2,0,1,1,1,1,1,1,0,0,0,28824,0,0,0,0,0,0,0,0,3
1.801750,202.46,36.042,21.610,368,334,72.000,72,72,18.000,39.000,55.000,263,197,316,160,142,142,142,142,142,142,1,0,0,3,30,1,28.000,1,1,2,2,149,1,0,0,70,0,0,150,1,0,2,0,1,1,1,1,1,1,0,0,0,28828,0,0,0,0,0,0,0,0,3
1.802000,202.57,36.072,21.670,368,334,72.000,72,72,18.000,39.000,55.000,264,197,316,160,142,142,142,142,142,142,1,0,0,3,30,1,28.000,1,1,3,3,150,1,0,0,71,0,0,151,1,0,2,0,1,1,1,1,1,1,0,0,0,28832,0,0,0,0,0,0,0,0,3
1.802250,202.68,36.102,21.670,368,334,72.000,72,72,18.000,39.000,55.000,264,197,316,160,142,142,142,142,142,142,1,0,0,3,30,1,28.000,1,1,3,3,150,1,0,0,71,0,0,151,1,0,2,0,1,1,1,1,1,1,0,0,0,28836,0,0,0,0,0,0,0,0,3
1.802500,202.79,36.131,21.670,369,334,72.000,72,72,18.000,39.000,55.000,264,197,316,160,142,142,142,142,142,142,1,0,0,3,30,1,28.000,1,1,3,3,150,1,0,0,71,0,0,151,1,0,2,0,1,1,1,1,1,1,0,0,0,28840,0,0,0,0,0,0,0,0,3
1.802750,202.90,36.160,21.670,369,334,72.000,72,72,18.000,39.000,55.000,264,197,316,160,142,142,142,142,142,142,1,0,0,3,30,1,28.000,1,1,3,3,150,1,0,0,71,0,0,151,1,0,2,0,1,1,1,1,1,1,0,0,0,28844,0,0,0,0,0,0,0,0,3
1.803000,203.00,36.190,21.720,370,334,72.000,72,72,18.000,39.000,55.000,264,197,316,160,142,142,142,142,142,142,1,0,0,3,30,1,28.000,1,1,3,3,150,1,0,0,71,0,0,151,1,0,2,0,1,1,1,1,1,1,0,0,0,28848,0,0,0,0,0,0,0,0,3
1.803250,203.11,36.219,21.720,370,334,72.000,72,72,18.000,39.000,55.000,264,197,316,160,142,142,142,142,142,142,1,0,0,3,30,1,28.000,1,1,3,3,150,1,0,0,71,0,0,151,1,0,2,0,1,1,1,1,1,1,0,0,0,28852,0,0,0,0,0,0,0,0,3
1.803500,203.22,36.247,21.720,370,334,72.000,72,72,18.000,39.000,55.000,264,197,316,160,142,142,142,142,142,142,1,0,0,3,30,1,28.000,1,1,3,3,150,1,0,0,71,0,0,151,1,0,2,0,1,1,1,1,1,1,0,0,0,28856,0,0,0,0,0,0,0,0,3
1.803750,203.33,36.276,21.770,371,334,72.000,72,72,18.000,39.000,55.000,265,197,316,160,142,142,142,142,142,142,1,0,0,3,30,1,28.000,1,1,3,3,150,1,0,0,71,0,0,151,1,0,2,0,1,1,1,1,1,1,0,0,0,28860,0,0,0,0,0,0,0,0,3
1.804000,203.44,36.305,21.770,371,334,72.000,72,72,18.000,39.000,55.000,265,197,316,160,142,142,142,142,142,142,1,0,0,3,30,1,28.000,1,1,3,3,150,1,0,0,71,0,0,151,1,0,2,0,1,1,1,1,1,1,0,0,0,28864,0,0,0,0,0,0,0,0,3
1.804250,203.54,36.333,21.770,371,334,72.000,72,72,18.000,39.000,55.000,265,197,316,160,142,142,142,142,142,142,1,0,0,3,30,1,28.000,1,1,3,3,150,1,0,0,71,0,0,151,1,0,2,0,1,1,1,1,1,1,0,0,0,28868,0,0,0,0,0,0,0,0,3
1.804500,203.65,36.362,21.830,372,335,72.000,72,72,18.000,39.000,55.000,266,198,317,160,142,142,142,142,142,142,1,0,0,3,30,1,28.000,1,1,3,3,150,1,0,0,71,0,0,151,1,0,2,0,1,1,1,1,1,1,0,0,0,28872,0,0,0,0,0,0,0,0,3
1.804750,203.76,36.390,21.830,372,335,72.000,72,72,18.000,39.000,55.000,266,198,317,160,142,142,142,142,142,142,1,0,0,3,30,1,28.000,1,1,3,3,150,1,0,0,71,0,0,151,1,0,2,0,1,1,1,1,1,1,0,0,0,28876,0,0,0,0,0,0,0,0,3
1.805000,203.87,36.418,21.830,373,335,72.000,72,72,18.000,39.000,55.000,266,198,317,160,142,142,142,142,142,142,1,0,0,3,30,1,28.000,1,1,3,3,150,1,0,0,71,0,0,151,1,0,2,0,1,1,1,1,1,1,0,0,0,28880,0,0,0,0,0,0,0,0,3
1.805250,203.98,36.446,21.880,373,335,72.000,72,72,18.000,39.000,55.000,266,198,317,160,142,142,142,142,142,142,1,0,0,3,30,1,28.000,1,1,3,3,150,1,0,0,71,0,0,151,1,0,2,0,1,1,1,1,1,1,0,0,0,28884,0,0,0,0,0,0,0,0,3
1.805500,204.08,36.474,21.880,373,335,72.000,72,72,18.000,39.000,55.000,266,198,317,160,142,142,142,142,142,142,1,0,0,3,30,1,28.000,1,1,3,3,150,1,0,0,71,0,0,151,1,0,2,0,1,1,1,1,1,1,0,0,0,28888,0,0,0,0,0,0,0,0,3
1.805750,204.19,36.502,21.880,374,335,72.000,72,72,18.000,39.000,55.000,266,198,317,160,142,142,142,142,142,142,1,0,0,3,30,1,28.000,1,1,3,3,150,1,0,0,71,0,0,151,1,0,2,0,1,1,1,1,1,1,0,0,0,28892,0,0,0,0,0,0,0,0,3
1.806000,204.30,36.530,21.880,374,335,72.000,72,72,18.000,39.000,55.000,266,198,317,160,142,142,142,142,142,142,1,0,0,3,30,1,28.000,1,1,3,3,150,1,0,0,71,0,0,151,1,0,2,0,1,1,1,1,1,1,0,0,0,28896,0,0,0,0,0,0,0,0,3
1.806250,204.41,36.557,21.940,375,335,72.000,72,72,18.000,39.000,55.000,267,198,317,160,142,142,142,142,142,142,1,0,0,3,30,1,28.000,1,1,3,3,150,1,0,0,71,0,0,151,1,0,2,0,1,1,1,1,1,1,0,0,0,28900,0,0,0,0,0,0,0,0,3
1.806500,204.52,36.584,21.940,375,335,72.000,72,72,18.000,39.000,55.000,267,198,317,160,142,142,142,142,142,142,1,0,0,3,30,1,28.000,1,1,3,3,150,1,0,0,71,0,0,151,1,0,2,0,1,1,1,1,1,1,0,0,0,28904,0,0,0,0,0,0,0,0,3
1.806750,204.62,36.612,21.940,375,335,72.000,72,72,18.000,39.000,55.000,267,198,317,160,142,142,142,142,142,142,1,0,0,3,30,1,28.000,1,1,3,3,150,1,0,0,71,0,0,151,1,0,2,0,1,1,1,1,1,1,0,0,0,28908,0,0,0,0,0,0,0,0,3
1.807000,204.73,36.639,21.990,376,335,72.000,72,72,18.000,39.000,55.000,268,198,317,160,142,142,142,142,142,142,1,0,0,3,30,1,28.000,1,1,3,3,150,1,0,0,71,0,0,151,1,0,2,0,1,1,1,1,1,1,0,0,0,28912,0,0,0,0,0,0,0,0,3
1.807250,204.84,36.666,21.990,376,335,72.000,72,72,18.000,39.000,55.000,268,198,317,160,142,142,142,142,142,142,1,0,0,3,30,1,28.000,1,1,3,3,150,1,0,0,71,0,0,151,1,0,2,0,1,1,1,1,1,1,0,0,0,28916,0,0,0,0,0,0,0,0,3
1.807500,204.95,36.693,21.990,377,335,72.000,72,72,18.000,39.000,55.000,268,198,317,160,142,142,142,142,142,142,1,0,0,3,30,1,28.000,1,1,3,3,150,1,0,0,71,0,0,151,1,0,2,0,1,1,1,1,1,1,0,0,0,28920,0,0,0,0,0,0,0,0,3
1.807750,205.06,36.719,22.050,377,336,72.000,72,72,18.000,39.000,55.000,268,199,318,160,143,143,143,143,143,143,1,0,0,3,30,1,28.000,1,1,3,3,150,1,0,0,71,0,0,151,1,0,2,0,1,1,1,1,1,1,0,0,0,28924,0,0,0,0,0,0,0,0,3
1.808000,205.16,36.746,22.050,377,336,72.000,72,72,18.000,39.000,55.000,268,199,318,160,143,143,143,143,143,143,1,0,0,3,30,1,28.000,1,1,3,3,150,1,0,0,71,0,0,151,1,0,2,0,1,1,1,1,1,1,0,0,0,28928,0,0,0,0,0,0,0,0,3
1.808250,205.27,36.772,22.050,378,336,72.000,72,72,18.000,39.000,55.000,268,199,318,160,143,143,143,143,143,143,1,0,0,3,30,1,28.000,1,1,3,3,150,1,0,0,71,0,0,151,1,0,2,0,1,1,1,1,1,1,0,0,0,28932,0,0,0,0,0,0,0,0,3
1.808500,205.38,36.799,22.050,378,336,72.000,72,72,18.000,39.000,55.000,268,199,318,160,143,143,143,143,143,143,1,0,0,3,30,1,28.000,1,1,3,3,150,1,0,0,71,0,0,151,1,0,2,0,1,1,1,1,1,1,0,0,0,28936,0,0,0,0,0,0,0,0,3
1.808750,205.49,36.825,22.100,378,336,72.000,72,72,18.000,39.000,55.000,269,199,318,160,143,143,143,143,143,143,1,0,0,3,30,1,28.000,1,1,3,3,150,1,0,0,71,0,0,151,1,0,2,0,1,1,1,1,1,1,0,0,0,28940,0,0,0,0,0,0,0,0,3
1.809000,205.60,36.851,22.100,379,336,72.000,72,72,18.000,39.000,55.000,269,199,318,160,143,143,143,143,143,143,1,0,0,3,30,1,28.000,1,1,3,3,150,1,0,0,71,0,0,151,1,0,2,0,1,1,1,1,1,1,0,0,0,28944,0,0,0,0,0,0,0,0,3
1.809250,205.70,36.877,22.100,379,336,72.000,72,72,18.000,39.000,55.000,269,199,318,160,143,143,143,143,143,143,1,0,0,3,30,1,28.000,1,1,3,3,150,1,0,0,71,0,0,151,1,0,2,0,1,1,1,1,1,1,0,0,0,28948,0,0,0,0,0,0,0,0,3
1.809500,205.81,36.902,22.150,380,336,72.000,72,72,18.000,39.000,55.000,270,199,318,160,143,143,143,143,143,143,1,0,0,3,30,1,28.000,1,1,3,3,150,1,0,0,71,0,0,151,1,0,2,0,1,1,1,1,1,1,0,0,0,28952,0,0,0,0,0,0,0,0,3
1.809750,205.92,36.928,22.150,380,336,72.000,72,72,18.000,39.000,55.000,270,199,318,160,143,143,143,143,143,143,1,0,0,3,30,1,28.000,1,1,3,3,150,1,0,0,71,0,0,151,1,0,2,0,1,1,1,1,1,1,0,0,0,28956,0,0,0,0,0,0,0,0,3
1.810000,206.03,36.954,22.150,380,336,72.000,72,72,18.000,39.000,55.000,270,199,318,160,143,143,143,143,143,143,1,0,0,3,30,1,28.000,1,1,3,3,150,1,0,0,71,0,0,151,1,0,2,0,1,1,1,1,1,1,0,0,0,28960,0,0,0,0,0,0,0,0,3
1.810250,206.14,36.979,22.150,381,336,72.000,72,72,18.000,39.000,55.000,270,199,318,160,143,143,143,143,143,143,1,0,0,3,30,1,28.000,1,1,3,3,150,1,0,0,71,0,0,151,1,0,2,0,1,1,1,1,1,1,0,0,0,28964,0,0,0,0,0,0,0,0,3
1.810500,206.24,37.004,22.210,381,337,72.000,72,72,18.000,39.000,55.000,270,199,319,160,143,143,143,143,143,143,1,0,0,3,30,1,28.000,1,1,3,3,150,1,0,0,71,0,0,151,1,0,2,0,1,1,1,1,1,1,0,0,0,28968,0,0,0,0,0,0,0,0,3
1.810750,206.35,37.029,22.210,381,337,72.000,72,72,18.000,39.000,55.000,270,199,319,160,143,143,143,143,143,143,1,0,0,3,30,1,28.000,1,1,1,1,151,1,0,0,72,0,0,152,1,0,2,0,1,1,1,1,1,1,0,0,0,28972,0,0,0,0,0,0,0,0,3
1.811000,206.46,37.054,22.210,382,337,72.000,72,72,18.000,39.000,55.000,270,199,319,160,143,143,143,143,143,143,1,0,0,3,30,1,28.000,1,1,1,1,151,1,0,0,72,0,0,152,1,0,2,0,1,1,1,1,1,1,0,0,0,28976,0,0,0,0,0,0,0,0,3
1.811250,206.57,37.079,22.260,382,337,72.000,72,72,18.000,39.000,55.000,271,199,319,160,143,143,143,143,143,143,1,0,0,3,30,1,28.000,1,1,1,1,151,1,0,0,72,0,0,152,1,0,2,0,1,1,1,1,1,1,0,0,0,28980,0,0,0,0,0,0,0,0,3
1.811500,206.68,37.104,22.260,383,337,72.000,72,72,18.000,39.000,55.000,271,199,319,160,143,143,143,143,143,143,1,0,0,3,30,1,28.000,1,1,1,1,151,1,0,0,72,0,0,152,1,0,2,0,1,1,1,1,1,1,0,0,0,28984,0,0,0,0,0,0,0,0,3
1.811750,206.78,37.128,22.260,383,337,72.000,72,72,18.000,39.000,55.000,271,199,319,160,143,143,143,143,143,143,1,0,0,3,30,1,28.000,1,1,1,1,151,1,0,0,72,0,0,152,1,0,2,0,1,1,1,1,1,1,0,0,0,28988,0,0,0,0,0,0,0,0,3
1.812000,206.89,37.152,22.260,383,337,72.000,72,72,18.000,39.000,55.000,271,199,319,160,143,143,143,143,143,143,1,0,0,3,30,1,28.000,1,1,1,1,151,1,0,0,72,0,0,152,1,0,2,0,1,1,1,1,1,1,0,0,0,28992,0,0,0,0,0,0,0,0,3
1.812250,207.00,37.177,22.320,384,337,72.000,72,72,18.000,39.000,55.000,272,199,319,160,143,143,143,143,143,143,1,0,0,3,30,1,28.000,1,1,1,1,151,1,0,0,72,0,0,152,1,0,2,0,1,1,1,1,1,1,0,0,0,28996,0,0,0,0,0,0,0,0,3
1.812500,207.11,37.201,22.320,384,337,72.000,72,72,18.000,39.000,55.000,272,199,319,160,143,143,143,143,143,143,1,0,0,3,30,1,28.000,1,1,1,1,151,1,0,0,72,0,0,152,1,0,2,0,1,1,1,1,1,1,0,0,0,29000,0,0,0,0,0,0,0,0,3
1.812750,207.22,37.225,22.320,384,337,72.000,72,72,18.000,39.000,55.000,272,199,319,160,143,143,143,143,143,143,1,0,0,3,30,1,28.000,1,1,1,1,151,1,0,0,72,0,0,152,1,0,2,0,1,1,1,1,1,1,0,0,0,29004,0,0,0,0,0,0,0,0,3
1.813000,207.32,37.249,22.320,385,337,72.000,72,72,18.000,39.000,55.000,272,199,319,160,143,143,143,143,143,143,1,0,0,3,30,1,28.000,1,1,1,1,151,1,0,0,72,0,0,152,1,0,2,0,1,1,1,1,1,1,0,0,0,29008,0,0,0,0,0,0,0,0,3
1.813250,207.43,37.272,22.370,385,338,72.000,72,72,18.000,39.000,55.000,272,200,320,160,144,144,144,144,144,144,1,0,0,3,30,1,28.000,1,1,1,1,151,1,0,0,72,0,0,152,1,0,2,0,1,1,1,1,1,1,0,0,0,29012,0,0,0,0,0,0,0,0,3
1.813500,207.54,37.296,22.370,386,338,72.000,72,72,18.000,39.000,55.000,272,200,320,160,144,144,144,144,144,144,1,0,0,3,30,1,28.000,1,1,1,1,151,1,0,0,72,0,0,152,1,0,2,0,1,1,1,1,1,1,0,0,0,29016,0,0,0,0,0,0,0,0,3
1.813750,207.65,37.319,22.370,386,338,72.000,72,72,18.000,39.000,55.000,272,200,320,160,144,144,144,144,144,144,1,0,0,3,30,1,28.000,1,1,1,1,151,1,0,0,72,0,0,152,1,0,2,0,1,1,1,1,1,1,0,0,0,29020,0,0,0,0,0,0,0,0,3
1.814000,207.76,37.342,22.430,386,338,72.000,72,72,18.000,39.000,55.000,273,200,320,160,144,144,144,144,144,144,1,0,0,3,30,1,28.000,1,1,1,1,151,1,0,0,72,0,0,152,1,0,2,0,1,1,1,1,1,1,0,0,0,29024,0,0,0,0,0,0,0,0,3
1.814250,207.86,37.365,22.430,387,338,72.000,72,72,18.000,39.000,55.000,273,200,320,160,144,144,144,144,144,144,1,0,0,3,30,1,28.000,1,1,1,1,151,1,0,0,72,0,0,152,1,0,2,0,1,1,1,1,1,1,0,0,0,29028,0,0,0,0,0,0,0,0,3
1.814500,207.97,37.388,22.430,387,338,72.000,72,72,18.000,39.000,55.000,273,200,320,160,144,144,144,144,144,144,1,0,0,3,30,1,28.000,1,1,1,1,151,1,0,0,72,0,0,152,1,0,2,0,1,1,1,1,1,1,0,0,0,29032,0,0,0,0,0,0,0,0,3
1.814750,208.08,37.411,22.430,387,338,72.000,72,72,18.000,39.000,55.000,273,200,320,160,144,144,144,144,144,144,1,0,0,3,30,1,28.000,1,1,1,1,151,1,0,0,72,0,0,152,1,0,2,0,1,1,1,1,1,1,0,0,0,29036,0,0,0,0,0,0,0,0,3
1.815000,208.19,37.434,22.430,388,338,72.000,72,72,18.000,39.000,55.000,273,200,320,160,144,144,144,144,144,144,1,0,0,3,30,1,28.000,1,1,1,1,151,1,0,0,72,0,0,152,1,0,2,0,1,1,1,1,1,1,0,0,0,29040,0,0,0,0,0,0,0,0,3
1.815250,208.30,37.456,22.480,388,338,72.000,72,72,18.000,39.000,55.000,274,200,320,160,144,144,144,144,144,144,1,0,0,3,30,1,28.000,1,1,1,1,151,1,0,0,72,0,0,152,1,0,2,0,1,1,1,1,1,1,0,0,0,29044,0,0,0,0,0,0,0,0,3
1.815500,208.40,37.479,22.480,388,338,72.000,72,72,18.000,39.000,55.000,274,200,320,160,144,144,144,144,144,144,1,0,0,3,30,1,28.000,1,1,1,1,151,1,0,0,72,0,0,152,1,0,2,0,1,1,1,1,1,1,0,0,0,29048,0,0,0,0,0,0,0,0,3
1.815750,208.51,37.501,22.480,389,339,72.000,72,72,18.000,39.000,55.000,274,201,321,160,144,144,144,144,144,144,1,0,0,3,30,1,28.000,1,1,1,1,151,1,0,0,72,0,0,152,1,0,2,0,1,1,1,1,1,1,0,0,0,29052,0,0,0,0,0,0,0,0,3
1.816000,208.62,37.523,22.540,389,339,72.000,72,72,18.000,39.000,55.000,274,201,321,160,144,144,144,144,144,144,1,0,0,3,30,1,28.000,1,1,1,1,151,1,0,0,72,0,0,152,1,0,2,0,1,1,1,1,1,1,0,0,0,29056,0,0,0,0,0,0,0,0,3
1.816250,208.73,37.545,22.540,390,339,72.000,72,72,18.000,39.000,55.000,274,201,321,160,144,144,144,144,144,144,1,0,0,3,30,1,28.000,1,1,1,1,151,1,0,0,72,0,0,152,1,0,2,0,1,1,1,1,1,1,0,0,0,29060,0,0,0,0,0,0,0,0,3
1.816500,208.84,37.567,22.540,390,339,72.000,72,72,18.000,39.000,55.000,274,201,321,160,144,144,144,144,144,144,1,0,0,3,30,1,28.000,1,1,1,1,151,1,0,0,72,0,0,152,1,0,2,0,1,1,1,1,1,1,0,0,0,29064,0,0,0,0,0,0,0,0,3
1.816750,208.94,37.588,22.540,390,339,72.000,72,72,18.000,39.000,55.000,274,201,321,160,144,144,144,144,144,144,1,0,0,3,30,1,28.000,1,1,1,1,151,1,0,0,72,0,0,152,1,0,2,0,1,1,1,1,1,1,0,0,0,29068,0,0,0,0,0,0,0,0,3
1.817000,209.05,37.610,22.540,391,339,72.000,72,72,18.000,39.000,55.000,274,201,321,160,144,144,144,144,144,144,1,0,0,3,30,1,28.000,1,1,1,1,151,1,0,0,72,0,0,152,1,0,2,0,1,1,1,1,1,1,0,0,0,29072,0,0,0,0,0,0,0,0,3
1.817250,209.16,37.631,22.590,391,339,72.000,72,72,18.000,39.000,55.000,275,201,321,160,144,144,144,144,144,144,1,0,0,3,30,1,28.000,1,1,1,1,151,1,0,0,72,0,0,152,1,0,2,0,1,1,1,1,1,1,0,0,0,29076,0,0,0,0,0,0,0,0,3
1.817500,209.27,37.652,22.590,391,339,72.000,72,72,18.000,39.000,55.000,275,201,321,160,144,144,144,144,144,144,1,0,0,3,30,1,28.000,1,1,1,1,151,1,0,0,72,0,0,152,1,0,2,0,1,1,1,1,1,1,0,0,0,29080,0,0,0,0,0,0,0,0,3
1.817750,209.38,37.673,22.590,392,339,72.000,72,72,18.000,39.000,55.000,275,201,321,160,144,144,144,144,144,144,1,0,0,3,30,1,28.000,1,1,1,1,151,1,0,0,72,0,0,152,1,0,2,0,1,1,1,1,1,1,0,0,0,29084,0,0,0,0,0,0,0,0,3
1.818000,209.48,37.694,22.590,392,340,72.000,72,72,18.000,39.000,55.000,275,201,322,160,145,145,145,145,145,145,1,0,0,3,30,1,28.000,1,1,1,1,151,1,0,0,72,0,0,152,1,0,2,0,1,1,1,1,1,1,0,0,0,29088,0,0,0,0,0,0,0,0,3
1.818250,209.59,37.715,22.640,392,340,72.000,72,72,18.000,39.000,55.000,276,201,322,160,145,145,145,145,145,145,1,0,0,3,30,1,28.000,1,1,1,1,151,1,0,0,72,0,0,152,1,0,2,0,1,1,1,1,1,1,0,0,0,29092,0,0,0,0,0,0,0,0,3
1.818500,209.70,37.736,22.640,393,340,72.000,72,72,18.000,39.000,55.000,276,201,322,160,145,145,145,145,145,145,1,0,0,3,30,1,28.000,1,1,1,1,151,1,0,0,72,0,0,152,1,0,2,0,1,1,1,1,1,1,0,0,0,29096,0,0,0,0,0,0,0,0,3
1.818750,209.81,37.756,22.640,393,340,72.000,72,72,18.000,39.000,55.000,276,201,322,160,145,145,145,145,145,145,1,0,0,3,30,1,28.000,1,1,1,1,151,1,0,0,72,0,0,152,1,0,2,0,1,1,1,1,1,1,0,0,0,29100,0,0,0,0,0,0,0,0,3
1.819000,209.92,37.776,22.640,393,340,72.000,72,72,18.000,39.000,55.000,276,201,322,160,145,145,145,145,145,145,1,0,0,3,30,1,28.000,1,1,1,1,151,1,0,0,72,0,0,152,1,0,2,0,1,1,1,1,1,1,0,0,0,29104,0,0,0,0,0,0,0,0,3
1.819250,210.02,37.796,22.640,394,340,72.000,71,71,18.000,39.000,55.000,272,199,318,160,145,145,145,145,145,145,1,0,0,3,30,1,28.000,1,1,0,0,152,1,0,0,73,0,0,153,1,0,2,0,1,1,1,1,1,1,0,0,0,29108,0,0,0,0,0,0,0,0,3
1.819500,210.13,37.816,22.700,394,340,72.000,71,71,18.000,39.000,55.000,273,199,318,160,145,145,145,145,145,145,1,0,0,3,30,1,28.000,1,1,0,0,152,1,0,0,73,0,0,153,1,0,2,0,1,1,1,1,1,1,0,0,0,29112,0,0,0,0,0,0,0,0,3
1.819750,210.24,37.836,22.700,394,340,72.000,71,71,18.000,39.000,55.000,273,199,318,160,145,145,145,145,145,145,1,0,0,3,30,1,28.000,1,1,0,0,152,1,0,0,73,0,0,153,1,0,2,0,1,1,1,1,1,1,0,0,0,29116,0,0,0,0,0,0,0,0,3
1.820000,210.35,37.856,22.700,395,340,72.000,71,71,18.000,39.000,55.000,273,199,318,160,145,145,145,145,145,145,1,0,0,3,30,1,28.000,1,1,0,0,152,1,0,0,73,0,0,153,1,0,2,0,1,1,1,1,1,1,0,0,0,29120,0,0,0,0,0,0,0,0,3
1.820250,210.46,37.875,22.700,395,341,72.000,71,71,18.000,39.000,55.000,273,199,319,160,145,145,145,145,145,145,1,0,0,3,30,1,28.000,1,1,0,0,152,1,0,0,73,0,0,153,1,0,2,0,1,1,1,1,1,1,0,0,0,29124,0,0,0,0,0,0,0,0,3
1.820500,210.56,37.895,22.750,396,341,72.000,71,71,18.000,39.000,55.000,273,199,319,160,145,145,145,145,145,145,1,0,0,3,30,1,28.000,1,1,0,0,152,1,0,0,73,0,0,153,1,0,2,0,1,1,1,1,1,1,0,0,0,29128,0,0,0,0,0,0,0,0,3
1.820750,210.67,37.914,22.750,396,341,72.000,71,71,18.000,39.000,55.000,273,199,319,160,145,145,145,145,145,145,1,0,0,3,30,1,28.000,1,1,0,0,152,1,0,0,73,0,0,153,1,0,2,0,1,1,1,1,1,1,0,0,0,29132,0,0,0,0,0,0,0,0,3
1.821000,210.78,37.933,22.750,396,341,72.000,71,71,18.000,39.000,55.000,273,199,319,160,145,145,145,145,145,145,1,0,0,3,30,1,28.000,1,1,0,0,152,1,0,0,73,0,0,153,1,0,2,0,1,1,1,1,1,1,0,0,0,29136,0,0,0,0,0,0,0,0,3
1.821250,210.89,37.952,22.750,397,341,72.000,71,71,18.000,39.000,55.000,273,199,319,160,145,145,145,145,145,145,1,0,0,3,30,1,28.000,1,1,0,0,152,1,0,0,73,0,0,153,1,0,2,0,1,1,1,1,1,1,0,0,0,29140,0,0,0,0,0,0,0,0,3
1.821500,211.00,37.971,22.750,397,341,72.000,71,71,18.000,39.000,55.000,273,199,319,160,145,145,145,145,145,145,1,0,0,3,30,1,28.000,1,1,0,0,152,1,0,0,73,0,0,153,1,0,2,0,1,1,1,1,1,1,0,0,0,29144,0,0,0,0,0,0,0,0,3
1.821750,211.10,37.989,22.810,397,341,72.000,71,71,18.000,39.000,55.000,274,199,319,160,145,145,145,145,145,145,1,0,0,3,30,1,28.000,1,1,0,0,152,1,0,0,73,0,0,153,1,0,2,0,1,1,1,1,1,1,0,0,0,29148,0,0,0,0,0,0,0,0,3
1.822000,211.21,38.008,22.810,398,341,72.000,71,71,18.000,39.000,55.000,274,199,319,160,145,145,145,145,145,145,1,0,0,3,30,1,28.000,1,1,0,0,152,1,0,0,73,0,0,153,1,0,2,0,1,1,1,1,1,1,0,0,0,29152,0,0,0,0,0,0,0,0,3
1.822250,211.32,38.026,22.810,398,341,72.000,71,71,18.000,39.000,55.000,274,199,319,160,145,145,145,145,145,145,1,0,0,3,30,1,28.000,1,1,0,0,152,1,0,0,73,0,0,153,1,0,2,0,1,1,1,1,1,1,0,0,0,29156,0,0,0,0,0,0,0,0,3
1.822500,211.43,38.044,22.810,398,342,72.000,71,71,18.000,39.000,55.000,274,200,320,160,146,146,146,146,146,146,1,0,0,3,30,1,28.000,1,1,0,0,152,1,0,0,73,0,0,153,1,0,2,0,1,1,1,1,1,1,0,0,0,29160,0,0,0,0,0,0,0,0,3
1.822750,211.54,38.062,22.810,399,342,72.000,71,71,18.000,39.000,55.000,274,200,320,160,146,146,146,146,146,146,1,0,0,3,30,1,28.000,1,1,0,0,152,1,0,0,73,0,0,153,1,0,2,0,1,1,1,1,1,1,0,0,0,29164,0,0,0,0,0,0,0,0,3
1.823000,211.64,38.080,22.860,399,342,72.000,71,71,18.000,39.000,55.000,274,200,320,160,146,146,146,146,146,146,1,0,0,3,30,1,28.000,1,1,0,0,152,1,0,0,73,0,0,153,1,0,2,0,1,1,1,1,1,1,0,0,0,29168,0,0,0,0,0,0,0,0,3
1.823250,211.75,38.098,22.860,399,342,72.000,71,71,18.000,39.000,55.000,274,200,320,160,146,146,146,146,146,146,1,0,0,3,30,1,28.000,1,1,0,0,152,1,0,0,73,0,0,153,1,0,2,0,1,1,1,1,1,1,0,0,0,29172,0,0,0,0,0,0,0,0,3
1.823500,211.86,38.115,22.860,400,342,72.000,71,71,18.000,39.000,55.000,274,200,320,160,146,146,146,146,146,146,1,0,0,3,30,1,28.000,1,1,0,0,152,1,0,0,73,0,0,153,1,0,2,0,1,1,1,1,1,1,0,0,0,29176,0,0,0,0,0,0,0,0,3
1.823750,211.97,38.133,22.860,400,342,72.000,71,71,18.000,39.000,55.000,274,200,320,160,146,146,146,146,146,146,1,0,0,3,30,1,28.000,1,1,0,0,152,1,0,0,73,0,0,153,1,0,2,0,1,1,1,1,1,1,0,0,0,29180,0,0,0,0,0,0,0,0,3
1.824000,212.08,38.150,22.860,400,342,72.000,71,71,18.000,39.000,55.000,274,200,320,160,146,146,146,146,146,146,1,0,0,3,30,1,28.000,1,1,0,0,152,1,0,0,73,0,0,153,1,0,2,0,1,1,1,1,1,1,0,0,0,29184,0,0,0,0,0,0,0,0,3
1.824250,212.18,38.167,22.920,401,342,72.000,71,71,18.000,39.000,55.000,275,200,320,160,146,146,146,146,146,146,1,0,0,3,30,1,28.000,1,1,0,0,152,1,0,0,73,0,0,153,1,0,2,0,1,1,1,1,1,1,0,0,0,29188,0,0,0,0,0,0,0,0,3
1.824500,212.29,38.184,22.920,401,343,72.000,71,71,18.000,39.000,55.000,275,201,321,160,146,146,146,146,146,146,1,0,0,3,30,1,28.000,1,1,0,0,152,1,0,0,73,0,0,153,1,0,2,0,1,1,1,1,1,1,0,0,0,29192,0,0,0,0,0,0,0,0,3
1.824750,212.40,38.201,22.920,401,343,72.000,71,71,18.000,39.000,55.000,275,201,321,160,146,146,146,146,146,146,1,0,0,3,30,1,28.000,1,1,0,0,152,1,0,0,73,0,0,153,1,0,2,0,1,1,1,1,1,1,0,0,0,29196,0,0,0,0,0,0,0,0,3
1.825000,212.51,38.217,22.920,402,343,72.000,71,71,18.000,39.000,55.000,275,201,321,160,146,146,146,146,146,146,1,0,0,3,30,1,28.000,1,1,0,0,152,1,0,0,73,0,0,153,1,0,2,0,1,1,1,1,1,1,0,0,0,29200,0,0,0,0,0,0,0,0,3
1.825250,212.62,38.234,22.920,402,343,72.000,71,71,18.000,39.000,55.000,275,201,321,160,146,146,146,146,146,146,1,0,0,3,30,1,28.000,1,1,0,0,152,1,0,0,73,0,0,153,1,0,2,0,1,1,1,1,1,1,0,0,0,29204,0,0,0,0,0,0,0,0,3
1.825500,212.72,38.250,22.920,402,343,72.000,71,71,18.000,39.000,55.000,275,201,321,160,146,146,146,146,146,146,1,0,0,3,30,1,28.000,1,1,0,0,152,1,0,0,73,0,0,153,1,0,2,0,1,1,1,1,1,1,0,0,0,29208,0,0,0,0,0,0,0,0,3
1.825750,212.83,38.266,22.970,403,343,72.000,71,71,18.000,39.000,55.000,276,201,321,160,146,146,146,146,146,146,1,0,0,3,30,1,28.000,1,1,0,0,152,1,0,0,73,0,0,153,1,0,2,0,1,1,1,1,1,1,0,0,0,29212,0,0,0,0,0,0,0,0,3
1.826000,212.94,38.282,22.970,403,343,72.000,71,71,18.000,39.000,55.000,276,201,321,160,146,146,146,146,146,146,1,0,0,3,30,1,28.000,1,1,0,0,152,1,0,0,73,0,0,153,1,0,2,0,1,1,1,1,1,1,0,0,0,29216,0,0,0,0,0,0,0,0,3
1.826250,213.05,38.298,22.970,403,343,72.000,71,71,18.000,39.000,55.000,276,201,321,160,146,146,146,146,146,146,1,0,0,3,30,1,28.000,1,1,0,0,152,1,0,0,73,0,0,153,1,0,2,0,1,1,1,1,1,1,0,0,0,29220,0,0,0,0,0,0,0,0,3
1.826500,213.16,38.313,22.970,403,343,72.000,71,71,18.000,39.000,55.000,276,201,321,160,146,146,146,146,146,146,1,0,0,3,30,1,28.000,1,1,0,0,152,1,0,0,73,0,0,153,1,0,2,0,1,1,1,1,1,1,0,0,0,29224,0,0,0,0,0,0,0,0,3
1.826750,213.26,38.329,22.970,404,344,72.000,71,71,18.000,39.000,55.000,276,201,322,160,147,147,147,147,147,147,1,0,0,3,30,1,28.000,1,1,0,0,152,1,0,0,73,0,0,153,1,0,2,0,1,1,1,1,1,1,0,0,0,29228,0,0,0,0,0,0,0,0,3
1.827000,213.37,38.344,23.030,404,344,72.000,71,71,18.000,39.000,55.000,276,201,322,160,147,147,147,147,147,147,1,0,0,3,30,1,28.000,1,1,0,0,152,1,0,0,73,0,0,153,1,0,2,0,1,1,1,1,1,1,0,0,0,29232,0,0,0,0,0,0,0,0,3
1.827250,213.48,38.359,23.030,404,344,72.000,71,71,18.000,39.000,55.000,276,201,322,160,147,147,147,147,147,147,1,0,0,3,30,1,28.000,1,1,0,0,152,1,0,0,73,0,0,153,1,0,2,0,1,1,1,1,1,1,0,0,0,29236,0,0,0,0,0,0,0,0,3
1.827500,213.59,38.374,23.030,405,344,72.000,71,71,18.000,39.000,55.000,276,201,322,160,147,147,147,147,147,147,1,0,0,3,30,1,28.000,1,1,0,0,152,1,0,0,73,0,0,153,1,0,2,0,1,1,1,1,1,1,0,0,0,29240,0,0,0,0,0,0,0,0,3
1.827750,213.70,38.389,23.030,405,344,72.000,71,71,18.000,39.000,55.000,276,201,322,160,147,147,147,147,147,147,1,0,0,3,30,1,28.000,1,1,0,0,152,1,0,0,73,0,0,153,1,0,2,0,1,1,1,1,1,1,0,0,0,29244,0,0,0,0,0,0,0,0,3
1.828000,213.80,38.404,23.030,405,344,72.000,71,71,18.000,39.000,55.000,276,201,322,160,147,147,147,147,147,147,1,0,0,3,30,1,28.000,1,1,2,2,153,1,0,0,74,0,0,154,1,0,2,0,1,1,1,1,1,1,0,0,0,29248,0,0,0,0,0,0,0,0,3
1.828250,213.91,38.418,23.030,406,344,72.000,71,71,18.000,39.000,55.000,276,201,322,160,147,147,147,147,147,147,1,0,0,3,30,1,28.000,1,1,2,2,153,1,0,0,74,0,0,154,1,0,2,0,1,1,1,1,1,1,0,0,0,29252,0,0,0,0,0,0,0,0,3
1.828500,214.02,38.433,23.030,406,344,72.000,71,71,18.000,39.000,55.000,276,201,322,160,147,147,147,147,147,147,1,0,0,3,30,1,28.000,1,1,2,2,153,1,0,0,74,0,0,154,1,0,2,0,1,1,1,1,1,1,0,0,0,29256,0,0,0,0,0,0,0,0,3
1.828750,214.13,38.447,23.080,406,345,72.000,71,71,18.000,39.000,55.000,277,202,323,160,147,147,147,147,147,147,1,0,0,3,30,1,28.000,1,1,2,2,153,1,0,0,74,0,0,154,1,0,2,0,1,1,1,1,1,1,0,0,0,29260,0,0,0,0,0,0,0,0,3
1.829000,214.24,38.461,23.080,407,345,72.000,71,71,18.000,39.000,55.000,277,202,323,160,147,147,147,147,147,147,1,0,0,3,30,1,28.000,1,1,2,2,153,1,0,0,74,0,0,154,1,0,2,0,1,1,1,1,1,1,0,0,0,29264,0,0,0,0,0,0,0,0,3
1.829250,214.34,38.475,23.080,407,345,72.000,71,71,18.000,39.000,55.000,277,202,323,160,147,147,147,147,147,147,1,0,0,3,30,1,28.000,1,1,2,2,153,1,0,0,74,0,0,154,1,0,2,0,1,1,1,1,1,1,0,0,0,29268,0,0,0,0,0,0,0,0,3
1.829500,214.45,38.488,23.080,407,345,72.000,71,71,18.000,39.000,55.000,277,202,323,160,147,147,147,147,147,147,1,0,0,3,30,1,28.000,1,1,2,2,153,1,0,0,74,0,0,154,1,0,2,0,1,1,1,1,1,1,0,0,0,29272,0,0,0,0,0,0,0,0,3
1.829750,214.56,38.502,23.080,408,345,72.000,71,71,18.000,39.000,55.000,277,202,323,160,147,147,147,147,147,147,1,0,0,3,30,1,28.000,1,1,2,2,153,1,0,0,74,0,0,154,1,0,2,0,1,1,1,1,1,1,0,0,0,29276,0,0,0,0,0,0,0,0,3
1.830000,214.67,38.515,23.080,408,345,72.000,71,71,18.000,39.000,55.000,277,202,323,160,147,147,147,147,147,147,1,0,0,3,30,1,28.000,1,1,2,2,153,1,0,0,74,0,0,154,1,0,2,0,1,1,1,1,1,1,0,0,0,29280,0,0,0,0,0,0,0,0,3
1.830250,214.78,38.528,23.130,408,345,72.000,71,71,18.000,39.000,55.000,278,202,323,160,147,147,147,147,147,147,1,0,0,3,30,1,28.000,1,1,2,2,153,1,0,0,74,0,0,154,1,0,2,0,1,1,1,1,1,1,0,0,0,29284,0,0,0,0,0,0,0,0,3
1.830500,214.88,38.541,23.130,408,346,72.000,71,71,18.000,39.000,55.000,278,203,324,160,148,148,148,148,148,148,1,0,0,3,30,1,28.000,1,1,2,2,153,1,0,0,74,0,0,154,1,0,2,0,1,1,1,1,1,1,0,0,0,29288,0,0,0,0,0,0,0,0,3
1.830750,214.99,38.554,23.130,409,346,72.000,71,71,18.000,39.000,55.000,278,203,324,160,148,148,148,148,148,148,1,0,0,3,30,1,28.000,1,1,2,2,153,1,0,0,74,0,0,154,1,0,2,0,1,1,1,1,1,1,0,0,0,29292,0,0,0,0,0,0,0,0,3
1.831000,215.10,38.567,23.130,409,346,72.000,71,71,18.000,39.000,55.000,278,203,324,160,148,148,148,148,148,148,1,0,0,3,30,1,28.000,1,1,2,2,153,1,0,0,74,0,0,154,1,0,2,0,1,1,1,1,1,1,0,0,0,29296,0,0,0,0,0,0,0,0,3
1.831250,215.21,38.580,23.130,409,346,72.000,71,71,18.000,39.000,55.000,278,203,324,160,148,148,148,148,148,148,1,0,0,3,30,1,28.000,1,1,2,2,153,1,0,0,74,0,0,154,1,0,2,0,1,1,1,1,1,1,0,0,0,29300,0,0,0,0,0,0,0,0,3
1.831500,215.32,38.592,23.130,410,346,72.000,71,71,18.000,39.000,55.000,278,203,324,160,148,148,148,148,148,148,1,0,0,3,30,1,28.000,1,1,2,2,153,1,0,0,74,0,0,154,1,0,2,0,1,1,1,1,1,1,0,0,0,29304,0,0,0,0,0,0,0,0,3
1.831750,215.42,38.604,23.130,410,346,72.000,71,71,18.000,39.000,55.000,278,203,324,160,148,148,148,148,148,148,1,0,0,3,30,1,28.000,1,1,2,2,153,1,0,0,74,0,0,154,1,0,2,0,1,1,1,1,1,1,0,0,0,29308,0,0,0,0,0,0,0,0,3
1.832000,215.53,38.616,23.130,410,346,72.000,71,71,18.000,39.000,55.000,278,203,324,160,148,148,148,148,148,148,1,0,0,3,30,1,28.000,1,1,2,2,153,1,0,0,74,0,0,154,1,0,2,0,1,1,1,1,1,1,0,0,0,29312,0,0,0,0,0,0,0,0,3
1.832250,215.64,38.628,23.190,411,346,72.000,71,71,18.000,39.000,55.000,278,203,324,160,148,148,148,148,148,148,1,0,0,3,30,1,28.000,1,1,2,2,153,1,0,0,74,0,0,154,1,0,2,0,1,1,1,1,1,1,0,0,0,29316,0,0,0,0,0,0,0,0,3
1.832500,215.75,38.640,23.190,411,347,72.000,71,71,18.000,39.000,55.000,278,203,325,160,148,148,148,148,148,148,1,0,0,3,30,1,28.000,1,1,2,2,153,1,0,0,74,0,0,154,1,0,2,0,1,1,1,1,1,1,0,0,0,29320,0,0,0,0,0,0,0,0,3
1.832750,215.86,38.652,23.190,411,347,72.000,71,71,18.000,39.000,55.000,278,203,325,160,148,148,148,148,148,148,1,0,0,3,30,1,28.000,1,1,2,2,153,1,0,0,74,0,0,154,1,0,2,0,1,1,1,1,1,1,0,0,0,29324,0,0,0,0,0,0,0,0,3
1.833000,215.96,38.663,23.190,411,347,72.000,71,71,18.000,39.000,55.000,278,203,325,160,148,148,148,148,148,148,1,0,0,3,30,1,28.000,1,1,2,2,153,1,0,0,74,0,0,154,1,0,2,0,1,1,1,1,1,1,0,0,0,29328,0,0,0,0,0,0,0,0,3
1.833250,216.07,38.674,23.190,412,347,72.000,71,71,18.000,39.000,55.000,278,203,325,160,148,148,148,148,148,148,1,0,0,3,30,1,28.000,1,1,2,2,153,1,0,0,74,0,0,154,1,0,2,0,1,1,1,1,1,1,0,0,0,29332,0,0,0,0,0,0,0,0,3
1.833500,216.18,38.685,23.190,412,347,72.000,71,71,18.000,39.000,55.000,278,203,325,160,148,148,148,148,148,148,1,0,0,3,30,1,28.000,1,1,2,2,153,1,0,0,74,0,0,154,1,0,2,0,1,1,1,1,1,1,0,0,0,29336,0,0,0,0,0,0,0,0,3
1.833750,216.29,38.696,23.190,412,347,72.000,71,71,18.000,39.000,55.000,278,203,325,160,148,148,148,148,148,148,1,0,0,3,30,1,28.000,1,1,2,2,153,1,0,0,74,0,0,154,1,0,2,0,1,1,1,1,1,1,0,0,0,29340,0,0,0,0,0,0,0,0,3
1.834000,216.40,38.707,23.240,413,347,72.000,71,71,18.000,39.000,55.000,279,203,325,160,148,148,148,148,148,148,1,0,0,3,30,1,28.000,1,1,2,2,153,1,0,0,74,0,0,154,1,0,2,0,1,1,1,1,1,1,0,0,0,29344,0,0,0,0,0,0,0,0,3
1.834250,216.50,38.717,23.240,413,347,72.000,71,71,18.000,39.000,55.000,279,203,325,160,148,148,148,148,148,148,1,0,0,3,30,1,28.000,1,1,2,2,153,1,0,0,74,0,0,154,1,0,2,0,1,1,1,1,1,1,0,0,0,29348,0,0,0,0,0,0,0,0,3
1.834500,216.61,38.728,23.240,413,348,72.000,71,71,18.000,39.000,55.000,279,204,326,160,149,149,149,149,149,149,1,0,0,3,30,1,28.000,1,1,2,2,153,1,0,0,74,0,0,154,1,0,2,0,1,1,1,1,1,1,0,0,0,29352,0,0,0,0,0,0,0,0,3
1.834750,216.72,38.738,23.240,413,348,72.000,71,71,18.000,39.000,55.000,279,204,326,160,149,149,149,149,149,149,1,0,0,3,30,1,28.000,1,1,2,2,153,1,0,0,74,0,0,154,1,0,2,0,1,1,1,1,1,1,0,0,0,29356,0,0,0,0,0,0,0,0,3
1.835000,216.83,38.748,23.240,414,348,72.000,71,71,18.000,39.000,55.000,279,204,326,160,149,149,149,149,149,149,1,0,0,3,30,1,28.000,1,1,2,2,153,1,0,0,74,0,0,154,1,0,2,0,1,1,1,1,1,1,0,0,0,29360,0,0,0,0,0,0,0,0,3
1.835250,216.94,38.758,23.240,414,348,72.000,71,71,18.000,39.000,55.000,279,204,326,160,149,149,149,149,149,149,1,0,0,3,30,1,28.000,1,1,2,2,153,1,0,0,74,0,0,154,1,0,2,0,1,1,1,1,1,1,0,0,0,29364,0,0,0,0,0,0,0,0,3
1.835500,217.04,38.768,23.240,414,348,72.000,71,71,18.000,39.000,55.000,279,204,326,160,149,149,149,149,149,149,1,0,0,3,30,1,28.000,1,1,2,2,153,1,0,0,74,0,0,154,1,0,2,0,1,1,1,1,1,1,0,0,0,29368,0,0,0,0,0,0,0,0,3
1.835750,217.15,38.777,23.240,415,348,72.000,71,71,18.000,39.000,55.000,279,204,326,160,149,149,149,149,149,149,1,0,0,3,30,1,28.000,1,1,2,2,153,1,0,0,74,0,0,154,1,0,2,0,1,1,1,1,1,1,0,0,0,29372,0,0,0,0,0,0,0,0,3
1.836000,217.26,38.787,23.300,415,348,72.000,71,71,18.000,39.000,55.000,280,204,326,160,149,149,149,149,149,149,1,0,0,3,30,1,28.000,1,1,2,2,153,1,0,0,74,0,0,154,1,0,2,0,1,1,1,1,1,1,0,0,0,29376,0,0,0,0,0,0,0,0,3
1.836250,217.37,38.796,23.300,415,349,72.000,71,71,18.000,39.000,55.000,280,204,327,160,149,149,149,149,149,149,1,0,0,3,30,1,28.000,1,1,2,2,153,1,0,0,74,0,0,154,1,0,2,0,1,1,1,1,1,1,0,0,0,29380,0,0,0,0,0,0,0,0,3
1.836500,217.48,38.805,23.300,415,349,72.000,71,71,18.000,39.000,55.000,280,204,327,160,149,149,149,149,149,149,1,0,0,3,30,1,28.000,1,1,2,2,153,1,0,0,74,0,0,154,1,0,2,0,1,1,1,1,1,1,0,0,0,29384,0,0,0,0,0,0,0,0,3
1.836750,217.58,38.814,23.300,416,349,72.000,71,71,18.000,39.000,55.000,280,204,327,160,149,149,149,149,149,149,1,0,0,3,30,1,28.000,1,1,3,3,154,1,0,0,75,0,0,155,1,0,2,0,1,1,1,1,1,1,0,0,0,29388,0,0,0,0,0,0,0,0,3
1.837000,217.69,38.823,23.300,416,349,72.000,71,71,18.000,39.000,55.000,280,204,327,160,149,149,149,149,149,149,1,0,0,3,30,1,28.000,1,1,3,3,154,1,0,0,75,0,0,155,1,0,2,0,1,1,1,1,1,1,0,0,0,29392,0,0,0,0,0,0,0,0,3
1.837250,217.80,38.831,23.300,416,349,72.000,71,71,18.000,39.000,55.000,280,204,327,160,149,149,149,149,149,149,1,0,0,3,30,1,28.000,1,1,3,3,154,1,0,0,75,0,0,155,1,0,2,0,1,1,1,1,1,1,0,0,0,29396,0,0,0,0,0,0,0,0,3
1.837500,217.91,38.840,23.300,416,349,72.000,71,71,18.000,39.000,55.000,280,204,327,160,149,149,149,149,149,149,1,0,0,3,30,1,28.000,1,1,3,3,154,1,0,0,75,0,0,155,1,0,2,0,1,1,1,1,1,1,0,0,0,29400,0,0,0,0,0,0,0,0,3
1.837750,218.02,38.848,23.300,417,349,72.000,71,71,18.000,39.000,55.000,280,204,327,160,149,149,149,149,149,149,1,0,0,3,30,1,28.000,1,1,3,3,154,1,0,0,75,0,0,155,1,0,2,0,1,1,1,1,1,1,0,0,0,29404,0,0,0,0,0,0,0,0,3
1.838000,218.12,38.856,23.300,417,350,72.000,71,71,18.000,39.000,55.000,280,205,329,160,150,150,150,150,150,150,1,0,0,3,30,1,28.000,1,1,3,3,154,1,0,0,75,0,0,155,1,0,2,0,1,1,1,1,1,1,0,0,0,29408,0,0,0,0,0,0,0,0,3
1.838250,218.23,38.864,23.300,417,350,72.000,71,71,18.000,39.000,55.000,280,205,329,160,150,150,150,150,150,150,1,0,0,3,30,1,28.000,1,1,3,3,154,1,0,0,75,0,0,155,1,0,2,0,1,1,1,1,1,1,0,0,0,29412,0,0,0,0,0,0,0,0,3
1.838500,218.34,38.872,23.300,417,350,72.000,71,71,18.000,39.000,55.000,280,205,329,160,150,150,150,150,150,150,1,0,0,3,30,1,28.000,1,1,3,3,154,1,0,0,75,0,0,155,1,0,2,0,1,1,1,1,1,1,0,0,0,29416,0,0,0,0,0,0,0,0,3
1.838750,218.45,38.879,23.300,418,350,72.000,71,71,18.000,39.000,55.000,280,205,329,160,150,150,150,150,150,150,1,0,0,3,30,1,28.000,1,1,3,3,154,1,0,0,75,0,0,155,1,0,2,0,1,1,1,1,1,1,0,0,0,29420,0,0,0,0,0,0,0,0,3
1.839000,218.56,38.886,23.350,418,350,72.000,71,71,18.000,39.000,55.000,280,205,329,160,150,150,150,150,150,150,1,0,0,3,30,1,28.000,1,1,3,3,154,1,0,0,75,0,0,155,1,0,2,0,1,1,1,1,1,1,0,0,0,29424,0,0,0,0,0,0,0,0,3
1.839250,218.66,38.894,23.350,418,350,72.000,71,71,18.000,39.000,55.000,280,205,329,160,150,150,150,150,150,150,1,0,0,3,30,1,28.000,1,1,3,3,154,1,0,0,75,0,0,155,1,0,2,0,1,1,1,1,1,1,0,0,0,29428,0,0,0,0,0,0,0,0,3
1.839500,218.77,38.901,23.350,419,350,72.000,71,71,18.000,39.000,55.000,280,205,329,160,150,150,150,150,150,150,1,0,0,3,30,1,28.000,1,1,3,3,154,1,0,0,75,0,0,155,1,0,2,0,1,1,1,1,1,1,0,0,0,29432,0,0,0,0,0,0,0,0,3
1.839750,218.88,38.908,23.350,419,351,72.000,71,71,18.000,39.000,55.000,280,206,330,160,150,150,150,150,150,150,1,0,0,3,30,1,28.000,1,1,3,3,154,1,0,0,75,0,0,155,1,0,2,0,1,1,1,1,1,1,0,0,0,29436,0,0,0,0,0,0,0,0,3
1.840000,218.99,38.914,23.350,419,351,72.000,71,71,18.000,39.000,55.000,280,206,330,160,150,150,150,150,150,150,1,0,0,3,30,1,28.000,1,1,3,3,154,1,0,0,75,0,0,155,1,0,2,0,1,1,1,1,1,1,0,0,0,29440,0,0,0,0,0,0,0,0,3
1.840250,219.10,38.921,23.350,419,351,72.000,71,71,18.000,39.000,55.000,280,206,330,160,150,150,150,150,150,150,1,0,0,3,30,1,28.000,1,1,3,3,154,1,0,0,75,0,0,155,1,0,2,0,1,1,1,1,1,1,0,0,0,29444,0,0,0,0,0,0,0,0,3
1.840500,219.20,38.927,23.350,420,351,72.000,71,71,18.000,39.000,55.000,280,206,330,160,150,150,150,150,150,150,1,0,0,3,30,1,28.000,1,1,3,3,154,1,0,0,75,0,0,155,1,0,2,0,1,1,1,1,1,1,0,0,0,29448,0,0,0,0,0,0,0,0,3
1.840750,219.31,38.933,23.350,420,351,72.000,71,71,18.000,39.000,55.000,280,206,330,160,150,150,150,150,150,150,1,0,0,3,30,1,28.000,1,1,3,3,154,1,0,0,75,0,0,155,1,0,2,0,1,1,1,1,1,1,0,0,0,29452,0,0,0,0,0,0,0,0,3
1.841000,219.42,38.939,23.350,420,351,72.000,71,71,18.000,39.000,55.000,280,206,330,160,150,150,150,150,150,150,1,0,0,3,30,1,28.000,1,1,3,3,154,1,0,0,75,0,0,155,1,0,2,0,1,1,1,1,1,1,0,0,0,29456,0,0,0,0,0,0,0,0,3
1.841250,219.53,38.945,23.350,420,351,72.000,71,71,18.000,39.000,55.000,280,206,330,160,150,150,150,150,150,150,1,0,0,3,30,1,28.000,1,1,3,3,154,1,0,0,75,0,0,155,1,0,2,0,1,1,1,1,1,1,0,0,0,29460,0,0,0,0,0,0,0,0,3
1.841500,219.64,38.951,23.350,421,352,72.000,71,71,18.000,39.000,55.000,280,206,331,160,151,151,151,151,151,151,1,0,0,3,30,1,28.000,1,1,3,3,154,1,0,0,75,0,0,155,1,0,2,0,1,1,1,1,1,1,0,0,0,29464,0,0,0,0,0,0,0,0,3
1.841750,219.74,38.956,23.350,421,352,72.000,71,71,18.000,39.000,55.000,280,206,331,160,151,151,151,151,151,151,1,0,0,3,30,1,28.000,1,1,3,3,154,1,0,0,75,0,0,155,1,0,2,0,1,1,1,1,1,1,0,0,0,29468,0,0,0,0,0,0,0,0,3
1.842000,219.85,38.962,23.350,421,352,72.000,71,71,18.000,39.000,55.000,280,206,331,160,151,151,151,151,151,151,1,0,0,3,30,1,28.000,1,1,3,3,154,1,0,0,75,0,0,155,1,0,2,0,1,1,1,1,1,1,0,0,0,29472,0,0,0,0,0,0,0,0,3
1.842250,219.96,38.967,23.350,421,352,72.000,71,71,18.000,39.000,55.000,280,206,331,160,151,151,151,151,151,151,1,0,0,3,30,1,28.000,1,1,3,3,154,1,0,0,75,0,0,155,1,0,2,0,1,1,1,1,1,1,0,0,0,29476,0,0,0,0,0,0,0,0,3
1.842500,220.07,38.972,23.410,422,352,72.000,71,71,18.000,39.000,55.000,281,206,331,160,151,151,151,151,151,151,1,0,0,3,30,1,28.000,1,1,3,3,154,1,0,0,75,0,0,155,1,0,2,0,1,1,1,1,1,1,0,0,0,29480,0,0,0,0,0,0,0,0,3
1.842750,220.18,38.977,23.410,422,352,72.000,71,71,18.000,39.000,55.000,281,206,331,160,151,151,151,151,151,151,1,0,0,3,30,1,28.000,1,1,3,3,154,1,0,0,75,0,0,155,1,0,2,0,1,1,1,1,1,1,0,0,0,29484,0,0,0,0,0,0,0,0,3
1.843000,220.28,38.981,23.410,422,352,72.000,71,71,18.000,39.000,55.000,281,206,331,160,151,151,151,151,151,151,1,0,0,3,30,1,28.000,1,1,3,3,154,1,0,0,75,0,0,155,1,0,2,0,1,1,1,1,1,1,0,0,0,29488,0,0,0,0,0,0,0,0,3
1.843250,220.39,38.986,23.410,422,353,72.000,71,71,18.000,39.000,55.000,281,207,332,160,151,151,151,151,151,151,1,0,0,3,30,1,28.000,1,1,3,3,154,1,0,0,75,0,0,155,1,0,2,0,1,1,1,1,1,1,0,0,0,29492,0,0,0,0,0,0,0,0,3
1.843500,220.50,38.990,23.410,422,353,72.000,71,71,18.000,39.000,55.000,281,207,332,160,151,151,151,151,151,151,1,0,0,3,30,1,28.000,1,1,3,3,154,1,0,0,75,0,0,155,1,0,2,0,1,1,1,1,1,1,0,0,0,29496,0,0,0,0,0,0,0,0,3
1.843750,220.61,38.994,23.410,423,353,72.000,71,71,18.000,39.000,55.000,281,207,332,160,151,151,151,151,151,151,1,0,0,3,30,1,28.000,1,1,3,3,154,1,0,0,75,0,0,155,1,0,2,0,1,1,1,1,1,1,0,0,0,29500,0,0,0,0,0,0,0,0,3
1.844000,220.72,38.998,23.410,423,353,72.000,71,71,18.000,39.000,55.000,281,207,332,160,151,151,151,151,151,151,1,0,0,3,30,1,28.000,1,1,3,3,154,1,0,0,75,0,0,155,1,0,2,0,1,1,1,1,1,1,0,0,0,29504,0,0,0,0,0,0,0,0,3
1.844250,220.82,39.002,23.410,423,353,72.000,71,71,18.000,39.000,55.000,281,207,332,160,151,151,151,151,151,151,1,0,0,3,30,1,28.000,1,1,3,3,154,1,0,0,75,0,0,155,1,0,2,0,1,1,1,1,1,1,0,0,0,29508,0,0,0,0,0,0,0,0,3
1.844500,220.93,39.006,23.410,423,353,72.000,71,71,18.000,39.000,55.000,281,207,332,160,151,151,151,151,151,151,1,0,0,3,30,1,28.000,1,1,3,3,154,1,0,0,75,0,0,155,1,0,2,0,1,1,1,1,1,1,0,0,0,29512,0,0,0,0,0,0,0,0,3
1.844750,221.04,39.009,23.410,424,353,72.000,71,71,18.000,39.000,55.000,281,207,332,160,151,151,151,151,151,151,1,0,0,3,30,1,28.000,1,1,3,3,154,1,0,0,75,0,0,155,1,0,2,0,1,1,1,1,1,1,0,0,0,29516,0,0,0,0,0,0,0,0,3
1.845000,221.15,39.012,23.410,424,354,72.000,71,71,18.000,39.000,55.000,281,208,333,160,151,151,151,151,151,151,1,0,0,3,30,1,28.000,1,1,3,3,154,1,0,0,75,0,0,155,1,0,2,0,1,1,1,1,1,1,0,0,0,29520,0,0,0,0,0,0,0,0,3
1.845250,221.26,39.015,23.410,424,354,72.000,71,71,18.000,39.000,55.000,281,208,333,160,151,151,151,151,151,151,1,0,0,3,30,1,28.000,1,1,1,1,155,1,0,0,76,0,0,156,1,0,2,0,1,1,1,1,1,1,0,0,0,29524,0,0,0,0,0,0,0,0,3
1.845500,221.36,39.018,23.410,424,354,72.000,71,71,18.000,39.000,55.000,281,208,333,160,151,151,151,151,151,151,1,0,0,3,30,1,28.000,1,1,1,1,155,1,0,0,76,0,0,156,1,0,2,0,1,1,1,1,1,1,0,0,0,29528,0,0,0,0,0,0,0,0,3
1.845750,221.47,39.021,23.410,425,354,72.000,71,71,18.000,39.000,55.000,281,208,333,160,151,151,151,151,151,151,1,0,0,3,30,1,28.000,1,1,1,1,155,1,0,0,76,0,0,156,1,0,2,0,1,1,1,1,1,1,0,0,0,29532,0,0,0,0,0,0,0,0,3
1.846000,221.58,39.024,23.410,425,354,72.000,71,71,18.000,39.000,55.000,281,208,333,160,151,151,151,151,151,151,1,0,0,3,30,1,28.000,1,1,1,1,155,1,0,0,76,0,0,156,1,0,2,0,1,1,1,1,1,1,0,0,0,29536,0,0,0,0,0,0,0,0,3
1.846250,221.69,39.026,23.410,425,354,72.000,71,71,18.000,39.000,55.000,281,208,333,160,151,151,151,151,151,151,1,0,0,3,30,1,28.000,1,1,1,1,155,1,0,0,76,0,0,156,1,0,2,0,1,1,1,1,1,1,0,0,0,29540,0,0,0,0,0,0,0,0,3
1.846500,221.80,39.028,23.410,425,354,72.000,71,71,18.000,39.000,55.000,281,208,333,160,151,151,151,151,151,151,1,0,0,3,30,1,28.000,1,1,1,1,155,1,0,0,76,0,0,156,1,0,2,0,1,1,1,1,1,1,0,0,0,29544,0,0,0,0,0,0,0,0,3
1.846750,221.90,39.030,23.410,425,355,72.000,71,71,18.000,39.000,55.000,281,208,334,160,152,152,152,152,152,152,1,0,0,3,30,1,28.000,1,1,1,1,155,1,0,0,76,0,0,156,1,0,2,0,1,1,1,1,1,1,0,0,0,29548,0,0,0,0,0,0,0,0,3
1.847000,222.01,39.032,23.410,426,355,72.000,71,71,18.000,39.000,55.000,281,208,334,160,152,152,152,152,152,152,1,0,0,3,30,1,28.000,1,1,1,1,155,1,0,0,76,0,0,156,1,0,2,0,1,1,1,1,1,1,0,0,0,29552,0,0,0,0,0,0,0,0,3
1.847250,222.12,39.034,23.410,426,355,72.000,71,71,18.000,39.000,55.000,281,208,334,160,152,152,152,152,152,152,1,0,0,3,30,1,28.000,1,1,1,1,155,1,0,0,76,0,0,156,1,0,2,0,1,1,1,1,1,1,0,0,0,29556,0,0,0,0,0,0,0,0,3
1.847500,222.23,39.036,23.410,426,355,72.000,71,71,18.000,39.000,55.000,281,208,334,160,152,152,152,152,152,152,1,0,0,3,30,1,28.000,1,1,1,1,155,1,0,0,76,0,0,156,1,0,2,0,1,1,1,1,1,1,0,0,0,29560,0,0,0,0,0,0,0,0,3
1.847750,222.34,39.037,23.410,426,355,72.000,71,71,18.000,39.000,55.000,281,208,334,160,152,152,152,152,152,152,1,0,0,3,30,1,28.000,1,1,1,1,155,1,0,0,76,0,0,156,1,0,2,0,1,1,1,1,1,1,0,0,0,29564,0,0,0,0,0,0,0,0,3
1.848000,222.44,39.038,23.410,427,355,72.000,71,71,18.000,39.000,55.000,281,208,334,160,152,152,152,152,152,152,1,0,0,3,30,1,28.000,1,1,1,1,155,1,0,0,76,0,0,156,1,0,2,0,1,1,1,1,1,1,0,0,0,29568,0,0,0,0,0,0,0,0,3
1.848250,222.55,39.039,23.410,427,355,72.000,71,71,18.000,39.000,55.000,281,208,334,160,152,152,152,152,152,152,1,0,0,3,30,1,28.000,1,1,1,1,155,1,0,0,76,0,0,156,1,0,2,0,1,1,1,1,1,1,0,0,0,29572,0,0,0,0,0,0,0,0,3
1.848500,222.66,39.040,23.410,427,356,72.000,71,71,18.000,39.000,55.000,281,209,335,160,152,152,152,152,152,152,1,0,0,3,30,1,28.000,1,1,1,1,155,1,0,0,76,0,0,156,1,0,2,0,1,1,1,1,1,1,0,0,0,29576,0,0,0,0,0,0,0,0,3
1.848750,222.77,39.041,23.410,427,356,72.000,71,71,18.000,39.000,55.000,281,209,335,160,152,152,152,152,152,152,1,0,0,3,30,1,28.000,1,1,1,1,155,1,0,0,76,0,0,156,1,0,2,0,1,1,1,1,1,1,0,0,0,29580,0,0,0,0,0,0,0,0,3
1.849000,222.88,39.041,23.410,427,356,72.000,71,71,18.000,39.000,55.000,281,209,335,160,152,152,152,152,152,152,1,0,0,3,30,1,28.000,1,1,1,1,155,1,0,0,76,0,0,156,1,0,2,0,1,1,1,1,1,1,0,0,0,29584,0,0,0,0,0,0,0,0,3
1.849250,222.98,39.042,23.410,428,356,72.000,71,71,18.000,39.000,55.000,281,209,335,160,152,152,152,152,152,152,1,0,0,3,30,1,28.000,1,1,1,1,155,1,0,0,76,0,0,156,1,0,2,0,1,1,1,1,1,1,0,0,0,29588,0,0,0,0,0,0,0,0,3
1.849500,223.09,39.042,23.410,428,356,72.000,71,71,18.000,39.000,55.000,281,209,335,160,152,152,152,152,152,152,1,0,0,3,30,1,28.000,1,1,1,1,155,1,0,0,76,0,0,156,1,0,2,0,1,1,1,1,1,1,0,0,0,29592,0,0,0,0,0,0,0,0,3
1.849750,223.20,39.042,23.410,428,356,72.000,71,71,18.000,39.000,55.000,281,209,335,160,152,152,152,152,152,152,1,0,0,3,30,1,28.000,1,1,1,1,155,1,0,0,76,0,0,156,1,0,2,0,1,1,1,1,1,1,0,0,0,29596,0,0,0,0,0,0,0,0,3
1.850000,223.31,39.042,23.410,428,356,72.000,71,71,18.000,39.000,55.000,281,209,335,160,152,152,152,152,152,152,1,0,0,3,30,1,28.000,1,1,1,1,155,1,0,0,76,0,0,156,1,0,2,0,1,1,1,1,1,1,0,0,0,29600,0,0,0,0,0,0,0,0,3
1.850250,223.42,39.041,23.410,428,357,72.000,71,71,18.000,39.000,55.000,281,210,336,160,153,153,153,153,153,153,1,0,0,3,30,1,28.000,1,1,1,1,155,1,0,0,76,0,0,156,1,0,2,0,1,1,1,1,1,1,0,0,0,29604,0,0,0,0,0,0,0,0,3
1.850500,223.52,39.041,23.410,429,357,72.000,71,71,18.000,39.000,55.000,281,210,336,160,153,153,153,153,153,153,1,0,0,3,30,1,28.000,1,1,1,1,155,1,0,0,76,0,0,156,1,0,2,0,1,1,1,1,1,1,0,0,0,29608,0,0,0,0,0,0,0,0,3
1.850750,223.63,39.040,23.410,429,357,72.000,71,71,18.000,39.000,55.000,281,210,336,160,153,153,153,153,153,153,1,0,0,3,30,1,28.000,1,1,1,1,155,1,0,0,76,0,0,156,1,0,2,0,1,1,1,1,1,1,0,0,0,29612,0,0,0,0,0,0,0,0,3
1.851000,223.74,39.039,23.410,429,357,72.000,71,71,18.000,39.000,55.000,281,210,336,160,153,153,153,153,153,153,1,0,0,3,30,1,28.000,1,1,1,1,155,1,0,0,76,0,0,156,1,0,2,0,1,1,1,1,1,1,0,0,0,29616,0,0,0,0,0,0,0,0,3
1.851250,223.85,39.038,23.410,429,357,72.000,71,71,18.000,39.000,55.000,281,210,336,160,153,153,153,153,153,153,1,0,0,3,30,1,28.000,1,1,1,1,155,1,0,0,76,0,0,156,1,0,2,0,1,1,1,1,1,1,0,0,0,29620,0,0,0,0,0,0,0,0,3
1.851500,223.96,39.037,23.410,429,357,72.000,71,71,18.000,39.000,55.000,281,210,336,160,153,153,153,153,153,153,1,0,0,3,30,1,28.000,1,1,1,1,155,1,0,0,76,0,0,156,1,0,2,0,1,1,1,1,1,1,0,0,0,29624,0,0,0,0,0,0,0,0,3
1.851750,224.06,39.035,23.410,429,357,72.000,71,71,18.000,39.000,55.000,281,210,336,160,153,153,153,153,153,153,1,0,0,3,30,1,28.000,1,1,1,1,155,1,0,0,76,0,0,156,1,0,2,0,1,1,1,1,1,1,0,0,0,29628,0,0,0,0,0,0,0,0,3
1.852000,224.17,39.034,23.410,430,358,72.000,71,71,18.000,39.000,55.000,281,210,337,160,153,153,153,153,153,153,1,0,0,3,30,1,28.000,1,1,1,1,155,1,0,0,76,0,0,156,1,0,2,0,1,1,1,1,1,1,0,0,0,29632,0,0,0,0,0,0,0,0,3
1.852250,224.28,39.032,23.410,430,358,72.000,71,71,18.000,39.000,55.000,281,210,337,160,153,153,153,153,153,153,1,0,0,3,30,1,28.000,1,1,1,1,155,1,0,0,76,0,0,156,1,0,2,0,1,1,1,1,1,1,0,0,0,29636,0,0,0,0,0,0,0,0,3
1.852500,224.39,39.030,23.410,430,358,72.000,71,71,18.000,39.000,55.000,281,210,337,160,153,153,153,153,153,153,1,0,0,3,30,1,28.000,1,1,1,1,155,1,0,0,76,0,0,156,1,0,2,0,1,1,1,1,1,1,0,0,0,29640,0,0,0,0,0,0,0,0,3
1.852750,224.50,39.028,23.410,430,358,72.000,71,71,18.000,39.000,55.000,281,210,337,160,153,153,153,153,153,153,1,0,0,3,30,1,28.000,1,1,1,1,155,1,0,0,76,0,0,156,1,0,2,0,1,1,1,1,1,1,0,0,0,29644,0,0,0,0,0,0,0,0,3
1.853000,224.60,39.026,23.410,430,358,72.000,71,71,18.000,39.000,55.000,281,210,337,160,153,153,153,153,153,153,1,0,0,3,30,1,28.000,1,1,1,1,155,1,0,0,76,0,0,156,1,0,2,0,1,1,1,1,1,1,0,0,0,29648,0,0,0,0,0,0,0,0,3
1.853250,224.71,39.023,23.410,431,358,72.000,71,71,18.000,39.000,55.000,281,210,337,160,153,153,153,153,153,153,1,0,0,3,30,1,28.000,1,1,1,1,155,1,0,0,76,0,0,156,1,0,2,0,1,1,1,1,1,1,0,0,0,29652,0,0,0,0,0,0,0,0,3
1.853500,224.82,39.021,23.410,431,359,72.000,71,71,18.000,39.000,55.000,281,211,338,160,154,154,154,154,154,154,1,0,0,3,30,1,28.000,1,1,1,1,155,1,0,0,76,0,0,156,1,0,2,0,1,1,1,1,1,1,0,0,0,29656,0,0,0,0,0,0,0,0,3
1.853750,224.93,39.018,23.410,431,359,72.000,71,71,18.000,39.000,55.000,281,211,338,160,154,154,154,154,154,154,1,0,0,3,30,1,28.000,1,1,1,1,155,1,0,0,76,0,0,156,1,0,2,0,1,1,1,1,1,1,0,0,0,29660,0,0,0,0,0,0,0,0,3
1.854000,225.04,39.015,23.410,431,359,72.000,71,71,18.000,39.000,55.000,281,211,338,160,154,154,154,154,154,154,1,0,0,3,30,1,28.000,1,1,0,0,156,1,0,0,77,0,0,157,1,0,2,0,1,1,1,1,1,1,0,0,0,29664,0,0,0,0,0,0,0,0,3
1.854250,225.14,39.012,23.410,431,359,72.000,71,71,18.000,39.000,55.000,281,211,338,160,154,154,154,154,154,154,1,0,0,3,30,1,28.000,1,1,0,0,156,1,0,0,77,0,0,157,1,0,2,0,1,1,1,1,1,1,0,0,0,29668,0,0,0,0,0,0,0,0,3
1.854500,225.25,39.009,23.410,431,359,72.000,71,71,18.000,39.000,55.000,281,211,338,160,154,154,154,154,154,154,1,0,0,3,30,1,28.000,1,1,0,0,156,1,0,0,77,0,0,157,1,0,2,0,1,1,1,1,1,1,0,0,0,29672,0,0,0,0,0,0,0,0,3
1.854750,225.36,39.005,23.410,432,359,72.000,71,71,18.000,39.000,55.000,281,211,338,160,154,154,154,154,154,154,1,0,0,3,30,1,28.000,1,1,0,0,156,1,0,0,77,0,0,157,1,0,2,0,1,1,1,1,1,1,0,0,0,29676,0,0,0,0,0,0,0,0,3
1.855000,225.47,39.002,23.410,432,359,72.000,71,71,18.000,39.000,55.000,281,211,338,160,154,154,154,154,154,154,1,0,0,3,30,1,28.000,1,1,0,0,156,1,0,0,77,0,0,157,1,0,2,0,1,1,1,1,1,1,0,0,0,29680,0,0,0,0,0,0,0,0,3
1.855250,225.58,38.998,23.410,432,360,72.000,71,71,18.000,39.000,55.000,281,212,339,160,154,154,154,154,154,154,1,0,0,3,30,1,28.000,1,1,0,0,156,1,0,0,77,0,0,157,1,0,2,0,1,1,1,1,1,1,0,0,0,29684,0,0,0,0,0,0,0,0,3
1.855500,225.68,38.994,23.410,432,360,72.000,71,71,18.000,39.000,55.000,281,212,339,160,154,154,154,154,154,154,1,0,0,3,30,1,28.000,1,1,0,0,156,1,0,0,77,0,0,157,1,0,2,0,1,1,1,1,1,1,0,0,0,29688,0,0,0,0,0,0,0,0,3
1.855750,225.79,38.990,23.410,432,360,72.000,71,71,18.000,39.000,55.000,281,212,339,160,154,154,154,154,154,154,1,0,0,3,30,1,28.000,1,1,0,0,156,1,0,0,77,0,0,157,1,0,2,0,1,1,1,1,1,1,0,0,0,29692,0,0,0,0,0,0,0,0,3
1.856000,225.90,38.985,23.410,433,360,72.000,71,71,18.000,39.000,55.000,281,212,339,160,154,154,154,154,154,154,1,0,0,3,30,1,28.000,1,1,0,0,156,1,0,0,77,0,0,157,1,0,2,0,1,1,1,1,1,1,0,0,0,29696,0,0,0,0,0,0,0,0,3
1.856250,226.01,38.981,23.410,433,360,72.000,71,71,18.000,39.000,55.000,281,212,339,160,154,154,154,154,154,154,1,0,0,3,30,1,28.000,1,1,0,0,156,1,0,0,77,0,0,157,1,0,2,0,1,1,1,1,1,1,0,0,0,29700,0,0,0,0,0,0,0,0,3
1.856500,226.12,38.976,23.410,433,360,72.000,71,71,18.000,39.000,55.000,281,212,339,160,154,154,154,154,154,154,1,0,0,3,30,1,28.000,1,1,0,0,156,1,0,0,77,0,0,157,1,0,2,0,1,1,1,1,1,1,0,0,0,29704,0,0,0,0,0,0,0,0,3
1.856750,226.22,38.971,23.410,433,360,72.000,71,71,18.000,39.000,55.000,281,212,339,160,154,154,154,154,154,154,1,0,0,3,30,1,28.000,1,1,0,0,156,1,0,0,77,0,0,157,1,0,2,0,1,1,1,1,1,1,0,0,0,29708,0,0,0,0,0,0,0,0,3
1.857000,226.33,38.966,23.350,433,361,72.000,71,71,18.000,39.000,55.000,280,212,340,160,155,155,155,155,155,155,1,0,0,3,30,1,28.000,1,1,0,0,156,1,0,0,77,0,0,157,1,0,2,0,1,1,1,1,1,1,0,0,0,29712,0,0,0,0,0,0,0,0,3
1.857250,226.44,38.961,23.350,433,361,72.000,71,71,18.000,39.000,55.000,280,212,340,160,155,155,155,155,155,155,1,0,0,3,30,1,28.000,1,1,0,0,156,1,0,0,77,0,0,157,1,0,2,0,1,1,1,1,1,1,0,0,0,29716,0,0,0,0,0,0,0,0,3
1.857500,226.55,38.955,23.350,433,361,72.000,71,71,18.000,39.000,55.000,280,212,340,160,155,155,155,155,155,155,1,0,0,3,30,1,28.000,1,1,0,0,156,1,0,0,77,0,0,157,1,0,2,0,1,1,1,1,1,1,0,0,0,29720,0,0,0,0,0,0,0,0,3
1.857750,226.66,38.950,23.350,434,361,72.000,71,71,18.000,39.000,55.000,280,212,340,160,155,155,155,155,155,155,1,0,0,3,30,1,28.000,1,1,0,0,156,1,0,0,77,0,0,157,1,0,2,0,1,1,1,1,1,1,0,0,0,29724,0,0,0,0,0,0,0,0,3
1.858000,226.76,38.944,23.350,434,361,72.000,71,71,18.000,39.000,55.000,280,212,340,160,155,155,155,155,155,155,1,0,0,3,30,1,28.000,1,1,0,0,156,1,0,0,77,0,0,157,1,0,2,0,1,1,1,1,1,1,0,0,0,29728,0,0,0,0,0,0,0,0,3
1.858250,226.87,38.938,23.350,434,361,72.000,71,71,18.000,39.000,55.000,280,212,340,160,155,155,155,155,155,155,1,0,0,3,30,1,28.000,1,1,0,0,156,1,0,0,77,0,0,157,1,0,2,0,1,1,1,1,1,1,0,0,0,29732,0,0,0,0,0,0,0,0,3
1.858500,226.98,38.932,23.350,434,362,72.000,71,71,18.000,39.000,55.000,280,213,341,160,155,155,155,155,155,155,1,0,0,3,30,1,28.000,1,1,0,0,156,1,0,0,77,0,0,157,1,0,2,0,1,1,1,1,1,1,0,0,0,29736,0,0,0,0,0,0,0,0,3
1.858750,227.09,38.926,23.350,434,362,72.000,71,71,18.000,39.000,55.000,280,213,341,160,155,155,155,155,155,155,1,0,0,3,30,1,28.000,1,1,0,0,156,1,0,0,77,0,0,157,1,0,2,0,1,1,1,1,1,1,0,0,0,29740,0,0,0,0,0,0,0,0,3
1.859000,227.20,38.920,23.350,434,362,72.000,71,71,18.000,39.000,55.000,280,213,341,160,155,155,155,155,155,155,1,0,0,3,30,1,28.000,1,1,0,0,156,1,0,0,77,0,0,157,1,0,2,0,1,1,1,1,1,1,0,0,0,29744,0,0,0,0,0,0,0,0,3
1.859250,227.30,38.913,23.350,434,362,72.000,71,71,18.000,39.000,55.000,280,213,341,160,155,155,155,155,155,155,1,0,0,3,30,1,28.000,1,1,0,0,156,1,0,0,77,0,0,157,1,0,2,0,1,1,1,1,1,1,0,0,0,29748,0,0,0,0,0,0,0,0,3
1.859500,227.41,38.906,23.350,435,362,72.000,71,71,18.000,39.000,55.000,280,213,341,160,155,155,155,155,155,155,1,0,0,3,30,1,28.000,1,1,0,0,156,1,0,0,77,0,0,157,1,0,2,0,1,1,1,1,1,1,0,0,0,29752,0,0,0,0,0,0,0,0,3
1.859750,227.52,38.899,23.350,435,362,72.000,71,71,18.000,39.000,55.000,280,213,341,160,155,155,155,155,155,155,1,0,0,3,30,1,28.000,1,1,0,0,156,1,0,0,77,0,0,157,1,0,2,0,1,1,1,1,1,1,0,0,0,29756,0,0,0,0,0,0,0,0,3
1.860000,227.63,38.892,23.350,435,362,72.000,71,71,18.000,39.000,55.000,280,213,341,160,155,155,155,155,155,155,1,0,0,3,30,1,28.000,1,1,0,0,156,1,0,0,77,0,0,157,1,0,2,0,1,1,1,1,1,1,0,0,0,29760,0,0,0,0,0,0,0,0,3
1.860250,227.74,38.885,23.300,435,363,72.000,71,71,18.000,39.000,55.000,280,214,342,160,156,156,156,156,156,156,1,0,0,3,30,1,28.000,1,1,0,0,156,1,0,0,77,0,0,157,1,0,2,0,1,1,1,1,1,1,0,0,0,29764,0,0,0,0,0,0,0,0,3
1.860500,227.84,38.877,23.300,435,363,72.000,71,71,18.000,39.000,55.000,280,214,342,160,156,156,156,156,156,156,1,0,0,3,30,1,28.000,1,1,0,0,156,1,0,0,77,0,0,157,1,0,2,0,1,1,1,1,1,1,0,0,0,29768,0,0,0,0,0,0,0,0,3
1.860750,227.95,38.870,23.300,435,363,72.000,71,71,18.000,39.000,55.000,280,214,342,160,156,156,156,156,156,156,1,0,0,3,30,1,28.000,1,1,0,0,156,1,0,0,77,0,0,157,1,0,2,0,1,1,1,1,1,1,0,0,0,29772,0,0,0,0,0,0,0,0,3
1.861000,228.06,38.862,23.300,435,363,72.000,71,71,18.000,39.000,55.000,280,214,342,160,156,156,156,156,156,156,1,0,0,3,30,1,28.000,1,1,0,0,156,1,0,0,77,0,0,157,1,0,2,0,1,1,1,1,1,1,0,0,0,29776,0,0,0,0,0,0,0,0,3
1.861250,228.17,38.854,23.300,436,363,72.000,71,71,18.000,39.000,55.000,280,214,342,160,156,156,156,156,156,156,1,0,0,3,30,1,28.000,1,1,0,0,156,1,0,0,77,0,0,157,1,0,2,0,1,1,1,1,1,1,0,0,0,29780,0,0,0,0,0,0,0,0,3
1.861500,228.28,38.846,23.300,436,363,72.000,71,71,18.000,39.000,55.000,280,214,342,160,156,156,156,156,156,156,1,0,0,3,30,1,28.000,1,1,0,0,156,1,0,0,77,0,0,157,1,0,2,0,1,1,1,1,1,1,0,0,0,29784,0,0,0,0,0,0,0,0,3
1.861750,228.38,38.838,23.300,436,363,72.000,71,71,18.000,39.000,55.000,280,214,342,160,156,156,156,156,156,156,1,0,0,3,30,1,28.000,1,1,0,0,156,1,0,0,77,0,0,157,1,0,2,0,1,1,1,1,1,1,0,0,0,29788,0,0,0,0,0,0,0,0,3
1.862000,228.49,38.829,23.300,436,364,72.000,71,71,18.000,39.000,55.000,280,214,343,160,156,156,156,156,156,156,1,0,0,3,30,1,28.000,1,1,0,0,156,1,0,0,77,0,0,157,1,0,2,0,1,1,1,1,1,1,0,0,0,29792,0,0,0,0,0,0,0,0,3
1.862250,228.60,38.820,23.300,436,364,72.000,71,71,18.000,39.000,55.000,280,214,343,160,156,156,156,156,156,156,1,0,0,3,30,1,28.000,1,1,0,0,156,1,0,0,77,0,0,157,1,0,2,0,1,1,1,1,1,1,0,0,0,29796,0,0,0,0,0,0,0,0,3
1.862500,228.71,38.812,23.300,436,364,72.000,71,71,18.000,39.000,55.000,280,214,343,160,156,156,156,156,156,156,1,0,0,3,30,1,28.000,1,1,0,0,156,1,0,0,77,0,0,157,1,0,2,0,1,1,1,1,1,1,0,0,0,29800,0,0,0,0,0,0,0,0,3
1.862750,228.82,38.803,23.300,436,364,72.000,71,71,18.000,39.000,55.000,280,214,343,160,156,156,156,156,156,156,1,0,0,3,30,1,28.000,1,1,2,2,157,1,0,0,78,0,0,158,1,0,2,0,1,1,1,1,1,1,0,0,0,29804,0,0,0,0,0,0,0,0,3
1.863000,228.92,38.793,23.300,436,364,72.000,71,71,18.000,39.000,55.000,280,214,343,160,156,156,156,156,156,156,1,0,0,3,30,1,28.000,1,1,2,2,157,1,0,0,78,0,0,158,1,0,2,0,1,1,1,1,1,1,0,0,0,29808,0,0,0,0,0,0,0,0,3
1.863250,229.03,38.784,23.240,437,364,72.000,71,71,18.000,39.000,55.000,279,214,343,160,156,156,156,156,156,156,1,0,0,3,30,1,28.000,1,1,2,2,157,1,0,0,78,0,0,158,1,0,2,0,1,1,1,1,1,1,0,0,0,29812,0,0,0,0,0,0,0,0,3
1.863500,229.14,38.775,23.240,437,364,72.000,71,71,18.000,39.000,55.000,279,214,343,160,156,156,156,156,156,156,1,0,0,3,30,1,28.000,1,1,2,2,157,1,0,0,78,0,0,158,1,0,2,0,1,1,1,1,1,1,0,0,0,29816,0,0,0,0,0,0,0,0,3
1.863750,229.25,38.765,23.240,437,365,72.000,71,71,18.000,39.000,55.000,279,215,344,160,157,157,157,157,157,157,1,0,0,3,30,1,28.000,1,1,2,2,157,1,0,0,78,0,0,158,1,0,2,0,1,1,1,1,1,1,0,0,0,29820,0,0,0,0,0,0,0,0,3
1.864000,229.36,38.755,23.240,437,365,72.000,71,71,18.000,39.000,55.000,279,215,344,160,157,157,157,157,157,157,1,0,0,3,30,1,28.000,1,1,2,2,157,1,0,0,78,0,0,158,1,0,2,0,1,1,1,1,1,1,0,0,0,29824,0,0,0,0,0,0,0,0,3
1.864250,229.46,38.745,23.240,437,365,72.000,71,71,18.000,39.000,55.000,279,215,344,160,157,157,157,157,157,157,1,0,0,3,30,1,28.000,1,1,2,2,157,1,0,0,78,0,0,158,1,0,2,0,1,1,1,1,1,1,0,0,0,29828,0,0,0,0,0,0,0,0,3
1.864500,229.57,38.735,23.240,437,365,72.000,71,71,18.000,39.000,55.000,279,215,344,160,157,157,157,157,157,157,1,0,0,3,30,1,28.000,1,1,2,2,157,1,0,0,78,0,0,158,1,0,2,0,1,1,1,1,1,1,0,0,0,29832,0,0,0,0,0,0,0,0,3
1.864750,229.68,38.724,23.240,437,365,72.000,71,71,18.000,39.000,55.000,279,215,344,160,157,157,157,157,157,157,1,0,0,3,30,1,28.000,1,1,2,2,157,1,0,0,78,0,0,158,1,0,2,0,1,1,1,1,1,1,0,0,0,29836,0,0,0,0,0,0,0,0,3
1.865000,229.79,38.714,23.240,437,365,72.000,71,71,18.000,39.000,55.000,279,215,344,160,157,157,157,157,157,157,1,0,0,3,30,1,28.000,1,1,2,2,157,1,0,0,78,0,0,158,1,0,2,0,1,1,1,1,1,1,0,0,0,29840,0,0,0,0,0,0,0,0,3
1.865250,229.90,38.703,23.240,437,366,72.000,71,71,18.000,39.000,55.000,279,216,345,160,157,157,157,157,157,157,1,0,0,3,30,1,28.000,1,1,2,2,157,1,0,0,78,0,0,158,1,0,2,0,1,1,1,1,1,1,0,0,0,29844,0,0,0,0,0,0,0,0,3
1.865500,230.00,38.692,23.190,438,366,72.000,71,71,18.000,39.000,55.000,278,216,345,160,157,157,157,157,157,157,1,0,0,3,30,1,28.000,1,1,2,2,157,1,0,0,78,0,0,158,1,0,2,0,1,1,1,1,1,1,0,0,0,29848,0,0,0,0,0,0,0,0,3
1.865750,230.11,38.681,23.190,438,366,72.000,71,71,18.000,39.000,55.000,278,216,345,160,157,157,157,157,157,157,1,0,0,3,30,1,28.000,1,1,2,2,157,1,0,0,78,0,0,158,1,0,2,0,1,1,1,1,1,1,0,0,0,29852,0,0,0,0,0,0,0,0,3
1.866000,230.22,38.670,23.190,438,366,72.000,71,71,18.000,39.000,55.000,278,216,345,160,157,157,157,157,157,157,1,0,0,3,30,1,28.000,1,1,2,2,157,1,0,0,78,0,0,158,1,0,2,0,1,1,1,1,1,1,0,0,0,29856,0,0,0,0,0,0,0,0,3
1.866250,230.33,38.659,23.190,438,366,72.000,71,71,18.000,39.000,55.000,278,216,345,160,157,157,157,157,157,157,1,0,0,3,30,1,28.000,1,1,2,2,157,1,0,0,78,0,0,158,1,0,2,0,1,1,1,1,1,1,0,0,0,29860,0,0,0,0,0,0,0,0,3
1.866500,230.44,38.647,23.190,438,366,72.000,71,71,18.000,39.000,55.000,278,216,345,160,157,157,157,157,157,157,1,0,0,3,30,1,28.000,1,1,2,2,157,1,0,0,78,0,0,158,1,0,2,0,1,1,1,1,1,1,0,0,0,29864,0,0,0,0,0,0,0,0,3
1.866750,230.54,38.635,23.190,438,366,72.000,71,71,18.000,39.000,55.000,278,216,345,160,157,157,157,157,157,157,1,0,0,3,30,1,28.000,1,1,2,2,157,1,0,0,78,0,0,158,1,0,2,0,1,1,1,1,1,1,0,0,0,29868,0,0,0,0,0,0,0,0,3
1.867000,230.65,38.623,23.190,438,367,72.000,71,71,18.000,39.000,55.000,278,216,346,160,158,158,158,158,158,158,1,0,0,3,30,1,28.000,1,1,2,2,157,1,0,0,78,0,0,158,1,0,2,0,1,1,1,1,1,1,0,0,0,29872,0,0,0,0,0,0,0,0,3
1.867250,230.76,38.611,23.130,438,367,72.000,71,71,18.000,39.000,55.000,278,216,346,160,158,158,158,158,158,158,1,0,0,3,30,1,28.000,1,1,2,2,157,1,0,0,78,0,0,158,1,0,2,0,1,1,1,1,1,1,0,0,0,29876,0,0,0,0,0,0,0,0,3
1.867500,230.87,38.599,23.130,438,367,72.000,71,71,18.000,39.000,55.000,278,216,346,160,158,158,158,158,158,158,1,0,0,3,30,1,28.000,1,1,2,2,157,1,0,0,78,0,0,158,1,0,2,0,1,1,1,1,1,1,0,0,0,29880,0,0,0,0,0,0,0,0,3
1.867750,230.98,38.587,23.130,438,367,72.000,71,71,18.000,39.000,55.000,278,216,346,160,158,158,158,158,158,158,1,0,0,3,30,1,28.000,1,1,2,2,157,1,0,0,78,0,0,158,1,0,2,0,1,1,1,1,1,1,0,0,0,29884,0,0,0,0,0,0,0,0,3
1.868000,231.08,38.574,23.130,439,367,72.000,71,71,18.000,39.000,55.000,278,216,346,160,158,158,158,158,158,158,1,0,0,3,30,1,28.000,1,1,2,2,157,1,0,0,78,0,0,158,1,0,2,0,1,1,1,1,1,1,0,0,0,29888,0,0,0,0,0,0,0,0,3
1.868250,231.19,38.561,23.130,439,367,72.000,71,71,18.000,39.000,55.000,278,216,346,160,158,158,158,158,158,158,1,0,0,3,30,1,28.000,1,1,2,2,157,1,0,0,78,0,0,158,1,0,2,0,1,1,1,1,1,1,0,0,0,29892,0,0,0,0,0,0,0,0,3
1.868500,231.30,38.548,23.130,439,367,72.000,71,71,18.000,39.000,55.000,278,216,346,160,158,158,158,158,158,158,1,0,0,3,30,1,28.000,1,1,2,2,157,1,0,0,78,0,0,158,1,0,2,0,1,1,1,1,1,1,0,0,0,29896,0,0,0,0,0,0,0,0,3
1.868750,231.41,38.535,23.130,439,368,72.000,71,71,18.000,39.000,55.000,278,217,347,160,158,158,158,158,158,158,1,0,0,3,30,1,28.000,1,1,2,2,157,1,0,0,78,0,0,158,1,0,2,0,1,1,1,1,1,1,0,0,0,29900,0,0,0,0,0,0,0,0,3
1.869000,231.52,38.522,23.130,439,368,72.000,71,71,18.000,39.000,55.000,278,217,347,160,158,158,158,158,158,158,1,0,0,3,30,1,28.000,1,1,2,2,157,1,0,0,78,0,0,158,1,0,2,0,1,1,1,1,1,1,0,0,0,29904,0,0,0,0,0,0,0,0,3
1.869250,231.62,38.509,23.080,439,368,72.000,71,71,18.000,39.000,55.000,277,217,347,160,158,158,158,158,158,158,1,0,0,3,30,1,28.000,1,1,2,2,157,1,0,0,78,0,0,158,1,0,2,0,1,1,1,1,1,1,0,0,0,29908,0,0,0,0,0,0,0,0,3
1.869500,231.73,38.495,23.080,439,368,72.000,71,71,18.000,39.000,55.000,277,217,347,160,158,158,158,158,158,158,1,0,0,3,30,1,28.000,1,1,2,2,157,1,0,0,78,0,0,158,1,0,2,0,1,1,1,1,1,1,0,0,0,29912,0,0,0,0,0,0,0,0,3
1.869750,231.84,38.481,23.080,439,368,72.000,71,71,18.000,39.000,55.000,277,217,347,160,158,158,158,158,158,158,1,0,0,3,30,1,28.000,1,1,2,2,157,1,0,0,78,0,0,158,1,0,2,0,1,1,1,1,1,1,0,0,0,29916,0,0,0,0,0,0,0,0,3
1.870000,231.95,38.467,23.080,439,368,72.000,71,71,18.000,39.000,55.000,277,217,347,160,158,158,158,158,158,158,1,0,0,3,30,1,28.000,1,1,2,2,157,1,0,0,78,0,0,158,1,0,2,0,1,1,1,1,1,1,0,0,0,29920,0,0,0,0,0,0,0,0,3
1.870250,232.06,38.453,23.080,439,368,72.000,71,71,18.000,39.000,55.000,277,217,347,160,158,158,158,158,158,158,1,0,0,3,30,1,28.000,1,1,2,2,157,1,0,0,78,0,0,158,1,0,2,0,1,1,1,1,1,1,0,0,0,29924,0,0,0,0,0,0,0,0,3
1.870500,232.16,38.439,23.080,439,369,72.000,71,71,18.000,39.000,55.000,277,218,348,160,159,159,159,159,159,159,1,0,0,3,30,1,28.000,1,1,2,2,157,1,0,0,78,0,0,158,1,0,2,0,1,1,1,1,1,1,0,0,0,29928,0,0,0,0,0,0,0,0,3
1.870750,232.27,38.425,23.030,439,369,72.000,71,71,18.000,39.000,55.000,276,218,348,160,159,159,159,159,159,159,1,0,0,3,30,1,28.000,1,1,2,2,157,1,0,0,78,0,0,158,1,0,2,0,1,1,1,1,1,1,0,0,0,29932,0,0,0,0,0,0,0,0,3
1.871000,232.38,38.410,23.030,439,369,72.000,71,71,18.000,39.000,55.000,276,218,348,160,159,159,159,159,159,159,1,0,0,3,30,1,28.000,1,1,2,2,157,1,0,0,78,0,0,158,1,0,2,0,1,1,1,1,1,1,0,0,0,29936,0,0,0,0,0,0,0,0,3
1.871250,232.49,38.395,23.030,440,369,72.000,71,71,18.000,39.000,55.000,276,218,348,160,159,159,159,159,159,159,1,0,0,3,30,1,28.000,1,1,2,2,157,1,0,0,78,0,0,158,1,0,2,0,1,1,1,1,1,1,0,0,0,29940,0,0,0,0,0,0,0,0,3
1.871500,232.60,38.380,23.030,440,369,72.000,71,71,18.000,39.000,55.000,276,218,348,160,159,159,159,159,159,159,1,0,0,3,30,1,28.000,1,1,3,3,158,1,0,0,79,0,0,159,1,0,2,0,1,1,1,1,1,1,0,0,0,29944,0,0,0,0,0,0,0,0,3
1.871750,232.70,38.365,23.030,440,369,72.000,71,71,18.000,39.000,55.000,276,218,348,160,159,159,159,159,159,159,1,0,0,3,30,1,28.000,1,1,3,3,158,1,0,0,79,0,0,159,1,0,2,0,1,1,1,1,1,1,0,0,0,29948,0,0,0,0,0,0,0,0,3
1.872000,232.81,38.350,23.030,440,369,72.000,71,71,18.000,39.000,55.000,276,218,348,160,159,159,159,159,159,159,1,0,0,3,30,1,28.000,1,1,3,3,158,1,0,0,79,0,0,159,1,0,2,0,1,1,1,1,1,1,0,0,0,29952,0,0,0,0,0,0,0,0,3
1.872250,232.92,38.334,22.970,440,370,72.000,71,71,18.000,39.000,55.000,276,218,349,160,159,159,159,159,159,159,1,0,0,3,30,1,28.000,1,1,3,3,158,1,0,0,79,0,0,159,1,0,2,0,1,1,1,1,1,1,0,0,0,29956,0,0,0,0,0,0,0,0,3
1.872500,233.03,38.319,22.970,440,370,72.000,71,71,18.000,39.000,55.000,276,218,349,160,159,159,159,159,159,159,1,0,0,3,30,1,28.000,1,1,3,3,158,1,0,0,79,0,0,159,1,0,2,0,1,1,1,1,1,1,0,0,0,29960,0,0,0,0,0,0,0,0,3
1.872750,233.14,38.303,22.970,440,370,72.000,71,71,18.000,39.000,55.000,276,218,349,160,159,159,159,159,159,159,1,0,0,3,30,1,28.000,1,1,3,3,158,1,0,0,79,0,0,159,1,0,2,0,1,1,1,1,1,1,0,0,0,29964,0,0,0,0,0,0,0,0,3
1.873000,233.24,38.287,22.970,440,370,72.000,71,71,18.000,39.000,55.000,276,218,349,160,159,159,159,159,159,159,1,0,0,3,30,1,28.000,1,1,3,3,158,1,0,0,79,0,0,159,1,0,2,0,1,1,1,1,1,1,0,0,0,29968,0,0,0,0,0,0,0,0,3
1.873250,233.35,38.271,22.970,440,370,72.000,71,71,18.000,39.000,55.000,276,218,349,160,159,159,159,159,159,159,1,0,0,3,30,1,28.000,1,1,3,3,158,1,0,0,79,0,0,159,1,0,2,0,1,1,1,1,1,1,0,0,0,29972,0,0,0,0,0,0,0,0,3
1.873500,233.46,38.255,22.970,440,370,72.000,71,71,18.000,39.000,55.000,276,218,349,160,159,159,159,159,159,159,1,0,0,3,30,1,28.000,1,1,3,3,158,1,0,0,79,0,0,159,1,0,2,0,1,1,1,1,1,1,0,0,0,29976,0,0,0,0,0,0,0,0,3
1.873750,233.57,38.238,22.920,440,370,72.000,71,71,18.000,39.000,55.000,275,218,349,160,159,159,159,159,159,159,1,0,0,3,30,1,28.000,1,1,3,3,158,1,0,0,79,0,0,159,1,0,2,0,1,1,1,1,1,1,0,0,0,29980,0,0,0,0,0,0,0,0,3
1.874000,233.68,38.222,22.920,440,371,72.000,71,71,18.000,39.000,55.000,275,219,351,160,160,160,160,160,160,160,1,0,0,3,30,1,28.000,1,1,3,3,158,1,0,0,79,0,0,159,1,0,2,0,1,1,1,1,1,1,0,0,0,29984,0,0,0,0,0,0,0,0,3
1.874250,233.78,38.205,22.920,440,371,72.000,71,71,18.000,39.000,55.000,275,219,351,160,160,160,160,160,160,160,1,0,0,3,30,1,28.000,1,1,3,3,158,1,0,0,79,0,0,159,1,0,2,0,1,1,1,1,1,1,0,0,0,29988,0,0,0,0,0,0,0,0,3
1.874500,233.89,38.188,22.920,440,371,72.000,71,71,18.000,39.000,55.000,275,219,351,160,160,160,160,160,160,160,1,0,0,3,30,1,28.000,1,1,3,3,158,1,0,0,79,0,0,159,1,0,2,0,1,1,1,1,1,1,0,0,0,29992,0,0,0,0,0,0,0,0,3
1.874750,234.00,38.171,22.920,440,371,72.000,71,71,18.000,39.000,55.000,275,219,351,160,160,160,160,160,160,160,1,0,0,3,30,1,28.000,1,1,3,3,158,1,0,0,79,0,0,159,1,0,2,0,1,1,1,1,1,1,0,0,0,29996,0,0,0,0,0,0,0,0,3
1.875000,234.11,38.154,22.920,440,371,72.000,71,71,18.000,39.000,55.000,275,219,351,160,160,160,160,160,160,160,1,0,0,3,30,1,28.000,1,1,3,3,158,1,0,0,79,0,0,159,1,0,2,0,1,1,1,1,1,1,0,0,0,30000,0,0,0,0,0,0,0,0,3
1.875250,234.22,38.136,22.860,440,371,72.000,71,71,18.000,39.000,55.000,274,219,351,160,160,160,160,160,160,160,1,0,0,3,30,1,28.000,1,1,3,3,158,1,0,0,79,0,0,159,1,0,2,0,1,1,1,1,1,1,0,0,0,30004,0,0,0,0,0,0,0,0,3
1.875500,234.32,38.119,22.860,440,371,72.000,71,71,18.000,39.000,55.000,274,219,351,160,160,160,160,160,160,160,1,0,0,3,30,1,28.000,1,1,3,3,158,1,0,0,79,0,0,159,1,0,2,0,1,1,1,1,1,1,0,0,0,30008,0,0,0,0,0,0,0,0,3
1.875750,234.43,38.101,22.860,440,372,72.000,71,71,18.000,39.000,55.000,274,219,351,160,160,160,160,160,160,160,1,0,0,3,30,1,28.000,1,1,3,3,158,1,0,0,79,0,0,159,1,0,2,0,1,1,1,1,1,1,0,0,0,30012,0,0,0,0,0,0,0,0,3
1.876000,234.54,38.083,22.860,441,372,72.000,71,71,18.000,39.000,55.000,274,219,351,160,160,160,160,160,160,160,1,0,0,3,30,1,28.000,1,1,3,3,158,1,0,0,79,0,0,159,1,0,2,0,1,1,1,1,1,1,0,0,0,30016,0,0,0,0,0,0,0,0,3
1.876250,234.65,38.065,22.810,441,372,72.000,71,71,18.000,39.000,55.000,274,219,351,160,160,160,160,160,160,160,1,0,0,3,30,1,28.000,1,1,3,3,158,1,0,0,79,0,0,159,1,0,2,0,1,1,1,1,1,1,0,0,0,30020,0,0,0,0,0,0,0,0,3
1.876500,234.76,38.047,22.810,441,372,72.000,71,71,18.000,39.000,55.000,274,219,351,160,160,160,160,160,160,160,1,0,0,3,30,1,28.000,1,1,3,3,158,1,0,0,79,0,0,159,1,0,2,0,1,1,1,1,1,1,0,0,0,30024,0,0,0,0,0,0,0,0,3
1.876750,234.86,38.029,22.810,441,372,72.000,71,71,18.000,39.000,55.000,274,219,351,160,160,160,160,160,160,160,1,0,0,3,30,1,28.000,1,1,3,3,158,1,0,0,79,0,0,159,1,0,2,0,1,1,1,1,1,1,0,0,0,30028,0,0,0,0,0,0,0,0,3
1.877000,234.97,38.010,22.810,441,372,72.000,71,71,18.000,39.000,55.000,274,219,351,160,160,160,160,160,160,160,1,0,0,3,30,1,28.000,1,1,3,3,158,1,0,0,79,0,0,159,1,0,2,0,1,1,1,1,1,1,0,0,0,30032,0,0,0,0,0,0,0,0,3
1.877250,235.08,37.991,22.810,441,372,72.000,71,71,18.000,39.000,55.000,274,219,351,160,160,160,160,160,160,160,1,0,0,3,30,1,28.000,1,1,3,3,158,1,0,0,79,0,0,159,1,0,2,0,1,1,1,1,1,1,0,0,0,30036,0,0,0,0,0,0,0,0,3
1.877500,235.19,37.972,22.750,441,373,72.000,71,71,18.000,39.000,55.000,273,220,353,160,161,161,161,161,161,161,1,0,0,3,30,1,28.000,1,1,3,3,158,1,0,0,79,0,0,159,1,0,2,0,1,1,1,1,1,1,0,0,0,30040,0,0,0,0,0,0,0,0,3
1.877750,235.30,37.953,22.750,441,373,72.000,71,71,18.000,39.000,55.000,273,220,353,160,161,161,161,161,161,161,1,0,0,3,30,1,28.000,1,1,3,3,158,1,0,0,79,0,0,159,1,0,2,0,1,1,1,1,1,1,0,0,0,30044,0,0,0,0,0,0,0,0,3
1.878000,235.40,37.934,22.750,441,373,72.000,71,71,18.000,39.000,55.000,273,220,353,160,161,161,161,161,161,161,1,0,0,3,30,1,28.000,1,1,3,3,158,1,0,0,79,0,0,159,1,0,2,0,1,1,1,1,1,1,0,0,0,30048,0,0,0,0,0,0,0,0,3
1.878250,235.51,37.915,22.750,441,373,72.000,71,71,18.000,39.000,55.000,273,220,353,160,161,161,161,161,161,161,1,0,0,3,30,1,28.000,1,1,3,3,158,1,0,0,79,0,0,159,1,0,2,0,1,1,1,1,1,1,0,0,0,30052,0,0,0,0,0,0,0,0,3
1.878500,235.62,37.895,22.750,441,373,72.000,71,71,18.000,39.000,55.000,273,220,353,160,161,161,161,161,161,161,1,0,0,3,30,1,28.000,1,1,3,3,158,1,0,0,79,0,0,159,1,0,2,0,1,1,1,1,1,1,0,0,0,30056,0,0,0,0,0,0,0,0,3
1.878750,235.73,37.876,22.700,441,373,72.000,71,71,18.000,39.000,55.000,273,220,353,160,161,161,161,161,161,161,1,0,0,3,30,1,28.000,1,1,3,3,158,1,0,0,79,0,0,159,1,0,2,0,1,1,1,1,1,1,0,0,0,30060,0,0,0,0,0,0,0,0,3
1.879000,235.84,37.856,22.700,441,373,72.000,71,71,18.000,39.000,55.000,273,220,353,160,161,161,161,161,161,161,1,0,0,3,30,1,28.000,1,1,3,3,158,1,0,0,79,0,0,159,1,0,2,0,1,1,1,1,1,1,0,0,0,30064,0,0,0,0,0,0,0,0,3
1.879250,235.94,37.836,22.700,441,374,72.000,71,71,18.000,39.000,55.000,273,221,354,160,161,161,161,161,161,161,1,0,0,3,30,1,28.000,1,1,3,3,158,1,0,0,79,0,0,159,1,0,2,0,1,1,1,1,1,1,0,0,0,30068,0,0,0,0,0,0,0,0,3
1.879500,236.05,37.816,22.700,441,374,72.000,71,71,18.000,39.000,55.000,273,221,354,160,161,161,161,161,161,161,1,0,0,3,30,1,28.000,1,1,3,3,158,1,0,0,79,0,0,159,1,0,2,0,1,1,1,1,1,1,0,0,0,30072,0,0,0,0,0,0,0,0,3
1.879750,236.16,37.795,22.640,441,374,72.000,71,71,18.000,39.000,55.000,272,221,354,160,161,161,161,161,161,161,1,0,0,3,30,1,28.000,1,1,3,3,158,1,0,0,79,0,0,159,1,0,2,0,1,1,1,1,1,1,0,0,0,30076,0,0,0,0,0,0,0,0,3
1.880000,236.27,37.775,22.640,441,374,72.000,71,71,18.000,39.000,55.000,272,221,354,160,161,161,161,161,161,161,1,0,0,3,30,1,28.000,1,1,1,1,159,1,0,0,80,0,0,160,1,0,2,0,1,1,1,1,1,1,0,0,0,30080,0,0,0,0,0,0,0,0,3
1.880250,236.38,37.754,22.640,441,374,72.000,71,71,18.000,39.000,55.000,272,221,354,160,161,161,161,161,161,161,1,0,0,3,30,1,28.000,1,1,1,1,159,1,0,0,80,0,0,160,1,0,2,0,1,1,1,1,1,1,0,0,0,30084,0,0,0,0,0,0,0,0,3
1.880500,236.48,37.734,22.640,441,374,72.000,71,71,18.000,39.000,55.000,272,221,354,160,161,161,161,161,161,161,1,0,0,3,30,1,28.000,1,1,1,1,159,1,0,0,80,0,0,160,1,0,2,0,1,1,1,1,1,1,0,0,0,30088,0,0,0,0,0,0,0,0,3
1.880750,236.59,37.713,22.640,441,374,72.000,71,71,18.000,39.000,55.000,272,221,354,160,161,161,161,161,161,161,1,0,0,3,30,1,28.000,1,1,1,1,159,1,0,0,80,0,0,160,1,0,2,0,1,1,1,1,1,1,0,0,0,30092,0,0,0,0,0,0,0,0,3
1.881000,236.70,37.691,22.590,441,375,72.000,71,71,18.000,39.000,55.000,271,222,355,160,162,162,162,162,162,162,1,0,0,3,30,1,28.000,1,1,1,1,159,1,0,0,80,0,0,160,1,0,2,0,1,1,1,1,1,1,0,0,0,30096,0,0,0,0,0,0,0,0,3
1.881250,236.81,37.670,22.590,441,375,72.000,71,71,18.000,39.000,55.000,271,222,355,160,162,162,162,162,162,162,1,0,0,3,30,1,28.000,1,1,1,1,159,1,0,0,80,0,0,160,1,0,2,0,1,1,1,1,1,1,0,0,0,30100,0,0,0,0,0,0,0,0,3
1.881500,236.92,37.649,22.590,441,375,72.000,71,71,18.000,39.000,55.000,271,222,355,160,162,162,162,162,162,162,1,0,0,3,30,1,28.000,1,1,1,1,159,1,0,0,80,0,0,160,1,0,2,0,1,1,1,1,1,1,0,0,0,30104,0,0,0,0,0,0,0,0,3
1.881750,237.02,37.627,22.590,441,375,72.000,71,71,18.000,39.000,55.000,271,222,355,160,162,162,162,162,162,162,1,0,0,3,30,1,28.000,1,1,1,1,159,1,0,0,80,0,0,160,1,0,2,0,1,1,1,1,1,1,0,0,0,30108,0,0,0,0,0,0,0,0,3
1.882000,237.13,37.606,22.540,441,375,72.000,71,71,18.000,39.000,55.000,271,222,355,160,162,162,162,162,162,162,1,0,0,3,30,1,28.000,1,1,1,1,159,1,0,0,80,0,0,160,1,0,2,0,1,1,1,1,1,1,0,0,0,30112,0,0,0,0,0,0,0,0,3
1.882250,237.24,37.584,22.540,441,375,72.000,71,71,18.000,39.000,55.000,271,222,355,160,162,162,162,162,162,162,1,0,0,3,30,1,28.000,1,1,1,1,159,1,0,0,80,0,0,160,1,0,2,0,1,1,1,1,1,1,0,0,0,30116,0,0,0,0,0,0,0,0,3
1.882500,237.35,37.562,22.540,441,375,72.000,71,71,18.000,39.000,55.000,271,222,355,160,162,162,162,162,162,162,1,0,0,3,30,1,28.000,1,1,1,1,159,1,0,0,80,0,0,160,1,0,2,0,1,1,1,1,1,1,0,0,0,30120,0,0,0,0,0,0,0,0,3
1.882750,237.46,37.539,22.540,441,376,72.000,71,71,18.000,39.000,55.000,271,222,356,160,162,162,162,162,162,162,1,0,0,3,30,1,28.000,1,1,1,1,159,1,0,0,80,0,0,160,1,0,2,0,1,1,1,1,1,1,0,0,0,30124,0,0,0,0,0,0,0,0,3
1.883000,237.56,37.517,22.480,441,376,72.000,71,71,18.000,39.000,55.000,270,222,356,160,162,162,162,162,162,162,1,0,0,3,30,1,28.000,1,1,1,1,159,1,0,0,80,0,0,160,1,0,2,0,1,1,1,1,1,1,0,0,0,30128,0,0,0,0,0,0,0,0,3
1.883250,237.67,37.495,22.480,441,376,72.000,71,71,18.000,39.000,55.000,270,222,356,160,162,162,162,162,162,162,1,0,0,3,30,1,28.000,1,1,1,1,159,1,0,0,80,0,0,160,1,0,2,0,1,1,1,1,1,1,0,0,0,30132,0,0,0,0,0,0,0,0,3
1.883500,237.78,37.472,22.480,441,376,72.000,71,71,18.000,39.000,55.000,270,222,356,160,162,162,162,162,162,162,1,0,0,3,30,1,28.000,1,1,1,1,159,1,0,0,80,0,0,160,1,0,2,0,1,1,1,1,1,1,0,0,0,30136,0,0,0,0,0,0,0,0,3
1.883750,237.89,37.449,22.480,441,376,72.000,71,71,18.000,39.000,55.000,270,222,356,160,162,162,162,162,162,162,1,0,0,3,30,1,28.000,1,1,1,1,159,1,0,0,80,0,0,160,1,0,2,0,1,1,1,1,1,1,0,0,0,30140,0,0,0,0,0,0,0,0,3
1.884000,238.00,37.426,22.430,441,376,72.000,71,71,18.000,39.000,55.000,269,222,356,160,162,162,162,162,162,162,1,0,0,3,30,1,28.000,1,1,1,1,159,1,0,0,80,0,0,160,1,0,2,0,1,1,1,1,1,1,0,0,0,30144,0,0,0,0,0,0,0,0,3
1.884250,238.10,37.403,22.430,441,376,72.000,71,71,18.000,39.000,55.000,269,222,356,160,162,162,162,162,162,162,1,0,0,3,30,1,28.000,1,1,1,1,159,1,0,0,80,0,0,160,1,0,2,0,1,1,1,1,1,1,0,0,0,30148,0,0,0,0,0,0,0,0,3
1.884500,238.21,37.380,22.430,441,376,72.000,71,71,18.000,39.000,55.000,269,222,356,160,162,162,162,162,162,162,1,0,0,3,30,1,28.000,1,1,1,1,159,1,0,0,80,0,0,160,1,0,2,0,1,1,1,1,1,1,0,0,0,30152,0,0,0,0,0,0,0,0,3
1.884750,238.32,37.356,22.430,441,377,72.000,71,71,18.000,39.000,55.000,269,223,357,160,162,162,162,162,162,162,1,0,0,3,30,1,28.000,1,1,1,1,159,1,0,0,80,0,0,160,1,0,2,0,1,1,1,1,1,1,0,0,0,30156,0,0,0,0,0,0,0,0,3
1.885000,238.43,37.333,22.370,441,377,72.000,71,71,18.000,39.000,55.000,269,223,357,160,162,162,162,162,162,162,1,0,0,3,30,1,28.000,1,1,1,1,159,1,0,0,80,0,0,160,1,0,2,0,1,1,1,1,1,1,0,0,0,30160,0,0,0,0,0,0,0,0,3
1.885250,238.54,37.309,22.370,441,377,72.000,71,71,18.000,39.000,55.000,269,223,357,160,162,162,162,162,162,162,1,0,0,3,30,1,28.000,1,1,1,1,159,1,0,0,80,0,0,160,1,0,2,0,1,1,1,1,1,1,0,0,0,30164,0,0,0,0,0,0,0,0,3
1.885500,238.64,37.285,22.370,441,377,72.000,71,71,18.000,39.000,55.000,269,223,357,160,162,162,162,162,162,162,1,0,0,3,30,1,28.000,1,1,1,1,159,1,0,0,80,0,0,160,1,0,2,0,1,1,1,1,1,1,0,0,0,30168,0,0,0,0,0,0,0,0,3
1.885750,238.75,37.261,22.370,441,377,72.000,71,71,18.000,39.000,55.000,269,223,357,160,162,162,162,162,162,162,1,0,0,3,30,1,28.000,1,1,1,1,159,1,0,0,80,0,0,160,1,0,2,0,1,1,1,1,1,1,0,0,0,30172,0,0,0,0,0,0,0,0,3
1.886000,238.86,37.237,22.320,441,377,72.000,71,71,18.000,39.000,55.000,268,223,357,160,162,162,162,162,162,162,1,0,0,3,30,1,28.000,1,1,1,1,159,1,0,0,80,0,0,160,1,0,2,0,1,1,1,1,1,1,0,0,0,30176,0,0,0,0,0,0,0,0,3
1.886250,238.97,37.212,22.320,441,377,72.000,71,71,18.000,39.000,55.000,268,223,357,160,162,162,162,162,162,162,1,0,0,3,30,1,28.000,1,1,1,1,159,1,0,0,80,0,0,160,1,0,2,0,1,1,1,1,1,1,0,0,0,30180,0,0,0,0,0,0,0,0,3
1.886500,239.08,37.188,22.320,441,377,72.000,71,71,18.000,39.000,55.000,268,223,357,160,162,162,162,162,162,162,1,0,0,3,30,1,28.000,1,1,1,1,159,1,0,0,80,0,0,160,1,0,2,0,1,1,1,1,1,1,0,0,0,30184,0,0,0,0,0,0,0,0,3
1.886750,239.18,37.163,22.260,441,378,72.000,71,71,18.000,39.000,55.000,267,223,358,160,163,163,163,163,163,163,1,0,0,3,30,1,28.000,1,1,1,1,159,1,0,0,80,0,0,160,1,0,2,0,1,1,1,1,1,1,0,0,0,30188,0,0,0,0,0,0,0,0,3
1.887000,239.29,37.138,22.260,440,378,72.000,71,71,18.000,39.000,55.000,267,223,358,160,163,163,163,163,163,163,1,0,0,3,30,1,28.000,1,1,1,1,159,1,0,0,80,0,0,160,1,0,2,0,1,1,1,1,1,1,0,0,0,30192,0,0,0,0,0,0,0,0,3
1.887250,239.40,37.113,22.260,440,378,72.000,71,71,18.000,39.000,55.000,267,223,358,160,163,163,163,163,163,163,1,0,0,3,30,1,28.000,1,1,1,1,159,1,0,0,80,0,0,160,1,0,2,0,1,1,1,1,1,1,0,0,0,30196,0,0,0,0,0,0,0,0,3
1.887500,239.51,37.088,22.260,440,378,72.000,71,71,18.000,39.000,55.000,267,223,358,160,163,163,163,163,163,163,1,0,0,3,30,1,28.000,1,1,1,1,159,1,0,0,80,0,0,160,1,0,2,0,1,1,1,1,1,1,0,0,0,30200,0,0,0,0,0,0,0,0,3
1.887750,239.62,37.063,22.210,440,378,72.000,71,71,18.000,39.000,55.000,267,223,358,160,163,163,163,163,163,163,1,0,0,3,30,1,28.000,1,1,1,1,159,1,0,0,80,0,0,160,1,0,2,0,1,1,1,1,1,1,0,0,0,30204,0,0,0,0,0,0,0,0,3
1.888000,239.72,37.038,22.210,440,378,72.000,71,71,18.000,39.000,55.000,267,223,358,160,163,163,163,163,163,163,1,0,0,3,30,1,28.000,1,1,1,1,159,1,0,0,80,0,0,160,1,0,2,0,1,1,1,1,1,1,0,0,0,30208,0,0,0,0,0,0,0,0,3
1.888250,239.83,37.012,22.210,440,378,72.000,71,71,18.000,39.000,55.000,267,223,358,160,163,163,163,163,163,163,1,0,0,3,30,1,28.000,1,1,1,1,159,1,0,0,80,0,0,160,1,0,2,0,1,1,1,1,1,1,0,0,0,30212,0,0,0,0,0,0,0,0,3
1.888500,239.94,36.986,22.210,440,379,72.000,71,71,18.000,39.000,55.000,267,224,359,160,163,163,163,163,163,163,1,0,0,3,30,1,28.000,1,1,1,1,159,1,0,0,80,0,0,160,1,0,2,0,1,1,1,1,1,1,0,0,0,30216,0,0,0,0,0,0,0,0,3
1.888750,240.05,36.961,22.150,440,379,72.000,71,71,18.000,39.000,55.000,266,224,359,160,163,163,163,163,163,163,1,0,0,3,30,1,28.000,1,1,0,0,160,1,0,0,81,0,0,161,1,0,2,0,1,1,1,1,1,1,0,0,0,30220,0,0,0,0,0,0,0,0,3
1.889000,240.16,36.935,22.150,440,379,72.000,71,71,18.000,39.000,55.000,266,224,359,160,163,163,163,163,163,163,1,0,0,3,30,1,28.000,1,1,0,0,160,1,0,0,81,0,0,161,1,0,2,0,1,1,1,1,1,1,0,0,0,30224,0,0,0,0,0,0,0,0,3
1.889250,240.26,36.908,22.150,440,379,72.000,71,71,18.000,39.000,55.000,266,224,359,160,163,163,163,163,163,163,1,0,0,3,30,1,28.000,1,1,0,0,160,1,0,0,81,0,0,161,1,0,2,0,1,1,1,1,1,1,0,0,0,30228,0,0,0,0,0,0,0,0,3
1.889500,240.37,36.882,22.100,440,379,72.000,71,71,18.000,39.000,55.000,265,224,359,160,163,163,163,163,163,163,1,0,0,3,30,1,28.000,1,1,0,0,160,1,0,0,81,0,0,161,1,0,2,0,1,1,1,1,1,1,0,0,0,30232,0,0,0,0,0,0,0,0,3
1.889750,240.48,36.856,22.100,440,379,72.000,71,71,18.000,39.000,55.000,265,224,359,160,163,163,163,163,163,163,1,0,0,3,30,1,28.000,1,1,0,0,160,1,0,0,81,0,0,161,1,0,2,0,1,1,1,1,1,1,0,0,0,30236,0,0,0,0,0,0,0,0,3
1.890000,240.59,36.829,22.100,440,379,72.000,71,71,18.000,39.000,55.000,265,224,359,160,163,163,163,163,163,163,1,0,0,3,30,1,28.000,1,1,0,0,160,1,0,0,81,0,0,161,1,0,2,0,1,1,1,1,1,1,0,0,0,30240,0,0,0,0,0,0,0,0,3
1.890250,240.70,36.802,22.100,440,379,72.000,71,71,18.000,39.000,55.000,265,224,359,160,163,163,163,163,163,163,1,0,0,3,30,1,28.000,1,1,0,0,160,1,0,0,81,0,0,161,1,0,2,0,1,1,1,1,1,1,0,0,0,30244,0,0,0,0,0,0,0,0,3
1.890500,240.80,36.775,22.050,440,380,72.000,71,71,18.000,39.000,55.000,265,225,360,160,164,164,164,164,164,164,1,0,0,3,30,1,28.000,1,1,0,0,160,1,0,0,81,0,0,161,1,0,2,0,1,1,1,1,1,1,0,0,0,30248,0,0,0,0,0,0,0,0,3
1.890750,240.91,36.748,22.050,440,380,72.000,71,71,18.000,39.000,55.000,265,225,360,160,164,164,164,164,164,164,1,0,0,3,30,1,28.000,1,1,0,0,160,1,0,0,81,0,0,161,1,0,2,0,1,1,1,1,1,1,0,0,0,30252,0,0,0,0,0,0,0,0,3
1.891000,241.02,36.721,22.050,440,380,72.000,71,71,18.000,39.000,55.000,265,225,360,160,164,164,164,164,164,164,1,0,0,3,30,1,28.000,1,1,0,0,160,1,0,0,81,0,0,161,1,0,2,0,1,1,1,1,1,1,0,0,0,30256,0,0,0,0,0,0,0,0,3
1.891250,241.13,36.694,21.990,440,380,72.000,71,71,18.000,39.000,55.000,264,225,360,160,164,164,164,164,164,164,1,0,0,3,30,1,28.000,1,1,0,0,160,1,0,0,81,0,0,161,1,0,2,0,1,1,1,1,1,1,0,0,0,30260,0,0,0,0,0,0,0,0,3
1.891500,241.24,36.666,21.990,440,380,72.000,71,71,18.000,39.000,55.000,264,225,360,160,164,164,164,164,164,164,1,0,0,3,30,1,28.000,1,1,0,0,160,1,0,0,81,0,0,161,1,0,2,0,1,1,1,1,1,1,0,0,0,30264,0,0,0,0,0,0,0,0,3
1.891750,241.34,36.639,21.990,439,380,72.000,71,71,18.000,39.000,55.000,264,225,360,160,164,164,164,164,164,164,1,0,0,3,30,1,28.000,1,1,0,0,160,1,0,0,81,0,0,161,1,0,2,0,1,1,1,1,1,1,0,0,0,30268,0,0,0,0,0,0,0,0,3
1.892000,241.45,36.611,21.940,439,380,72.000,71,71,18.000,39.000,55.000,263,225,360,160,164,164,164,164,164,164,1,0,0,3,30,1,28.000,1,1,0,0,160,1,0,0,81,0,0,161,1,0,2,0,1,1,1,1,1,1,0,0,0,30272,0,0,0,0,0,0,0,0,3
1.892250,241.56,36.583,21.940,439,380,72.000,71,71,18.000,39.000,55.000,263,225,360,160,164,164,164,164,164,164,1,0,0,3,30,1,28.000,1,1,0,0,160,1,0,0,81,0,0,161,1,0,2,0,1,1,1,1,1,1,0,0,0,30276,0,0,0,0,0,0,0,0,3
1.892500,241.67,36.555,21.940,439,380,72.000,71,71,18.000,39.000,55.000,263,225,360,160,164,164,164,164,164,164,1,0,0,3,30,1,28.000,1,1,0,0,160,1,0,0,81,0,0,161,1,0,2,0,1,1,1,1,1,1,0,0,0,30280,0,0,0,0,0,0,0,0,3
1.892750,241.78,36.527,21.880,439,381,72.000,71,71,18.000,39.000,55.000,263,225,361,160,164,164,164,164,164,164,1,0,0,3,30,1,28.000,1,1,0,0,160,1,0,0,81,0,0,161,1,0,2,0,1,1,1,1,1,1,0,0,0,30284,0,0,0,0,0,0,0,0,3
1.893000,241.88,36.499,21.880,439,381,72.000,71,71,18.000,39.000,55.000,263,225,361,160,164,164,164,164,164,164,1,0,0,3,30,1,28.000,1,1,0,0,160,1,0,0,81,0,0,161,1,0,2,0,1,1,1,1,1,1,0,0,0,30288,0,0,0,0,0,0,0,0,3
1.893250,241.99,36.470,21.880,439,381,72.000,71,71,18.000,39.000,55.000,263,225,361,160,164,164,164,164,164,164,1,0,0,3,30,1,28.000,1,1,0,0,160,1,0,0,81,0,0,161,1,0,2,0,1,1,1,1,1,1,0,0,0,30292,0,0,0,0,0,0,0,0,3
1.893500,242.10,36.442,21.880,439,381,72.000,71,71,18.000,39.000,55.000,263,225,361,160,164,164,164,164,164,164,1,0,0,3,30,1,28.000,1,1,0,0,160,1,0,0,81,0,0,161,1,0,2,0,1,1,1,1,1,1,0,0,0,30296,0,0,0,0,0,0,0,0,3
1.893750,242.21,36.413,21.830,439,381,72.000,71,71,18.000,39.000,55.000,262,225,361,160,164,164,164,164,164,164,1,0,0,3,30,1,28.000,1,1,0,0,160,1,0,0,81,0,0,161,1,0,2,0,1,1,1,1,1,1,0,0,0,30300,0,0,0,0,0,0,0,0,3
1.894000,242.32,36.384,21.830,439,381,72.000,71,71,18.000,39.000,55.000,262,225,361,160,164,164,164,164,164,164,1,0,0,3,30,1,28.000,1,1,0,0,160,1,0,0,81,0,0,161,1,0,2,0,1,1,1,1,1,1,0,0,0,30304,0,0,0,0,0,0,0,0,3
1.894250,242.42,36.355,21.830,439,381,72.000,71,71,18.000,39.000,55.000,262,225,361,160,164,164,164,164,164,164,1,0,0,3,30,1,28.000,1,1,0,0,160,1,0,0,81,0,0,161,1,0,2,0,1,1,1,1,1,1,0,0,0,30308,0,0,0,0,0,0,0,0,3
1.894500,242.53,36.326,21.770,439,381,72.000,71,71,18.000,39.000,55.000,261,225,361,160,164,164,164,164,164,164,1,0,0,3,30,1,28.000,1,1,0,0,160,1,0,0,81,0,0,161,1,0,2,0,1,1,1,1,1,1,0,0,0,30312,0,0,0,0,0,0,0,0,3
1.894750,242.64,36.296,21.770,439,382,72.000,71,71,18.000,39.000,55.000,261,226,362,160,165,165,165,165,165,165,1,0,0,3,30,1,28.000,1,1,0,0,160,1,0,0,81,0,0,161,1,0,2,0,1,1,1,1,1,1,0,0,0,30316,0,0,0,0,0,0,0,0,3
1.895000,242.75,36.267,21.770,438,382,72.000,71,71,18.000,39.000,55.000,261,226,362,160,165,165,165,165,165,165,1,0,0,3,30,1,28.000,1,1,0,0,160,1,0,0,81,0,0,161,1,0,2,0,1,1,1,1,1,1,0,0,0,30320,0,0,0,0,0,0,0,0,3
1.895250,242.86,36.237,21.720,438,382,72.000,71,71,18.000,39.000,55.000,261,226,362,160,165,165,165,165,165,165,1,0,0,3,30,1,28.000,1,1,0,0,160,1,0,0,81,0,0,161,1,0,2,0,1,1,1,1,1,1,0,0,0,30324,0,0,0,0,0,0,0,0,3
1.895500,242.96,36.208,21.720,438,382,72.000,71,71,18.000,39.000,55.000,261,226,362,160,165,165,165,165,165,165,1,0,0,3,30,1,28.000,1,1,0,0,160,1,0,0,81,0,0,161,1,0,2,0,1,1,1,1,1,1,0,0,0,30328,0,0,0,0,0,0,0,0,3
1.895750,243.07,36.178,21.720,438,382,72.000,71,71,18.000,39.000,55.000,261,226,362,160,165,165,165,165,165,165,1,0,0,3,30,1,28.000,1,1,0,0,160,1,0,0,81,0,0,161,1,0,2,0,1,1,1,1,1,1,0,0,0,30332,0,0,0,0,0,0,0,0,3
1.896000,243.18,36.148,21.670,438,382,72.000,71,71,18.000,39.000,55.000,260,226,362,160,165,165,165,165,165,165,1,0,0,3,30,1,28.000,1,1,0,0,160,1,0,0,81,0,0,161,1,0,2,0,1,1,1,1,1,1,0,0,0,30336,0,0,0,0,0,0,0,0,3
1.896250,243.29,36.118,21.670,438,382,72.000,71,71,18.000,39.000,55.000,260,226,362,160,165,165,165,165,165,165,1,0,0,3,30,1,28.000,1,1,0,0,160,1,0,0,81,0,0,161,1,0,2,0,1,1,1,1,1,1,0,0,0,30340,0,0,0,0,0,0,0,0,3
1.896500,243.40,36.087,21.670,438,382,72.000,71,71,18.000,39.000,55.000,260,226,362,160,165,165,165,165,165,165,1,0,0,3,30,1,28.000,1,1,0,0,160,1,0,0,81,0,0,161,1,0,2,0,1,1,1,1,1,1,0,0,0,30344,0,0,0,0,0,0,0,0,3
1.896750,243.50,36.057,21.610,438,382,72.000,71,71,18.000,39.000,55.000,259,226,362,160,165,165,165,165,165,165,1,0,0,3,30,1,28.000,1,1,0,0,160,1,0,0,81,0,0,161,1,0,2,0,1,1,1,1,1,1,0,0,0,30348,0,0,0,0,0,0,0,0,3
1.897000,243.61,36.026,21.610,438,383,72.000,71,71,18.000,39.000,55.000,259,227,363,160,165,165,165,165,165,165,1,0,0,3,30,1,28.000,1,1,0,0,160,1,0,0,81,0,0,161,1,0,2,0,1,1,1,1,1,1,0,0,0,30352,0,0,0,0,0,0,0,0,3
1.897250,243.72,35.996,21.610,438,383,72.000,71,71,18.000,39.000,55.000,259,227,363,160,165,165,165,165,165,165,1,0,0,3,30,1,28.000,1,1,0,0,160,1,0,0,81,0,0,161,1,0,2,0,1,1,1,1,1,1,0,0,0,30356,0,0,0,0,0,0,0,0,3
1.897500,243.83,35.965,21.560,437,383,72.000,71,71,18.000,39.000,55.000,259,227,363,160,165,165,165,165,165,165,1,0,0,3,30,1,28.000,1,1,2,2,161,1,0,0,82,0,0,162,1,0,2,0,1,1,1,1,1,1,0,0,0,30360,0,0,0,0,0,0,0,0,3
1.897750,243.94,35.934,21.560,437,383,72.000,71,71,18.000,39.000,55.000,259,227,363,160,165,165,165,165,165,165,1,0,0,3,30,1,28.000,1,1,2,2,161,1,0,0,82,0,0,162,1,0,2,0,1,1,1,1,1,1,0,0,0,30364,0,0,0,0,0,0,0,0,3
1.898000,244.04,35.903,21.560,437,383,72.000,71,71,18.000,39.000,55.000,259,227,363,160,165,165,165,165,165,165,1,0,0,3,30,1,28.000,1,1,2,2,161,1,0,0,82,0,0,162,1,0,2,0,1,1,1,1,1,1,0,0,0,30368,0,0,0,0,0,0,0,0,3
1.898250,244.15,35.872,21.500,437,383,72.000,71,71,18.000,39.000,55.000,258,227,363,160,165,165,165,165,165,165,1,0,0,3,30,1,28.000,1,1,2,2,161,1,0,0,82,0,0,162,1,0,2,0,1,1,1,1,1,1,0,0,0,30372,0,0,0,0,0,0,0,0,3
1.898500,244.26,35.840,21.500,437,383,72.000,71,71,18.000,39.000,55.000,258,227,363,160,165,165,165,165,165,165,1,0,0,3,30,1,28.000,1,1,2,2,161,1,0,0,82,0,0,162,1,0,2,0,1,1,1,1,1,1,0,0,0,30376,0,0,0,0,0,0,0,0,3
1.898750,244.37,35.809,21.500,437,383,72.000,71,71,18.000,39.000,55.000,258,227,363,160,165,165,165,165,165,165,1,0,0,3,30,1,28.000,1,1,2,2,161,1,0,0,82,0,0,162,1,0,2,0,1,1,1,1,1,1,0,0,0,30380,0,0,0,0,0,0,0,0,3
1.899000,244.48,35.777,21.450,437,383,72.000,71,71,18.000,39.000,55.000,257,227,363,160,165,165,165,165,165,165,1,0,0,3,30,1,28.000,1,1,2,2,161,1,0,0,82,0,0,162,1,0,2,0,1,1,1,1,1,1,0,0,0,30384,0,0,0,0,0,0,0,0,3
1.899250,244.58,35.746,21.450,437,384,72.000,71,71,18.000,39.000,55.000,257,227,364,160,166,166,166,166,166,166,1,0,0,3,30,1,28.000,1,1,2,2,161,1,0,0,82,0,0,162,1,0,2,0,1,1,1,1,1,1,0,0,0,30388,0,0,0,0,0,0,0,0,3
1.899500,244.69,35.714,21.390,437,384,72.000,71,71,18.000,39.000,55.000,257,227,364,160,166,166,166,166,166,166,1,0,0,3,30,1,28.000,1,1,2,2,161,1,0,0,82,0,0,162,1,0,2,0,1,1,1,1,1,1,0,0,0,30392,0,0,0,0,0,0,0,0,3
1.899750,244.80,35.682,21.390,436,384,72.000,71,71,18.000,39.000,55.000,257,227,364,160,166,166,166,166,166,166,1,0,0,3,30,1,28.000,1,1,2,2,161,1,0,0,82,0,0,162,1,0,2,0,1,1,1,1,1,1,0,0,0,30396,0,0,0,0,0,0,0,0,3
1.900000,244.91,35.650,21.390,436,384,72.000,71,71,18.000,39.000,55.000,257,227,364,160,166,166,166,166,166,166,1,0,0,3,30,1,28.000,1,1,2,2,161,1,0,0,82,0,0,162,1,0,2,0,1,1,1,1,1,1,0,0,0,30400,0,0,0,0,0,0,0,0,3
1.900250,245.02,35.617,21.340,436,384,72.000,71,71,18.000,39.000,55.000,256,227,364,160,166,166,166,166,166,166,1,0,0,3,30,1,28.000,1,1,2,2,161,1,0,0,82,0,0,162,1,0,2,0,1,1,1,1,1,1,0,0,0,30404,0,0,0,0,0,0,0,0,3
1.900500,245.12,35.585,21.340,436,384,72.000,71,71,18.000,39.000,55.000,256,227,364,160,166,166,166,166,166,166,1,0,0,3,30,1,28.000,1,1,2,2,161,1,0,0,82,0,0,162,1,0,2,0,1,1,1,1,1,1,0,0,0,30408,0,0,0,0,0,0,0,0,3
1.900750,245.23,35.552,21.340,436,384,72.000,71,71,18.000,39.000,55.000,256,227,364,160,166,166,166,166,166,166,1,0,0,3,30,1,28.000,1,1,2,2,161,1,0,0,82,0,0,162,1,0,2,0,1,1,1,1,1,1,0,0,0,30412,0,0,0,0,0,0,0,0,3
1.901000,245.34,35.520,21.280,436,384,72.000,71,71,18.000,39.000,55.000,255,227,364,160,166,166,166,166,166,166,1,0,0,3,30,1,28.000,1,1,2,2,161,1,0,0,82,0,0,162,1,0,2,0,1,1,1,1,1,1,0,0,0,30416,0,0,0,0,0,0,0,0,3
1.901250,245.45,35.487,21.280,436,384,72.000,71,71,18.000,39.000,55.000,255,227,364,160,166,166,166,166,166,166,1,0,0,3,30,1,28.000,1,1,2,2,161,1,0,0,82,0,0,162,1,0,2,0,1,1,1,1,1,1,0,0,0,30420,0,0,0,0,0,0,0,0,3
1.901500,245.56,35.454,21.280,436,385,72.000,71,71,18.000,39.000,55.000,255,228,365,160,166,166,166,166,166,166,1,0,0,3,30,1,28.000,1,1,2,2,161,1,0,0,82,0,0,162,1,0,2,0,1,1,1,1,1,1,0,0,0,30424,0,0,0,0,0,0,0,0,3
1.901750,245.66,35.421,21.230,435,385,72.000,71,71,18.000,39.000,55.000,255,228,365,160,166,166,166,166,166,166,1,0,0,3,30,1,28.000,1,1,2,2,161,1,0,0,82,0,0,162,1,0,2,0,1,1,1,1,1,1,0,0,0,30428,0,0,0,0,0,0,0,0,3
1.902000,245.77,35.388,21.230,435,385,72.000,71,71,18.000,39.000,55.000,255,228,365,160,166,166,166,166,166,166,1,0,0,3,30,1,28.000,1,1,2,2,161,1,0,0,82,0,0,162,1,0,2,0,1,1,1,1,1,1,0,0,0,30432,0,0,0,0,0,0,0,0,3
1.902250,245.88,35.354,21.230,435,385,72.000,71,71,18.000,39.000,55.000,255,228,365,160,166,166,166,166,166,166,1,0,0,3,30,1,28.000,1,1,2,2,161,1,0,0,82,0,0,162,1,0,2,0,1,1,1,1,1,1,0,0,0,30436,0,0,0,0,0,0,0,0,3
1.902500,245.99,35.321,21.180,435,385,72.000,71,71,18.000,39.000,55.000,254,228,365,160,166,166,166,166,166,166,1,0,0,3,30,1,28.000,1,1,2,2,161,1,0,0,82,0,0,162,1,0,2,0,1,1,1,1,1,1,0,0,0,30440,0,0,0,0,0,0,0,0,3
1.902750,246.10,35.287,21.180,435,385,72.000,71,71,18.000,39.000,55.000,254,228,365,160,166,166,166,166,166,166,1,0,0,3,30,1,28.000,1,1,2,2,161,1,0,0,82,0,0,162,1,0,2,0,1,1,1,1,1,1,0,0,0,30444,0,0,0,0,0,0,0,0,3
1.903000,246.20,35.254,21.180,435,385,72.000,71,71,18.000,39.000,55.000,254,228,365,160,166,166,166,166,166,166,1,0,0,3,30,1,28.000,1,1,2,2,161,1,0,0,82,0,0,162,1,0,2,0,1,1,1,1,1,1,0,0,0,30448,0,0,0,0,0,0,0,0,3
1.903250,246.31,35.220,21.120,435,385,72.000,71,71,18.000,39.000,55.000,254,228,365,160,166,166,166,166,166,166,1,0,0,3,30,1,28.000,1,1,2,2,161,1,0,0,82,0,0,162,1,0,2,0,1,1,1,1,1,1,0,0,0,30452,0,0,0,0,0,0,0,0,3
1.903500,246.42,35.186,21.120,434,385,72.000,71,71,18.000,39.000,55.000,254,228,365,160,166,166,166,166,166,166,1,0,0,3,30,1,28.000,1,1,2,2,161,1,0,0,82,0,0,162,1,0,2,0,1,1,1,1,1,1,0,0,0,30456,0,0,0,0,0,0,0,0,3
1.903750,246.53,35.152,21.070,434,385,72.000,71,71,18.000,39.000,55.000,253,228,365,160,166,166,166,166,166,166,1,0,0,3,30,1,28.000,1,1,2,2,161,1,0,0,82,0,0,162,1,0,2,0,1,1,1,1,1,1,0,0,0,30460,0,0,0,0,0,0,0,0,3
1.904000,246.64,35.118,21.070,434,386,72.000,71,71,18.000,39.000,55.000,253,229,366,160,167,167,167,167,167,167,1,0,0,3,30,1,28.000,1,1,2,2,161,1,0,0,82,0,0,162,1,0,2,0,1,1,1,1,1,1,0,0,0,30464,0,0,0,0,0,0,0,0,3
1.904250,246.74,35.084,21.070,434,386,72.000,71,71,18.000,39.000,55.000,253,229,366,160,167,167,167,167,167,167,1,0,0,3,30,1,28.000,1,1,2,2,161,1,0,0,82,0,0,162,1,0,2,0,1,1,1,1,1,1,0,0,0,30468,0,0,0,0,0,0,0,0,3
1.904500,246.85,35.049,21.010,434,386,72.000,71,71,18.000,39.000,55.000,252,229,366,160,167,167,167,167,167,167,1,0,0,3,30,1,28.000,1,1,2,2,161,1,0,0,82,0,0,162,1,0,2,0,1,1,1,1,1,1,0,0,0,30472,0,0,0,0,0,0,0,0,3
1.904750,246.96,35.015,21.010,434,386,72.000,71,71,18.000,39.000,55.000,252,229,366,160,167,167,167,167,167,167,1,0,0,3,30,1,28.000,1,1,2,2,161,1,0,0,82,0,0,162,1,0,2,0,1,1,1,1,1,1,0,0,0,30476,0,0,0,0,0,0,0,0,3
1.905000,247.07,34.980,20.960,433,386,72.000,71,71,18.000,39.000,55.000,252,229,366,160,167,167,167,167,167,167,1,0,0,3,30,1,28.000,1,1,2,2,161,1,0,0,82,0,0,162,1,0,2,0,1,1,1,1,1,1,0,0,0,30480,0,0,0,0,0,0,0,0,3
1.905250,247.18,34.945,20.960,433,386,72.000,71,71,18.000,39.000,55.000,252,229,366,160,167,167,167,167,167,167,1,0,0,3,30,1,28.000,1,1,2,2,161,1,0,0,82,0,0,162,1,0,2,0,1,1,1,1,1,1,0,0,0,30484,0,0,0,0,0,0,0,0,3
1.905500,247.28,34.910,20.960,433,386,72.000,71,71,18.000,39.000,55.000,252,229,366,160,167,167,167,167,167,167,1,0,0,3,30,1,28.000,1,1,2,2,161,1,0,0,82,0,0,162,1,0,2,0,1,1,1,1,1,1,0,0,0,30488,0,0,0,0,0,0,0,0,3
1.905750,247.39,34.875,20.900,433,386,72.000,71,71,18.000,39.000,55.000,251,229,366,160,167,167,167,167,167,167,1,0,0,3,30,1,28.000,1,1,2,2,161,1,0,0,82,0,0,162,1,0,2,0,1,1,1,1,1,1,0,0,0,30492,0,0,0,0,0,0,0,0,3
1.906000,247.50,34.840,20.900,433,386,72.000,71,71,18.000,39.000,55.000,251,229,366,160,167,167,167,167,167,167,1,0,0,3,30,1,28.000,1,1,2,2,161,1,0,0,82,0,0,162,1,0,2,0,1,1,1,1,1,1,0,0,0,30496,0,0,0,0,0,0,0,0,3
1.906250,247.61,34.805,20.900,433,386,72.000,71,71,18.000,39.000,55.000,251,229,366,160,167,167,167,167,167,167,1,0,0,3,30,1,28.000,1,1,3,3,162,1,0,0,83,0,0,163,1,0,2,0,1,1,1,1,1,1,0,0,0,30500,0,0,0,0,0,0,0,0,3
1.906500,247.72,34.769,20.850,432,387,72.000,71,71,18.000,39.000,55.000,250,229,367,160,167,167,167,167,167,167,1,0,0,3,30,1,28.000,1,1,3,3,162,1,0,0,83,0,0,163,1,0,2,0,1,1,1,1,1,1,0,0,0,30504,0,0,0,0,0,0,0,0,3
1.906750,247.82,34.734,20.850,432,387,72.000,71,71,18.000,39.000,55.000,250,229,367,160,167,167,167,167,167,167,1,0,0,3,30,1,28.000,1,1,3,3,162,1,0,0,83,0,0,163,1,0,2,0,1,1,1,1,1,1,0,0,0,30508,0,0,0,0,0,0,0,0,3
1.907000,247.93,34.698,20.790,432,387,72.000,71,71,18.000,39.000,55.000,250,229,367,160,167,167,167,167,167,167,1,0,0,3,30,1,28.000,1,1,3,3,162,1,0,0,83,0,0,163,1,0,2,0,1,1,1,1,1,1,0,0,0,30512,0,0,0,0,0,0,0,0,3
1.907250,248.04,34.663,20.790,432,387,72.000,71,71,18.000,39.000,55.000,250,229,367,160,167,167,167,167,167,167,1,0,0,3,30,1,28.000,1,1,3,3,162,1,0,0,83,0,0,163,1,0,2,0,1,1,1,1,1,1,0,0,0,30516,0,0,0,0,0,0,0,0,3
1.907500,248.15,34.627,20.790,432,387,72.000,71,71,18.000,39.000,55.000,250,229,367,160,167,167,167,167,167,167,1,0,0,3,30,1,28.000,1,1,3,3,162,1,0,0,83,0,0,163,1,0,2,0,1,1,1,1,1,1,0,0,0,30520,0,0,0,0,0,0,0,0,3
1.907750,248.26,34.591,20.740,432,387,72.000,71,71,18.000,39.000,55.000,249,229,367,160,167,167,167,167,167,167,1,0,0,3,30,1,28.000,1,1,3,3,162,1,0,0,83,0,0,163,1,0,2,0,1,1,1,1,1,1,0,0,0,30524,0,0,0,0,0,0,0,0,3
1.908000,248.36,34.555,20.740,431,387,72.000,71,71,18.000,39.000,55.000,249,229,367,160,167,167,167,167,167,167,1,0,0,3,30,1,28.000,1,1,3,3,162,1,0,0,83,0,0,163,1,0,2,0,1,1,1,1,1,1,0,0,0,30528,0,0,0,0,0,0,0,0,3
1.908250,248.47,34.518,20.690,431,387,72.000,71,71,18.000,39.000,55.000,248,229,367,160,167,167,167,167,167,167,1,0,0,3,30,1,28.000,1,1,3,3,162,1,0,0,83,0,0,163,1,0,2,0,1,1,1,1,1,1,0,0,0,30532,0,0,0,0,0,0,0,0,3
1.908500,248.58,34.482,20.690,431,387,72.000,71,71,18.000,39.000,55.000,248,229,367,160,167,167,167,167,167,167,1,0,0,3,30,1,28.000,1,1,3,3,162,1,0,0,83,0,0,163,1,0,2,0,1,1,1,1,1,1,0,0,0,30536,0,0,0,0,0,0,0,0,3
1.908750,248.69,34.446,20.690,431,387,72.000,71,71,18.000,39.000,55.000,248,229,367,160,167,167,167,167,167,167,1,0,0,3,30,1,28.000,1,1,3,3,162,1,0,0,83,0,0,163,1,0,2,0,1,1,1,1,1,1,0,0,0,30540,0,0,0,0,0,0,0,0,3
1.909000,248.80,34.409,20.630,431,387,72.000,71,71,18.000,39.000,55.000,248,229,367,160,167,167,167,167,167,167,1,0,0,3,30,1,28.000,1,1,3,3,162,1,0,0,83,0,0,163,1,0,2,0,1,1,1,1,1,1,0,0,0,30544,0,0,0,0,0,0,0,0,3
1.909250,248.90,34.373,20.630,431,388,72.000,71,71,18.000,39.000,55.000,248,230,368,160,168,168,168,168,168,168,1,0,0,3,30,1,28.000,1,1,3,3,162,1,0,0,83,0,0,163,1,0,2,0,1,1,1,1,1,1,0,0,0,30548,0,0,0,0,0,0,0,0,3
1.909500,249.01,34.336,20.580,430,388,72.000,71,71,18.000,39.000,55.000,247,230,368,160,168,168,168,168,168,168,1,0,0,3,30,1,28.000,1,1,3,3,162,1,0,0,83,0,0,163,1,0,2,0,1,1,1,1,1,1,0,0,0,30552,0,0,0,0,0,0,0,0,3
1.909750,249.12,34.299,20.580,430,388,72.000,71,71,18.000,39.000,55.000,247,230,368,160,168,168,168,168,168,168,1,0,0,3,30,1,28.000,1,1,3,3,162,1,0,0,83,0,0,163,1,0,2,0,1,1,1,1,1,1,0,0,0,30556,0,0,0,0,0,0,0,0,3
1.910000,249.23,34.262,20.520,430,388,72.000,71,71,18.000,39.000,55.000,246,230,368,160,168,168,168,168,168,168,1,0,0,3,30,1,28.000,1,1,3,3,162,1,0,0,83,0,0,163,1,0,2,0,1,1,1,1,1,1,0,0,0,30560,0,0,0,0,0,0,0,0,3
1.910250,249.34,34.225,20.520,430,388,72.000,71,71,18.000,39.000,55.000,246,230,368,160,168,168,168,168,168,168,1,0,0,3,30,1,28.000,1,1,3,3,162,1,0,0,83,0,0,163,1,0,2,0,1,1,1,1,1,1,0,0,0,30564,0,0,0,0,0,0,0,0,3
1.910500,249.44,34.188,20.520,430,388,72.000,71,71,18.000,39.000,55.000,246,230,368,160,168,168,168,168,168,168,1,0,0,3,30,1,28.000,1,1,3,3,162,1,0,0,83,0,0,163,1,0,2,0,1,1,1,1,1,1,0,0,0,30568,0,0,0,0,0,0,0,0,3
1.910750,249.55,34.150,20.470,429,388,72.000,71,71,18.000,39.000,55.000,246,230,368,160,168,168,168,168,168,168,1,0,0,3,30,1,28.000,1,1,3,3,162,1,0,0,83,0,0,163,1,0,2,0,1,1,1,1,1,1,0,0,0,30572,0,0,0,0,0,0,0,0,3
1.911000,249.66,34.113,20.470,429,388,72.000,71,71,18.000,39.000,55.000,246,230,368,160,168,168,168,168,168,168,1,0,0,3,30,1,28.000,1,1,3,3,162,1,0,0,83,0,0,163,1,0,2,0,1,1,1,1,1,1,0,0,0,30576,0,0,0,0,0,0,0,0,3
1.911250,249.77,34.075,20.410,429,388,72.000,71,71,18.000,39.000,55.000,245,230,368,160,168,168,168,168,168,168,1,0,0,3,30,1,28.000,1,1,3,3,162,1,0,0,83,0,0,163,1,0,2,0,1,1,1,1,1,1,0,0,0,30580,0,0,0,0,0,0,0,0,3
1.911500,249.88,34.038,20.410,429,388,72.000,71,71,18.000,39.000,55.000,245,230,368,160,168,168,168,168,168,168,1,0,0,3,30,1,28.000,1,1,3,3,162,1,0,0,83,0,0,163,1,0,2,0,1,1,1,1,1,1,0,0,0,30584,0,0,0,0,0,0,0,0,3
1.911750,249.98,34.000,20.410,429,388,72.000,71,71,18.000,39.000,55.000,245,230,368,160,168,168,168,168,168,168,1,0,0,3,30,1,28.000,1,1,3,3,162,1,0,0,83,0,0,163,1,0,2,0,1,1,1,1,1,1,0,0,0,30588,0,0,0,0,0,0,0,0,3
1.912000,250.09,33.962,20.360,428,388,72.000,71,71,18.000,39.000,55.000,244,230,368,160,168,168,168,168,168,168,1,0,0,3,30,1,28.000,1,1,3,3,162,1,0,0,83,0,0,163,1,0,2,0,1,1,1,1,1,1,0,0,0,30592,0,0,0,0,0,0,0,0,3
1.912250,250.20,33.924,20.360,428,389,72.000,71,71,18.000,39.000,55.000,244,231,369,160,168,168,168,168,168,168,1,0,0,3,30,1,28.000,1,1,3,3,162,1,0,0,83,0,0,163,1,0,2,0,1,1,1,1,1,1,0,0,0,30596,0,0,0,0,0,0,0,0,3
1.912500,250.31,33.886,20.310,428,389,72.000,71,71,18.000,39.000,55.000,244,231,369,160,168,168,168,168,168,168,1,0,0,3,30,1,28.000,1,1,3,3,162,1,0,0,83,0,0,163,1,0,2,0,1,1,1,1,1,1,0,0,0,30600,0,0,0,0,0,0,0,0,3
1.912750,250.42,33.848,20.310,428,389,72.000,71,71,18.000,39.000,55.000,244,231,369,160,168,168,168,168,168,168,1,0,0,3,30,1,28.000,1,1,3,3,162,1,0,0,83,0,0,163,1,0,2,0,1,1,1,1,1,1,0,0,0,30604,0,0,0,0,0,0,0,0,3
1.913000,250.52,33.809,20.310,428,389,72.000,71,71,18.000,39.000,55.000,244,231,369,160,168,168,168,168,168,168,1,0,0,3,30,1,28.000,1,1,3,3,162,1,0,0,83,0,0,163,1,0,2,0,1,1,1,1,1,1,0,0,0,30608,0,0,0,0,0,0,0,0,3
1.913250,250.63,33.771,20.250,427,389,72.000,71,71,18.000,39.000,55.000,243,231,369,160,168,168,168,168,168,168,1,0,0,3,30,1,28.000,1,1,3,3,162,1,0,0,83,0,0,163,1,0,2,0,1,1,1,1,1,1,0,0,0,30612,0,0,0,0,0,0,0,0,3
1.913500,250.74,33.732,20.250,427,389,72.000,71,71,18.000,39.000,55.000,243,231,369,160,168,168,168,168,168,168,1,0,0,3,30,1,28.000,1,1,3,3,162,1,0,0,83,0,0,163,1,0,2,0,1,1,1,1,1,1,0,0,0,30616,0,0,0,0,0,0,0,0,3
1.913750,250.85,33.694,20.200,427,389,72.000,71,71,18.000,39.000,55.000,242,231,369,160,168,168,168,168,168,168,1,0,0,3,30,1,28.000,1,1,3,3,162,1,0,0,83,0,0,163,1,0,2,0,1,1,1,1,1,1,0,0,0,30620,0,0,0,0,0,0,0,0,3
1.914000,250.96,33.655,20.200,427,389,72.000,71,71,18.000,39.000,55.000,242,231,369,160,168,168,168,168,168,168,1,0,0,3,30,1,28.000,1,1,3,3,162,1,0,0,83,0,0,163,1,0,2,0,1,1,1,1,1,1,0,0,0,30624,0,0,0,0,0,0,0,0,3
1.914250,251.06,33.616,20.140,427,389,72.000,71,71,18.000,39.000,55.000,242,231,369,160,168,168,168,168,168,168,1,0,0,3,30,1,28.000,1,1,3,3,162,1,0,0,83,0,0,163,1,0,2,0,1,1,1,1,1,1,0,0,0,30628,0,0,0,0,0,0,0,0,3
1.914500,251.17,33.577,20.140,426,389,72.000,71,71,18.000,39.000,55.000,242,231,369,160,168,168,168,168,168,168,1,0,0,3,30,1,28.000,1,1,3,3,162,1,0,0,83,0,0,163,1,0,2,0,1,1,1,1,1,1,0,0,0,30632,0,0,0,0,0,0,0,0,3
1.914750,251.28,33.538,20.140,426,389,72.000,71,71,18.000,39.000,55.000,242,231,369,160,168,168,168,168,168,168,1,0,0,3,30,1,28.000,1,1,1,1,163,1,0,0,84,0,0,164,1,0,2,0,1,1,1,1,1,1,0,0,0,30636,0,0,0,0,0,0,0,0,3
1.915000,251.39,33.499,20.090,426,389,72.000,71,71,18.000,39.000,55.000,241,231,369,160,168,168,168,168,168,168,1,0,0,3,30,1,28.000,1,1,1,1,163,1,0,0,84,0,0,164,1,0,2,0,1,1,1,1,1,1,0,0,0,30640,0,0,0,0,0,0,0,0,3
1.915250,251.50,33.460,20.090,426,389,72.000,71,71,18.000,39.000,55.000,241,231,369,160,168,168,168,168,168,168,1,0,0,3,30,1,28.000,1,1,1,1,163,1,0,0,84,0,0,164,1,0,2,0,1,1,1,1,1,1,0,0,0,30644,0,0,0,0,0,0,0,0,3
1.915500,251.60,33.421,20.030,425,390,72.000,71,71,18.000,39.000,55.000,240,231,370,160,169,169,169,169,169,169,1,0,0,3,30,1,28.000,1,1,1,1,163,1,0,0,84,0,0,164,1,0,2,0,1,1,1,1,1,1,0,0,0,30648,0,0,0,0,0,0,0,0,3
1.915750,251.71,33.381,20.030,425,390,72.000,71,71,18.000,39.000,55.000,240,231,370,160,169,169,169,169,169,169,1,0,0,3,30,1,28.000,1,1,1,1,163,1,0,0,84,0,0,164,1,0,2,0,1,1,1,1,1,1,0,0,0,30652,0,0,0,0,0,0,0,0,3
1.916000,251.82,33.342,19.980,425,390,72.000,71,71,18.000,39.000,55.000,240,231,370,160,169,169,169,169,169,169,1,0,0,3,30,1,28.000,1,1,1,1,163,1,0,0,84,0,0,164,1,0,2,0,1,1,1,1,1,1,0,0,0,30656,0,0,0,0,0,0,0,0,3
1.916250,251.93,33.302,19.980,425,390,72.000,71,71,18.000,39.000,55.000,240,231,370,160,169,169,169,169,169,169,1,0,0,3,30,1,28.000,1,1,1,1,163,1,0,0,84,0,0,164,1,0,2,0,1,1,1,1,1,1,0,0,0,30660,0,0,0,0,0,0,0,0,3
1.916500,252.04,33.262,19.920,425,390,72.000,71,71,18.000,39.000,55.000,239,231,370,160,169,169,169,169,169,169,1,0,0,3,30,1,28.000,1,1,1,1,163,1,0,0,84,0,0,164,1,0,2,0,1,1,1,1,1,1,0,0,0,30664,0,0,0,0,0,0,0,0,3
1.916750,252.14,33.223,19.920,424,390,72.000,71,71,18.000,39.000,55.000,239,231,370,160,169,169,169,169,169,169,1,0,0,3,30,1,28.000,1,1,1,1,163,1,0,0,84,0,0,164,1,0,2,0,1,1,1,1,1,1,0,0,0,30668,0,0,0,0,0,0,0,0,3
1.917000,252.25,33.183,19.920,424,390,72.000,71,71,18.000,39.000,55.000,239,231,370,160,169,169,169,169,169,169,1,0,0,3,30,1,28.000,1,1,1,1,163,1,0,0,84,0,0,164,1,0,2,0,1,1,1,1,1,1,0,0,0,30672,0,0,0,0,0,0,0,0,3
1.917250,252.36,33.143,19.870,424,390,72.000,71,71,18.000,39.000,55.000,238,231,370,160,169,169,169,169,169,169,1,0,0,3,30,1,28.000,1,1,1,1,163,1,0,0,84,0,0,164,1,0,2,0,1,1,1,1,1,1,0,0,0,30676,0,0,0,0,0,0,0,0,3
1.917500,252.47,33.103,19.870,424,390,72.000,71,71,18.000,39.000,55.000,238,231,370,160,169,169,169,169,169,169,1,0,0,3,30,1,28.000,1,1,1,1,163,1,0,0,84,0,0,164,1,0,2,0,1,1,1,1,1,1,0,0,0,30680,0,0,0,0,0,0,0,0,3
1.917750,252.58,33.062,19.820,423,390,72.000,71,71,18.000,39.000,55.000,238,231,370,160,169,169,169,169,169,169,1,0,0,3,30,1,28.000,1,1,1,1,163,1,0,0,84,0,0,164,1,0,2,0,1,1,1,1,1,1,0,0,0,30684,0,0,0,0,0,0,0,0,3
1.918000,252.68,33.022,19.820,423,390,72.000,71,71,18.000,39.000,55.000,238,231,370,160,169,169,169,169,169,169,1,0,0,3,30,1,28.000,1,1,1,1,163,1,0,0,84,0,0,164,1,0,2,0,1,1,1,1,1,1,0,0,0,30688,0,0,0,0,0,0,0,0,3
1.918250,252.79,32.982,19.760,423,390,72.000,71,71,18.000,39.000,55.000,237,231,370,160,169,169,169,169,169,169,1,0,0,3,30,1,28.000,1,1,1,1,163,1,0,0,84,0,0,164,1,0,2,0,1,1,1,1,1,1,0,0,0,30692,0,0,0,0,0,0,0,0,3
1.918500,252.90,32.941,19.760,423,390,72.000,71,71,18.000,39.000,55.000,237,231,370,160,169,169,169,169,169,169,1,0,0,3,30,1,28.000,1,1,1,1,163,1,0,0,84,0,0,164,1,0,2,0,1,1,1,1,1,1,0,0,0,30696,0,0,0,0,0,0,0,0,3
1.918750,253.01,32.901,19.710,422,390,72.000,71,71,18.000,39.000,55.000,237,231,370,160,169,169,169,169,169,169,1,0,0,3,30,1,28.000,1,1,1,1,163,1,0,0,84,0,0,164,1,0,2,0,1,1,1,1,1,1,0,0,0,30700,0,0,0,0,0,0,0,0,3
1.919000,253.12,32.860,19.710,422,390,72.000,71,71,18.000,39.000,55.000,237,231,370,160,169,169,169,169,169,169,1,0,0,3,30,1,28.000,1,1,1,1,163,1,0,0,84,0,0,164,1,0,2,0,1,1,1,1,1,1,0,0,0,30704,0,0,0,0,0,0,0,0,3
1.919250,253.22,32.819,19.710,422,391,72.000,71,71,18.000,39.000,55.000,237,232,371,160,169,169,169,169,169,169,1,0,0,3,30,1,28.000,1,1,1,1,163,1,0,0,84,0,0,164,1,0,2,0,1,1,1,1,1,1,0,0,0,30708,0,0,0,0,0,0,0,0,3
1.919500,253.33,32.778,19.650,422,391,72.000,71,71,18.000,39.000,55.000,236,232,371,160,169,169,169,169,169,169,1,0,0,3,30,1,28.000,1,1,1,1,163,1,0,0,84,0,0,164,1,0,2,0,1,1,1,1,1,1,0,0,0,30712,0,0,0,0,0,0,0,0,3
1.919750,253.44,32.737,19.650,421,391,72.000,71,71,18.000,39.000,55.000,236,232,371,160,169,169,169,169,169,169,1,0,0,3,30,1,28.000,1,1,1,1,163,1,0,0,84,0,0,164,1,0,2,0,1,1,1,1,1,1,0,0,0,30716,0,0,0,0,0,0,0,0,3
1.920000,253.55,32.696,19.600,421,391,72.000,71,71,18.000,39.000,55.000,235,232,371,160,169,169,169,169,169,169,1,0,0,3,30,1,28.000,1,1,1,1,163,1,0,0,84,0,0,164,1,0,2,0,1,1,1,1,1,1,0,0,0,30720,0,0,0,0,0,0,0,0,3
1.920250,253.66,32.655,19.600,421,391,72.000,71,71,18.000,39.000,55.000,235,232,371,160,169,169,169,169,169,169,1,0,0,3,30,1,28.000,1,1,1,1,163,1,0,0,84,0,0,164,1,0,2,0,1,1,1,1,1,1,0,0,0,30724,0,0,0,0,0,0,0,0,3
1.920500,253.76,32.614,19.540,421,391,72.000,71,71,18.000,39.000,55.000,235,232,371,160,169,169,169,169,169,169,1,0,0,3,30,1,28.000,1,1,1,1,163,1,0,0,84,0,0,164,1,0,2,0,1,1,1,1,1,1,0,0,0,30728,0,0,0,0,0,0,0,0,3
1.920750,253.87,32.573,19.540,420,391,72.000,71,71,18.000,39.000,55.000,235,232,371,160,169,169,169,169,169,169,1,0,0,3,30,1,28.000,1,1,1,1,163,1,0,0,84,0,0,164,1,0,2,0,1,1,1,1,1,1,0,0,0,30732,0,0,0,0,0,0,0,0,3
1.921000,253.98,32.531,19.490,420,391,72.000,71,71,18.000,39.000,55.000,234,232,371,160,169,169,169,169,169,169,1,0,0,3,30,1,28.000,1,1,1,1,163,1,0,0,84,0,0,164,1,0,2,0,1,1,1,1,1,1,0,0,0,30736,0,0,0,0,0,0,0,0,3
1.921250,254.09,32.490,19.490,420,391,72.000,71,71,18.000,39.000,55.000,234,232,371,160,169,169,169,169,169,169,1,0,0,3,30,1,28.000,1,1,1,1,163,1,0,0,84,0,0,164,1,0,2,0,1,1,1,1,1,1,0,0,0,30740,0,0,0,0,0,0,0,0,3
1.921500,254.20,32.448,19.440,420,391,72.000,71,71,18.000,39.000,55.000,233,232,371,160,169,169,169,169,169,169,1,0,0,3,30,1,28.000,1,1,1,1,163,1,0,0,84,0,0,164,1,0,2,0,1,1,1,1,1,1,0,0,0,30744,0,0,0,0,0,0,0,0,3
1.921750,254.30,32.407,19.440,419,391,72.000,71,71,18.000,39.000,55.000,233,232,371,160,169,169,169,169,169,169,1,0,0,3,30,1,28.000,1,1,1,1,163,1,0,0,84,0,0,164,1,0,2,0,1,1,1,1,1,1,0,0,0,30748,0,0,0,0,0,0,0,0,3
1.922000,254.41,32.365,19.440,419,391,72.000,71,71,18.000,39.000,55.000,233,232,371,160,169,169,169,169,169,169,1,0,0,3,30,1,28.000,1,1,1,1,163,1,0,0,84,0,0,164,1,0,2,0,1,1,1,1,1,1,0,0,0,30752,0,0,0,0,0,0,0,0,3
1.922250,254.52,32.323,19.380,419,391,72.000,71,71,18.000,39.000,55.000,233,232,371,160,169,169,169,169,169,169,1,0,0,3,30,1,28.000,1,1,1,1,163,1,0,0,84,0,0,164,1,0,2,0,1,1,1,1,1,1,0,0,0,30756,0,0,0,0,0,0,0,0,3
1.922500,254.63,32.281,19.380,419,391,72.000,71,71,18.000,39.000,55.000,233,232,371,160,169,169,169,169,169,169,1,0,0,3,30,1,28.000,1,1,1,1,163,1,0,0,84,0,0,164,1,0,2,0,1,1,1,1,1,1,0,0,0,30760,0,0,0,0,0,0,0,0,3
1.922750,254.74,32.239,19.330,418,391,72.000,71,71,18.000,39.000,55.000,232,232,371,160,169,169,169,169,169,169,1,0,0,3,30,1,28.000,1,1,1,1,163,1,0,0,84,0,0,164,1,0,2,0,1,1,1,1,1,1,0,0,0,30764,0,0,0,0,0,0,0,0,3
1.923000,254.84,32.197,19.330,418,391,72.000,71,71,18.000,39.000,55.000,232,232,371,160,169,169,169,169,169,169,1,0,0,3,30,1,28.000,1,1,1,1,163,1,0,0,84,0,0,164,1,0,2,0,1,1,1,1,1,1,0,0,0,30768,0,0,0,0,0,0,0,0,3
1.923250,254.95,32.155,19.270,418,391,72.000,71,71,18.000,39.000,55.000,231,232,371,160,169,169,169,169,169,169,1,0,0,3,30,1,28.000,1,1,1,1,163,1,0,0,84,0,0,164,1,0,2,0,1,1,1,1,1,1,0,0,0,30772,0,0,0,0,0,0,0,0,3
1.923500,255.06,32.113,19.270,418,392,72.000,71,71,18.000,39.000,55.000,231,233,372,160,170,170,170,170,170,170,1,0,0,3,30,1,28.000,1,1,0,0,164,1,0,0,85,0,0,165,1,0,2,0,1,1,1,1,1,1,0,0,0,30776,0,0,0,0,0,0,0,0,3
1.923750,255.17,32.071,19.220,417,392,72.000,71,71,18.000,39.000,55.000,231,233,372,160,170,170,170,170,170,170,1,0,0,3,30,1,28.000,1,1,0,0,164,1,0,0,85,0,0,165,1,0,2,0,1,1,1,1,1,1,0,0,0,30780,0,0,0,0,0,0,0,0,3
1.924000,255.28,32.028,19.220,417,392,72.000,71,71,18.000,39.000,55.000,231,233,372,160,170,170,170,170,170,170,1,0,0,3,30,1,28.000,1,1,0,0,164,1,0,0,85,0,0,165,1,0,2,0,1,1,1,1,1,1,0,0,0,30784,0,0,0,0,0,0,0,0,3
1.924250,255.38,31.986,19.160,417,392,72.000,71,71,18.000,39.000,55.000,230,233,372,160,170,170,170,170,170,170,1,0,0,3,30,1,28.000,1,1,0,0,164,1,0,0,85,0,0,165,1,0,2,0,1,1,1,1,1,1,0,0,0,30788,0,0,0,0,0,0,0,0,3
1.924500,255.49,31.943,19.160,416,392,72.000,71,71,18.000,39.000,55.000,230,233,372,160,170,170,170,170,170,170,1,0,0,3,30,1,28.000,1,1,0,0,164,1,0,0,85,0,0,165,1,0,2,0,1,1,1,1,1,1,0,0,0,30792,0,0,0,0,0,0,0,0,3
1.924750,255.60,31.900,19.110,416,392,72.000,71,71,18.000,39.000,55.000,229,233,372,160,170,170,170,170,170,170,1,0,0,3,30,1,28.000,1,1,0,0,164,1,0,0,85,0,0,165,1,0,2,0,1,1,1,1,1,1,0,0,0,30796,0,0,0,0,0,0,0,0,3
1.925000,255.71,31.858,19.110,416,392,72.000,71,71,18.000,39.000,55.000,229,233,372,160,170,170,170,170,170,170,1,0,0,3,30,1,28.000,1,1,0,0,164,1,0,0,85,0,0,165,1,0,2,0,1,1,1,1,1,1,0,0,0,30800,0,0,0,0,0,0,0,0,3
1.925250,255.82,31.815,19.050,416,392,72.000,71,71,18.000,39.000,55.000,229,233,372,160,170,170,170,170,170,170,1,0,0,3,30,1,28.000,1,1,0,0,164,1,0,0,85,0,0,165,1,0,2,0,1,1,1,1,1,1,0,0,0,30804,0,0,0,0,0,0,0,0,3
1.925500,255.92,31.772,19.050,415,392,72.000,71,71,18.000,39.000,55.000,229,233,372,160,170,170,170,170,170,170,1,0,0,3,30,1,28.000,1,1,0,0,164,1,0,0,85,0,0,165,1,0,2,0,1,1,1,1,1,1,0,0,0,30808,0,0,0,0,0,0,0,0,3
1.925750,256.03,31.729,19.050,415,392,72.000,71,71,18.000,39.000,55.000,229,233,372,160,170,170,170,170,170,170,1,0,0,3,30,1,28.000,1,1,0,0,164,1,0,0,85,0,0,165,1,0,2,0,1,1,1,1,1,1,0,0,0,30812,0,0,0,0,0,0,0,0,3
1.926000,256.14,31.686,19.000,415,392,72.000,71,71,18.000,39.000,55.000,228,233,372,160,170,170,170,170,170,170,1,0,0,3,30,1,28.000,1,1,0,0,164,1,0,0,85,0,0,165,1,0,2,0,1,1,1,1,1,1,0,0,0,30816,0,0,0,0,0,0,0,0,3
1.926250,256.25,31.643,19.000,414,392,72.000,71,71,18.000,39.000,55.000,228,233,372,160,170,170,170,170,170,170,1,0,0,3,30,1,28.000,1,1,0,0,164,1,0,0,85,0,0,165,1,0,2,0,1,1,1,1,1,1,0,0,0,30820,0,0,0,0,0,0,0,0,3
1.926500,256.36,31.600,18.950,414,392,72.000,71,71,18.000,39.000,55.000,227,233,372,160,170,170,170,170,170,170,1,0,0,3,30,1,28.000,1,1,0,0,164,1,0,0,85,0,0,165,1,0,2,0,1,1,1,1,1,1,0,0,0,30824,0,0,0,0,0,0,0,0,3
1.926750,256.46,31.557,18.950,414,392,72.000,71,71,18.000,39.000,55.000,227,233,372,160,170,170,170,170,170,170,1,0,0,3,30,1,28.000,1,1,0,0,164,1,0,0,85,0,0,165,1,0,2,0,1,1,1,1,1,1,0,0,0,30828,0,0,0,0,0,0,0,0,3
1.927000,256.57,31.513,18.890,414,392,72.000,71,71,18.000,39.000,55.000,227,233,372,160,170,170,170,170,170,170,1,0,0,3,30,1,28.000,1,1,0,0,164,1,0,0,85,0,0,165,1,0,2,0,1,1,1,1,1,1,0,0,0,30832,0,0,0,0,0,0,0,0,3
1.927250,256.68,31.470,18.890,413,392,72.000,71,71,18.000,39.000,55.000,227,233,372,160,170,170,170,170,170,170,1,0,0,3,30,1,28.000,1,1,0,0,164,1,0,0,85,0,0,165,1,0,2,0,1,1,1,1,1,1,0,0,0,30836,0,0,0,0,0,0,0,0,3
1.927500,256.79,31.426,18.840,413,392,72.000,71,71,18.000,39.000,55.000,226,233,372,160,170,170,170,170,170,170,1,0,0,3,30,1,28.000,1,1,0,0,164,1,0,0,85,0,0,165,1,0,2,0,1,1,1,1,1,1,0,0,0,30840,0,0,0,0,0,0,0,0,3
1.927750,256.90,31.383,18.840,413,392,72.000,71,71,18.000,39.000,55.000,226,233,372,160,170,170,170,170,170,170,1,0,0,3,30,1,28.000,1,1,0,0,164,1,0,0,85,0,0,165,1,0,2,0,1,1,1,1,1,1,0,0,0,30844,0,0,0,0,0,0,0,0,3
1.928000,257.00,31.339,18.780,412,392,72.000,71,71,18.000,39.000,55.000,225,233,372,160,170,170,170,170,170,170,1,0,0,3,30,1,28.000,1,1,0,0,164,1,0,0,85,0,0,165,1,0,2,0,1,1,1,1,1,1,0,0,0,30848,0,0,0,0,0,0,0,0,3
1.928250,257.11,31.296,18.780,412,392,72.000,71,71,18.000,39.000,55.000,225,233,372,160,170,170,170,170,170,170,1,0,0,3,30,1,28.000,1,1,0,0,164,1,0,0,85,0,0,165,1,0,2,0,1,1,1,1,1,1,0,0,0,30852,0,0,0,0,0,0,0,0,3
1.928500,257.22,31.252,18.730,412,392,72.000,71,71,18.000,39.000,55.000,225,233,372,160,170,170,170,170,170,170,1,0,0,3,30,1,28.000,1,1,0,0,164,1,0,0,85,0,0,165,1,0,2,0,1,1,1,1,1,1,0,0,0,30856,0,0,0,0,0,0,0,0,3
1.928750,257.33,31.208,18.730,412,392,72.000,71,71,18.000,39.000,55.000,225,233,372,160,170,170,170,170,170,170,1,0,0,3,30,1,28.000,1,1,0,0,164,1,0,0,85,0,0,165,1,0,2,0,1,1,1,1,1,1,0,0,0,30860,0,0,0,0,0,0,0,0,3
1.929000,257.44,31.164,18.670,411,392,72.000,71,71,18.000,39.000,55.000,224,233,372,160,170,170,170,170,170,170,1,0,0,3,30,1,28.000,1,1,0,0,164,1,0,0,85,0,0,165,1,0,2,0,1,1,1,1,1,1,0,0,0,30864,0,0,0,0,0,0,0,0,3
1.929250,257.54,31.120,18.670,411,393,72.000,71,71,18.000,39.000,55.000,224,233,374,160,170,170,170,170,170,170,1,0,0,3,30,1,28.000,1,1,0,0,164,1,0,0,85,0,0,165,1,0,2,0,1,1,1,1,1,1,0,0,0,30868,0,0,0,0,0,0,0,0,3
1.929500,257.65,31.076,18.620,411,393,72.000,71,71,18.000,39.000,55.000,223,233,374,160,170,170,170,170,170,170,1,0,0,3,30,1,28.000,1,1,0,0,164,1,0,0,85,0,0,165,1,0,2,0,1,1,1,1,1,1,0,0,0,30872,0,0,0,0,0,0,0,0,3
1.929750,257.76,31.032,18.620,410,393,72.000,71,71,18.000,39.000,55.000,223,233,374,160,170,170,170,170,170,170,1,0,0,3,30,1,28.000,1,1,0,0,164,1,0,0,85,0,0,165,1,0,2,0,1,1,1,1,1,1,0,0,0,30876,0,0,0,0,0,0,0,0,3
1.930000,257.87,30.988,18.560,410,393,72.000,71,71,18.000,39.000,55.000,223,233,374,160,170,170,170,170,170,170,1,0,0,3,30,1,28.000,1,1,0,0,164,1,0,0,85,0,0,165,1,0,2,0,1,1,1,1,1,1,0,0,0,30880,0,0,0,0,0,0,0,0,3
1.930250,257.98,30.944,18.560,410,393,72.000,71,71,18.000,39.000,55.000,223,233,374,160,170,170,170,170,170,170,1,0,0,3,30,1,28.000,1,1,0,0,164,1,0,0,85,0,0,165,1,0,2,0,1,1,1,1,1,1,0,0,0,30884,0,0,0,0,0,0,0,0,3
1.930500,258.08,30.899,18.510,409,393,72.000,71,71,18.000,39.000,55.000,222,233,374,160,170,170,170,170,170,170,1,0,0,3,30,1,28.000,1,1,0,0,164,1,0,0,85,0,0,165,1,0,2,0,1,1,1,1,1,1,0,0,0,30888,0,0,0,0,0,0,0,0,3
1.930750,258.19,30.855,18.510,409,393,72.000,71,71,18.000,39.000,55.000,222,233,374,160,170,170,170,170,170,170,1,0,0,3,30,1,28.000,1,1,0,0,164,1,0,0,85,0,0,165,1,0,2,0,1,1,1,1,1,1,0,0,0,30892,0,0,0,0,0,0,0,0,3
1.931000,258.30,30.811,18.460,409,393,72.000,71,71,18.000,39.000,55.000,222,233,374,160,170,170,170,170,170,170,1,0,0,3,30,1,28.000,1,1,0,0,164,1,0,0,85,0,0,165,1,0,2,0,1,1,1,1,1,1,0,0,0,30896,0,0,0,0,0,0,0,0,3
1.931250,258.41,30.766,18.460,408,393,72.000,71,71,18.000,39.000,55.000,222,233,374,160,170,170,170,170,170,170,1,0,0,3,30,1,28.000,1,1,0,0,164,1,0,0,85,0,0,165,1,0,2,0,1,1,1,1,1,1,0,0,0,30900,0,0,0,0,0,0,0,0,3
1.931500,258.52,30.722,18.460,408,393,72.000,71,71,18.000,39.000,55.000,222,233,374,160,170,170,170,170,170,170,1,0,0,3,30,1,28.000,1,1,0,0,164,1,0,0,85,0,0,165,1,0,2,0,1,1,1,1,1,1,0,0,0,30904,0,0,0,0,0,0,0,0,3
1.931750,258.62,30.677,18.400,408,393,72.000,71,71,18.000,39.000,55.000,221,233,374,160,170,170,170,170,170,170,1,0,0,3,30,1,28.000,1,1,0,0,164,1,0,0,85,0,0,165,1,0,2,0,1,1,1,1,1,1,0,0,0,30908,0,0,0,0,0,0,0,0,3
1.932000,258.73,30.632,18.350,408,393,72.000,71,71,18.000,39.000,55.000,220,233,374,160,170,170,170,170,170,170,1,0,0,3,30,1,28.000,1,1,0,0,164,1,0,0,85,0,0,165,1,0,2,0,1,1,1,1,1,1,0,0,0,30912,0,0,0,0,0,0,0,0,3
1.932250,258.84,30.588,18.350,407,393,72.000,71,71,18.000,39.000,55.000,220,233,374,160,170,170,170,170,170,170,1,0,0,3,30,1,28.000,1,1,2,2,165,1,0,0,86,0,0,166,1,0,2,0,1,1,1,1,1,1,0,0,0,30916,0,0,0,0,0,0,0,0,3
1.932500,258.95,30.543,18.290,407,393,72.000,71,71,18.000,39.000,55.000,219,233,374,160,170,170,170,170,170,170,1,0,0,3,30,1,28.000,1,1,2,2,165,1,0,0,86,0,0,166,1,0,2,0,1,1,1,1,1,1,0,0,0,30920,0,0,0,0,0,0,0,0,3
1.932750,259.06,30.498,18.290,407,393,72.000,71,71,18.000,39.000,55.000,219,233,374,160,170,170,170,170,170,170,1,0,0,3,30,1,28.000,1,1,2,2,165,1,0,0,86,0,0,166,1,0,2,0,1,1,1,1,1,1,0,0,0,30924,0,0,0,0,0,0,0,0,3
1.933000,259.16,30.453,18.290,406,393,72.000,71,71,18.000,39.000,55.000,219,233,374,160,170,170,170,170,170,170,1,0,0,3,30,1,28.000,1,1,2,2,165,1,0,0,86,0,0,166,1,0,2,0,1,1,1,1,1,1,0,0,0,30928,0,0,0,0,0,0,0,0,3
1.933250,259.27,30.408,18.240,406,393,72.000,71,71,18.000,39.000,55.000,219,233,374,160,170,170,170,170,170,170,1,0,0,3,30,1,28.000,1,1,2,2,165,1,0,0,86,0,0,166,1,0,2,0,1,1,1,1,1,1,0,0,0,30932,0,0,0,0,0,0,0,0,3
1.933500,259.38,30.363,18.180,406,393,72.000,71,71,18.000,39.000,55.000,218,233,374,160,170,170,170,170,170,170,1,0,0,3,30,1,28.000,1,1,2,2,165,1,0,0,86,0,0,166,1,0,2,0,1,1,1,1,1,1,0,0,0,30936,0,0,0,0,0,0,0,0,3
1.933750,259.49,30.318,18.180,405,393,72.000,71,71,18.000,39.000,55.000,218,233,374,160,170,170,170,170,170,170,1,0,0,3,30,1,28.000,1,1,2,2,165,1,0,0,86,0,0,166,1,0,2,0,1,1,1,1,1,1,0,0,0,30940,0,0,0,0,0,0,0,0,3
1.934000,259.60,30.273,18.180,405,393,72.000,71,71,18.000,39.000,55.000,218,233,374,160,170,170,170,170,170,170,1,0,0,3,30,1,28.000,1,1,2,2,165,1,0,0,86,0,0,166,1,0,2,0,1,1,1,1,1,1,0,0,0,30944,0,0,0,0,0,0,0,0,3
1.934250,259.70,30.228,18.130,405,393,72.000,71,71,18.000,39.000,55.000,218,233,374,160,170,170,170,170,170,170,1,0,0,3,30,1,28.000,1,1,2,2,165,1,0,0,86,0,0,166,1,0,2,0,1,1,1,1,1,1,0,0,0,30948,0,0,0,0,0,0,0,0,3
1.934500,259.81,30.182,18.080,404,393,72.000,71,71,18.000,39.000,55.000,217,233,374,160,170,170,170,170,170,170,1,0,0,3,30,1,28.000,1,1,2,2,165,1,0,0,86,0,0,166,1,0,2,0,1,1,1,1,1,1,0,0,0,30952,0,0,0,0,0,0,0,0,3
1.934750,259.92,30.137,18.080,404,393,72.000,71,71,18.000,39.000,55.000,217,233,374,160,170,170,170,170,170,170,1,0,0,3,30,1,28.000,1,1,2,2,165,1,0,0,86,0,0,166,1,0,2,0,1,1,1,1,1,1,0,0,0,30956,0,0,0,0,0,0,0,0,3
1.935000,260.03,30.092,18.080,404,393,72.000,71,71,18.000,39.000,55.000,217,233,374,160,170,170,170,170,170,170,1,0,0,3,30,1,28.000,1,1,2,2,165,1,0,0,86,0,0,166,1,0,2,0,1,1,1,1,1,1,0,0,0,30960,0,0,0,0,0,0,0,0,3
1.935250,260.14,30.046,18.020,403,393,72.000,71,71,18.000,39.000,55.000,216,233,374,160,170,170,170,170,170,170,1,0,0,3,30,1,28.000,1,1,2,2,165,1,0,0,86,0,0,166,1,0,2,0,1,1,1,1,1,1,0,0,0,30964,0,0,0,0,0,0,0,0,3
1.935500,260.24,30.001,18.020,403,393,72.000,71,71,18.000,39.000,55.000,216,233,374,160,170,170,170,170,170,170,1,0,0,3,30,1,28.000,1,1,2,2,165,1,0,0,86,0,0,166,1,0,2,0,1,1,1,1,1,1,0,0,0,30968,0,0,0,0,0,0,0,0,3
1.935750,260.35,29.955,17.970,403,393,72.000,71,71,18.000,39.000,55.000,216,233,374,160,170,170,170,170,170,170,1,0,0,3,30,1,28.000,1,1,2,2,165,1,0,0,86,0,0,166,1,0,2,0,1,1,1,1,1,1,0,0,0,30972,0,0,0,0,0,0,0,0,3
1.936000,260.46,29.910,17.970,402,393,72.000,71,71,18.000,39.000,55.000,216,233,374,160,170,170,170,170,170,170,1,0,0,3,30,1,28.000,1,1,2,2,165,1,0,0,86,0,0,166,1,0,2,0,1,1,1,1,1,1,0,0,0,30976,0,0,0,0,0,0,0,0,3
1.936250,260.57,29.864,17.910,402,393,72.000,71,71,18.000,39.000,55.000,215,233,374,160,170,170,170,170,170,170,1,0,0,3,30,1,28.000,1,1,2,2,165,1,0,0,86,0,0,166,1,0,2,0,1,1,1,1,1,1,0,0,0,30980,0,0,0,0,0,0,0,0,3
1.936500,260.68,29.818,17.910,402,393,72.000,71,71,18.000,39.000,55.000,215,233,374,160,170,170,170,170,170,170,1,0,0,3,30,1,28.000,1,1,2,2,165,1,0,0,86,0,0,166,1,0,2,0,1,1,1,1,1,1,0,0,0,30984,0,0,0,0,0,0,0,0,3
1.936750,260.78,29.773,17.860,401,393,72.000,71,71,18.000,39.000,55.000,214,233,374,160,170,170,170,170,170,170,1,0,0,3,30,1,28.000,1,1,2,2,165,1,0,0,86,0,0,166,1,0,2,0,1,1,1,1,1,1,0,0,0,30988,0,0,0,0,0,0,0,0,3
1.937000,260.89,29.727,17.800,401,393,72.000,71,71,18.000,39.000,55.000,214,233,374,160,170,170,170,170,170,170,1,0,0,3,30,1,28.000,1,1,2,2,165,1,0,0,86,0,0,166,1,0,2,0,1,1,1,1,1,1,0,0,0,30992,0,0,0,0,0,0,0,0,3
1.937250,261.00,29.681,17.800,401,393,72.000,71,71,18.000,39.000,55.000,214,233,374,160,170,170,170,170,170,170,1,0,0,3,30,1,28.000,1,1,2,2,165,1,0,0,86,0,0,166,1,0,2,0,1,1,1,1,1,1,0,0,0,30996,0,0,0,0,0,0,0,0,3
1.937500,261.11,29.635,17.800,400,393,72.000,71,71,18.000,39.000,55.000,214,233,374,160,170,170,170,170,170,170,1,0,0,3,30,1,28.000,1,1,2,2,165,1,0,0,86,0,0,166,1,0,2,0,1,1,1,1,1,1,0,0,0,31000,0,0,0,0,0,0,0,0,3
1.937750,261.22,29.589,17.750,400,393,72.000,71,71,18.000,39.000,55.000,213,233,374,160,170,170,170,170,170,170,1,0,0,3,30,1,28.000,1,1,2,2,165,1,0,0,86,0,0,166,1,0,2,0,1,1,1,1,1,1,0,0,0,31004,0,0,0,0,0,0,0,0,3
1.938000,261.32,29.543,17.690,400,393,72.000,71,71,18.000,39.000,55.000,212,233,374,160,170,170,170,170,170,170,1,0,0,3,30,1,28.000,1,1,2,2,165,1,0,0,86,0,0,166,1,0,2,0,1,1,1,1,1,1,0,0,0,31008,0,0,0,0,0,0,0,0,3
1.938250,261.43,29.497,17.690,399,393,72.000,71,71,18.000,39.000,55.000,212,233,374,160,170,170,170,170,170,170,1,0,0,3,30,1,28.000,1,1,2,2,165,1,0,0,86,0,0,166,1,0,2,0,1,1,1,1,1,1,0,0,0,31012,0,0,0,0,0,0,0,0,3
1.938500,261.54,29.451,17.690,399,393,72.000,71,71,18.000,39.000,55.000,212,233,374,160,170,170,170,170,170,170,1,0,0,3,30,1,28.000,1,1,2,2,165,1,0,0,86,0,0,166,1,0,2,0,1,1,1,1,1,1,0,0,0,31016,0,0,0,0,0,0,0,0,3
1.938750,261.65,29.405,17.640,399,393,72.000,71,71,18.000,39.000,55.000,212,233,374,160,170,170,170,170,170,170,1,0,0,3,30,1,28.000,1,1,2,2,165,1,0,0,86,0,0,166,1,0,2,0,1,1,1,1,1,1,0,0,0,31020,0,0,0,0,0,0,0,0,3
1.939000,261.76,29.359,17.590,398,393,72.000,71,71,18.000,39.000,55.000,211,233,374,160,170,170,170,170,170,170,1,0,0,3,30,1,28.000,1,1,2,2,165,1,0,0,86,0,0,166,1,0,2,0,1,1,1,1,1,1,0,0,0,31024,0,0,0,0,0,0,0,0,3
1.939250,261.86,29.313,17.590,398,393,72.000,71,71,18.000,39.000,55.000,211,233,374,160,170,170,170,170,170,170,1,0,0,3,30,1,28.000,1,1,2,2,165,1,0,0,86,0,0,166,1,0,2,0,1,1,1,1,1,1,0,0,0,31028,0,0,0,0,0,0,0,0,3
1.939500,261.97,29.267,17.590,398,393,72.000,71,71,18.000,39.000,55.000,211,233,374,160,170,170,170,170,170,170,1,0,0,3,30,1,28.000,1,1,2,2,165,1,0,0,86,0,0,166,1,0,2,0,1,1,1,1,1,1,0,0,0,31032,0,0,0,0,0,0,0,0,3
1.939750,262.08,29.221,17.530,397,393,72.000,71,71,18.000,39.000,55.000,210,233,374,160,170,170,170,170,170,170,1,0,0,3,30,1,28.000,1,1,2,2,165,1,0,0,86,0,0,166,1,0,2,0,1,1,1,1,1,1,0,0,0,31036,0,0,0,0,0,0,0,0,3
1.940000,262.19,29.174,17.480,397,393,72.000,71,71,18.000,39.000,55.000,210,233,374,160,170,170,170,170,170,170,1,0,0,3,30,1,28.000,1,1,2,2,165,1,0,0,86,0,0,166,1,0,2,0,1,1,1,1,1,1,0,0,0,31040,0,0,0,0,0,0,0,0,3
1.940250,262.30,29.128,17.480,396,393,72.000,71,71,18.000,39.000,55.000,210,233,374,160,170,170,170,170,170,170,1,0,0,3,30,1,28.000,1,1,2,2,165,1,0,0,86,0,0,166,1,0,2,0,1,1,1,1,1,1,0,0,0,31044,0,0,0,0,0,0,0,0,3
1.940500,262.40,29.082,17.420,396,393,72.000,71,71,18.000,39.000,55.000,209,233,374,160,170,170,170,170,170,170,1,0,0,3,30,1,28.000,1,1,2,2,165,1,0,0,86,0,0,166,1,0,2,0,1,1,1,1,1,1,0,0,0,31048,0,0,0,0,0,0,0,0,3
1.940750,262.51,29.035,17.420,396,393,72.000,71,71,18.000,39.000,55.000,209,233,374,160,170,170,170,170,170,170,1,0,0,3,30,1,28.000,1,1,3,3,166,1,0,0,87,0,0,167,1,0,2,0,1,1,1,1,1,1,0,0,0,31052,0,0,0,0,0,0,0,0,3
1.941000,262.62,28.989,17.370,395,393,72.000,71,71,18.000,39.000,55.000,208,233,374,160,170,170,170,170,170,170,1,0,0,3,30,1,28.000,1,1,3,3,166,1,0,0,87,0,0,167,1,0,2,0,1,1,1,1,1,1,0,0,0,31056,0,0,0,0,0,0,0,0,3
1.941250,262.73,28.942,17.370,395,393,72.000,71,71,18.000,39.000,55.000,208,233,374,160,170,170,170,170,170,170,1,0,0,3,30,1,28.000,1,1,3,3,166,1,0,0,87,0,0,167,1,0,2,0,1,1,1,1,1,1,0,0,0,31060,0,0,0,0,0,0,0,0,3
1.941500,262.84,28.896,17.310,395,393,72.000,71,71,18.000,39.000,55.000,208,233,374,160,170,170,170,170,170,170,1,0,0,3,30,1,28.000,1,1,3,3,166,1,0,0,87,0,0,167,1,0,2,0,1,1,1,1,1,1,0,0,0,31064,0,0,0,0,0,0,0,0,3
1.941750,262.94,28.849,17.310,394,393,72.000,71,71,18.000,39.000,55.000,208,233,374,160,170,170,170,170,170,170,1,0,0,3,30,1,28.000,1,1,3,3,166,1,0,0,87,0,0,167,1,0,2,0,1,1,1,1,1,1,0,0,0,31068,0,0,0,0,0,0,0,0,3
1.942000,263.05,28.802,17.260,394,393,72.000,71,71,18.000,39.000,55.000,207,233,374,160,170,170,170,170,170,170,1,0,0,3,30,1,28.000,1,1,3,3,166,1,0,0,87,0,0,167,1,0,2,0,1,1,1,1,1,1,0,0,0,31072,0,0,0,0,0,0,0,0,3
1.942250,263.16,28.756,17.260,394,393,72.000,71,71,18.000,39.000,55.000,207,233,374,160,170,170,170,170,170,170,1,0,0,3,30,1,28.000,1,1,3,3,166,1,0,0,87,0,0,167,1,0,2,0,1,1,1,1,1,1,0,0,0,31076,0,0,0,0,0,0,0,0,3
1.942500,263.27,28.709,17.210,393,393,72.000,71,71,18.000,39.000,55.000,206,233,374,160,170,170,170,170,170,170,1,0,0,3,30,1,28.000,1,1,3,3,166,1,0,0,87,0,0,167,1,0,2,0,1,1,1,1,1,1,0,0,0,31080,0,0,0,0,0,0,0,0,3
1.942750,263.38,28.662,17.210,393,393,72.000,71,71,18.000,39.000,55.000,206,233,374,160,170,170,170,170,170,170,1,0,0,3,30,1,28.000,1,1,3,3,166,1,0,0,87,0,0,167,1,0,2,0,1,1,1,1,1,1,0,0,0,31084,0,0,0,0,0,0,0,0,3
1.943000,263.48,28.616,17.150,392,393,72.000,71,71,18.000,39.000,55.000,206,233,374,160,170,170,170,170,170,170,1,0,0,3,30,1,28.000,1,1,3,3,166,1,0,0,87,0,0,167,1,0,2,0,1,1,1,1,1,1,0,0,0,31088,0,0,0,0,0,0,0,0,3
1.943250,263.59,28.569,17.150,392,393,72.000,71,71,18.000,39.000,55.000,206,233,374,160,170,170,170,170,170,170,1,0,0,3,30,1,28.000,1,1,3,3,166,1,0,0,87,0,0,167,1,0,2,0,1,1,1,1,1,1,0,0,0,31092,0,0,0,0,0,0,0,0,3
1.943500,263.70,28.522,17.100,392,393,72.000,71,71,18.000,39.000,55.000,205,233,374,160,170,170,170,170,170,170,1,0,0,3,30,1,28.000,1,1,3,3,166,1,0,0,87,0,0,167,1,0,2,0,1,1,1,1,1,1,0,0,0,31096,0,0,0,0,0,0,0,0,3
1.943750,263.81,28.475,17.100,391,393,72.000,71,71,18.000,39.000,55.000,205,233,374,160,170,170,170,170,170,170,1,0,0,3,30,1,28.000,1,1,3,3,166,1,0,0,87,0,0,167,1,0,2,0,1,1,1,1,1,1,0,0,0,31100,0,0,0,0,0,0,0,0,3
1.944000,263.92,28.428,17.040,391,393,72.000,71,71,18.000,39.000,55.000,204,233,374,160,170,170,170,170,170,170,1,0,0,3,30,1,28.000,1,1,3,3,166,1,0,0,87,0,0,167,1,0,2,0,1,1,1,1,1,1,0,0,0,31104,0,0,0,0,0,0,0,0,3
1.944250,264.02,28.382,17.040,391,393,72.000,71,71,18.000,39.000,55.000,204,233,374,160,170,170,170,170,170,170,1,0,0,3,30,1,28.000,1,1,3,3,166,1,0,0,87,0,0,167,1,0,2,0,1,1,1,1,1,1,0,0,0,31108,0,0,0,0,0,0,0,0,3
1.944500,264.13,28.335,16.990,390,393,72.000,71,71,18.000,39.000,55.000,204,233,374,160,170,170,170,170,170,170,1,0,0,3,30,1,28.000,1,1,3,3,166,1,0,0,87,0,0,167,1,0,2,0,1,1,1,1,1,1,0,0,0,31112,0,0,0,0,0,0,0,0,3
1.944750,264.24,28.288,16.990,390,393,72.000,71,71,18.000,39.000,55.000,204,233,374,160,170,170,170,170,170,170,1,0,0,3,30,1,28.000,1,1,3,3,166,1,0,0,87,0,0,167,1,0,2,0,1,1,1,1,1,1,0,0,0,31116,0,0,0,0,0,0,0,0,3
1.945000,264.35,28.241,16.930,390,393,72.000,71,71,18.000,39.000,55.000,203,233,374,160,170,170,170,170,170,170,1,0,0,3,30,1,28.000,1,1,3,3,166,1,0,0,87,0,0,167,1,0,2,0,1,1,1,1,1,1,0,0,0,31120,0,0,0,0,0,0,0,0,3
1.945250,264.46,28.194,16.930,389,393,72.000,71,71,18.000,39.000,55.000,203,233,374,160,170,170,170,170,170,170,1,0,0,3,30,1,28.000,1,1,3,3,166,1,0,0,87,0,0,167,1,0,2,0,1,1,1,1,1,1,0,0,0,31124,0,0,0,0,0,0,0,0,3
1.945500,264.56,28.147,16.880,389,393,72.000,71,71,18.000,39.000,55.000,203,233,374,160,170,170,170,170,170,170,1,0,0,3,30,1,28.000,1,1,3,3,166,1,0,0,87,0,0,167,1,0,2,0,1,1,1,1,1,1,0,0,0,31128,0,0,0,0,0,0,0,0,3
1.945750,264.67,28.100,16.880,388,393,72.000,71,71,18.000,39.000,55.000,203,233,374,160,170,170,170,170,170,170,1,0,0,3,30,1,28.000,1,1,3,3,166,1,0,0,87,0,0,167,1,0,2,0,1,1,1,1,1,1,0,0,0,31132,0,0,0,0,0,0,0,0,3
1.946000,264.78,28.052,16.820,388,393,72.000,71,71,18.000,39.000,55.000,202,233,374,160,170,170,170,170,170,170,1,0,0,3,30,1,28.000,1,1,3,3,166,1,0,0,87,0,0,167,1,0,2,0,1,1,1,1,1,1,0,0,0,31136,0,0,0,0,0,0,0,0,3
1.946250,264.89,28.005,16.820,388,393,72.000,71,71,18.000,39.000,55.000,202,233,374,160,170,170,170,170,170,170,1,0,0,3,30,1,28.000,1,1,3,3,166,1,0,0,87,0,0,167,1,0,2,0,1,1,1,1,1,1,0,0,0,31140,0,0,0,0,0,0,0,0,3
1.946500,265.00,27.958,16.770,387,393,72.000,71,71,18.000,39.000,55.000,201,233,374,160,170,170,170,170,170,170,1,0,0,3,30,1,28.000,1,1,3,3,166,1,0,0,87,0,0,167,1,0,2,0,1,1,1,1,1,1,0,0,0,31144,0,0,0,0,0,0,0,0,3
1.946750,265.10,27.911,16.720,387,393,72.000,71,71,18.000,39.000,55.000,201,233,374,160,170,170,170,170,170,170,1,0,0,3,30,1,28.000,1,1,3,3,166,1,0,0,87,0,0,167,1,0,2,0,1,1,1,1,1,1,0,0,0,31148,0,0,0,0,0,0,0,0,3
1.947000,265.21,27.864,16.720,386,393,72.000,71,71,18.000,39.000,55.000,201,233,374,160,170,170,170,170,170,170,1,0,0,3,30,1,28.000,1,1,3,3,166,1,0,0,87,0,0,167,1,0,2,0,1,1,1,1,1,1,0,0,0,31152,0,0,0,0,0,0,0,0,3
1.947250,265.32,27.817,16.720,386,393,72.000,71,71,18.000,39.000,55.000,201,233,374,160,170,170,170,170,170,170,1,0,0,3,30,1,28.000,1,1,3,3,166,1,0,0,87,0,0,167,1,0,2,0,1,1,1,1,1,1,0,0,0,31156,0,0,0,0,0,0,0,0,3
1.947500,265.43,27.769,16.660,386,393,72.000,71,71,18.000,39.000,55.000,200,233,374,160,170,170,170,170,170,170,1,0,0,3,30,1,28.000,1,1,3,3,166,1,0,0,87,0,0,167,1,0,2,0,1,1,1,1,1,1,0,0,0,31160,0,0,0,0,0,0,0,0,3
1.947750,265.54,27.722,16.610,385,393,72.000,71,71,18.000,39.000,55.000,199,233,374,160,170,170,170,170,170,170,1,0,0,3,30,1,28.000,1,1,3,3,166,1,0,0,87,0,0,167,1,0,2,0,1,1,1,1,1,1,0,0,0,31164,0,0,0,0,0,0,0,0,3
1.948000,265.64,27.675,16.610,385,393,72.000,71,71,18.000,39.000,55.000,199,233,374,160,170,170,170,170,170,170,1,0,0,3,30,1,28.000,1,1,3,3,166,1,0,0,87,0,0,167,1,0,2,0,1,1,1,1,1,1,0,0,0,31168,0,0,0,0,0,0,0,0,3
1.948250,265.75,27.628,16.550,385,393,72.000,71,71,18.000,39.000,55.000,199,233,374,160,170,170,170,170,170,170,1,0,0,3,30,1,28.000,1,1,3,3,166,1,0,0,87,0,0,167,1,0,2,0,1,1,1,1,1,1,0,0,0,31172,0,0,0,0,0,0,0,0,3
1.948500,265.86,27.580,16.550,384,393,72.000,71,71,18.000,39.000,55.000,199,233,374,160,170,170,170,170,170,170,1,0,0,3,30,1,28.000,1,1,3,3,166,1,0,0,87,0,0,167,1,0,2,0,1,1,1,1,1,1,0,0,0,31176,0,0,0,0,0,0,0,0,3
1.948750,265.97,27.533,16.500,384,393,72.000,71,71,18.000,39.000,55.000,198,233,374,160,170,170,170,170,170,170,1,0,0,3,30,1,28.000,1,1,3,3,166,1,0,0,87,0,0,167,1,0,2,0,1,1,1,1,1,1,0,0,0,31180,0,0,0,0,0,0,0,0,3
1.949000,266.08,27.486,16.500,383,393,72.000,71,71,18.000,39.000,55.000,198,233,374,160,170,170,170,170,170,170,1,0,0,3,30,1,28.000,1,1,3,3,166,1,0,0,87,0,0,167,1,0,2,0,1,1,1,1,1,1,0,0,0,31184,0,0,0,0,0,0,0,0,3
1.949250,266.18,27.438,16.440,383,393,72.000,71,71,18.000,39.000,55.000,197,233,374,160,170,170,170,170,170,170,1,0,0,3,30,1,28.000,1,1,3,3,166,1,0,0,87,0,0,167,1,0,2,0,1,1,1,1,1,1,0,0,0,31188,0,0,0,0,0,0,0,0,3
1.949500,266.29,27.391,16.440,383,393,72.000,71,71,18.000,39.000,55.000,197,233,374,160,170,170,170,170,170,170,1,0,0,3,30,1,28.000,1,1,1,1,167,1,0,0,88,0,0,168,1,0,2,0,1,1,1,1,1,1,0,0,0,31192,0,0,0,0,0,0,0,0,3
1.949750,266.40,27.344,16.390,382,393,72.000,71,71,18.000,39.000,55.000,197,233,374,160,170,170,170,170,170,170,1,0,0,3,30,1,28.000,1,1,1,1,167,1,0,0,88,0,0,168,1,0,2,0,1,1,1,1,1,1,0,0,0,31196,0,0,0,0,0,0,0,0,3
1.950000,266.51,27.296,16.390,382,393,72.000,71,71,18.000,39.000,55.000,197,233,374,160,170,170,170,170,170,170,1,0,0,3,30,1,28.000,1,1,1,1,167,1,0,0,88,0,0,168,1,0,2,0,1,1,1,1,1,1,0,0,0,31200,0,0,0,0,0,0,0,0,3
1.950250,266.62,27.249,16.330,381,393,72.000,71,71,18.000,39.000,55.000,196,233,374,160,170,170,170,170,170,170,1,0,0,3,30,1,28.000,1,1,1,1,167,1,0,0,88,0,0,168,1,0,2,0,1,1,1,1,1,1,0,0,0,31204,0,0,0,0,0,0,0,0,3
1.950500,266.72,27.201,16.330,381,393,72.000,71,71,18.000,39.000,55.000,196,233,374,160,170,170,170,170,170,170,1,0,0,3,30,1,28.000,1,1,1,1,167,1,0,0,88,0,0,168,1,0,2,0,1,1,1,1,1,1,0,0,0,31208,0,0,0,0,0,0,0,0,3
1.950750,266.83,27.154,16.280,381,393,72.000,71,71,18.000,39.000,55.000,195,233,374,160,170,170,170,170,170,170,1,0,0,3,30,1,28.000,1,1,1,1,167,1,0,0,88,0,0,168,1,0,2,0,1,1,1,1,1,1,0,0,0,31212,0,0,0,0,0,0,0,0,3
1.951000,266.94,27.106,16.280,380,393,72.000,71,71,18.000,39.000,55.000,195,233,374,160,170,170,170,170,170,170,1,0,0,3,30,1,28.000,1,1,1,1,167,1,0,0,88,0,0,168,1,0,2,0,1,1,1,1,1,1,0,0,0,31216,0,0,0,0,0,0,0,0,3
1.951250,267.05,27.059,16.230,380,393,72.000,71,71,18.000,39.000,55.000,195,233,374,160,170,170,170,170,170,170,1,0,0,3,30,1,28.000,1,1,1,1,167,1,0,0,88,0,0,168,1,0,2,0,1,1,1,1,1,1,0,0,0,31220,0,0,0,0,0,0,0,0,3
1.951500,267.16,27.012,16.230,379,393,72.000,71,71,18.000,39.000,55.000,195,233,374,160,170,170,170,170,170,170,1,0,0,3,30,1,28.000,1,1,1,1,167,1,0,0,88,0,0,168,1,0,2,0,1,1,1,1,1,1,0,0,0,31224,0,0,0,0,0,0,0,0,3
1.951750,267.26,26.964,16.170,379,393,72.000,71,71,18.000,39.000,55.000,194,233,374,160,170,170,170,170,170,170,1,0,0,3,30,1,28.000,1,1,1,1,167,1,0,0,88,0,0,168,1,0,2,0,1,1,1,1,1,1,0,0,0,31228,0,0,0,0,0,0,0,0,3
1.952000,267.37,26.917,16.170,379,393,72.000,71,71,18.000,39.000,55.000,194,233,374,160,170,170,170,170,170,170,1,0,0,3,30,1,28.000,1,1,1,1,167,1,0,0,88,0,0,168,1,0,2,0,1,1,1,1,1,1,0,0,0,31232,0,0,0,0,0,0,0,0,3
1.952250,267.48,26.869,16.120,378,393,72.000,71,71,18.000,39.000,55.000,193,233,374,160,170,170,170,170,170,170,1,0,0,3,30,1,28.000,1,1,1,1,167,1,0,0,88,0,0,168,1,0,2,0,1,1,1,1,1,1,0,0,0,31236,0,0,0,0,0,0,0,0,3
1.952500,267.59,26.822,16.120,378,393,72.000,71,71,18.000,39.000,55.000,193,233,374,160,170,170,170,170,170,170,1,0,0,3,30,1,28.000,1,1,1,1,167,1,0,0,88,0,0,168,1,0,2,0,1,1,1,1,1,1,0,0,0,31240,0,0,0,0,0,0,0,0,3
1.952750,267.70,26.774,16.060,377,393,72.000,71,71,18.000,39.000,55.000,193,233,374,160,170,170,170,170,170,170,1,0,0,3,30,1,28.000,1,1,1,1,167,1,0,0,88,0,0,168,1,0,2,0,1,1,1,1,1,1,0,0,0,31244,0,0,0,0,0,0,0,0,3
1.953000,267.80,26.727,16.010,377,393,72.000,71,71,18.000,39.000,55.000,192,233,374,160,170,170,170,170,170,170,1,0,0,3,30,1,28.000,1,1,1,1,167,1,0,0,88,0,0,168,1,0,2,0,1,1,1,1,1,1,0,0,0,31248,0,0,0,0,0,0,0,0,3
1.953250,267.91,26.679,16.010,377,393,72.000,71,71,18.000,39.000,55.000,192,233,374,160,170,170,170,170,170,170,1,0,0,3,30,1,28.000,1,1,1,1,167,1,0,0,88,0,0,168,1,0,2,0,1,1,1,1,1,1,0,0,0,31252,0,0,0,0,0,0,0,0,3
1.953500,268.02,26.631,15.950,376,393,72.000,71,71,18.000,39.000,55.000,191,233,374,160,170,170,170,170,170,170,1,0,0,3,30,1,28.000,1,1,1,1,167,1,0,0,88,0,0,168,1,0,2,0,1,1,1,1,1,1,0,0,0,31256,0,0,0,0,0,0,0,0,3
1.953750,268.13,26.584,15.950,376,393,72.000,71,71,18.000,39.000,55.000,191,233,374,160,170,170,170,170,170,170,1,0,0,3,30,1,28.000,1,1,1,1,167,1,0,0,88,0,0,168,1,0,2,0,1,1,1,1,1,1,0,0,0,31260,0,0,0,0,0,0,0,0,3
1.954000,268.24,26.536,15.900,375,393,72.000,71,71,18.000,39.000,55.000,191,233,374,160,170,170,170,170,170,170,1,0,0,3,30,1,28.000,1,1,1,1,167,1,0,0,88,0,0,168,1,0,2,0,1,1,1,1,1,1,0,0,0,31264,0,0,0,0,0,0,0,0,3
1.954250,268.34,26.489,15.900,375,393,72.000,71,71,18.000,39.000,55.000,191,233,374,160,170,170,170,170,170,170,1,0,0,3,30,1,28.000,1,1,1,1,167,1,0,0,88,0,0,168,1,0,2,0,1,1,1,1,1,1,0,0,0,31268,0,0,0,0,0,0,0,0,3
1.954500,268.45,26.441,15.850,375,393,72.000,71,71,18.000,39.000,55.000,190,233,374,160,170,170,170,170,170,170,1,0,0,3,30,1,28.000,1,1,1,1,167,1,0,0,88,0,0,168,1,0,2,0,1,1,1,1,1,1,0,0,0,31272,0,0,0,0,0,0,0,0,3
1.954750,268.56,26.394,15.850,374,393,72.000,71,71,18.000,39.000,55.000,190,233,374,160,170,170,170,170,170,170,1,0,0,3,30,1,28.000,1,1,1,1,167,1,0,0,88,0,0,168,1,0,2,0,1,1,1,1,1,1,0,0,0,31276,0,0,0,0,0,0,0,0,3
1.955000,268.67,26.346,15.790,374,393,72.000,71,71,18.000,39.000,55.000,189,233,374,160,170,170,170,170,170,170,1,0,0,3,30,1,28.000,1,1,1,1,167,1,0,0,88,0,0,168,1,0,2,0,1,1,1,1,1,1,0,0,0,31280,0,0,0,0,0,0,0,0,3
1.955250,268.78,26.299,15.790,373,393,72.000,71,71,18.000,39.000,55.000,189,233,374,160,170,170,170,170,170,170,1,0,0,3,30,1,28.000,1,1,1,1,167,1,0,0,88,0,0,168,1,0,2,0,1,1,1,1,1,1,0,0,0,31284,0,0,0,0,0,0,0,0,3
1.955500,268.88,26.251,15.740,373,393,72.000,71,71,18.000,39.000,55.000,189,233,374,160,170,170,170,170,170,170,1,0,0,3,30,1,28.000,1,1,1,1,167,1,0,0,88,0,0,168,1,0,2,0,1,1,1,1,1,1,0,0,0,31288,0,0,0,0,0,0,0,0,3
1.955750,268.99,26.204,15.740,373,393,72.000,71,71,18.000,39.000,55.000,189,233,374,160,170,170,170,170,170,170,1,0,0,3,30,1,28.000,1,1,1,1,167,1,0,0,88,0,0,168,1,0,2,0,1,1,1,1,1,1,0,0,0,31292,0,0,0,0,0,0,0,0,3
1.956000,269.10,26.156,15.680,372,393,72.000,71,71,18.000,39.000,55.000,188,233,374,160,170,170,170,170,170,170,1,0,0,3,30,1,28.000,1,1,1,1,167,1,0,0,88,0,0,168,1,0,2,0,1,1,1,1,1,1,0,0,0,31296,0,0,0,0,0,0,0,0,3
1.956250,269.21,26.109,15.680,372,393,72.000,71,71,18.000,39.000,55.000,188,233,374,160,170,170,170,170,170,170,1,0,0,3,30,1,28.000,1,1,1,1,167,1,0,0,88,0,0,168,1,0,2,0,1,1,1,1,1,1,0,0,0,31300,0,0,0,0,0,0,0,0,3
1.956500,269.32,26.061,15.630,371,393,72.000,71,71,18.000,39.000,55.000,187,233,374,160,170,170,170,170,170,170,1,0,0,3,30,1,28.000,1,1,1,1,167,1,0,0,88,0,0,168,1,0,2,0,1,1,1,1,1,1,0,0,0,31304,0,0,0,0,0,0,0,0,3
1.956750,269.42,26.013,15.570,371,393,72.000,71,71,18.000,39.000,55.000,187,233,374,160,170,170,170,170,170,170,1,0,0,3,30,1,28.000,1,1,1,1,167,1,0,0,88,0,0,168,1,0,2,0,1,1,1,1,1,1,0,0,0,31308,0,0,0,0,0,0,0,0,3
1.957000,269.53,25.966,15.570,370,393,72.000,71,71,18.000,39.000,55.000,187,233,374,160,170,170,170,170,170,170,1,0,0,3,30,1,28.000,1,1,1,1,167,1,0,0,88,0,0,168,1,0,2,0,1,1,1,1,1,1,0,0,0,31312,0,0,0,0,0,0,0,0,3
1.957250,269.64,25.918,15.570,370,393,72.000,71,71,18.000,39.000,55.000,187,233,374,160,170,170,170,170,170,170,1,0,0,3,30,1,28.000,1,1,1,1,167,1,0,0,88,0,0,168,1,0,2,0,1,1,1,1,1,1,0,0,0,31316,0,0,0,0,0,0,0,0,3
1.957500,269.75,25.871,15.520,370,393,72.000,71,71,18.000,39.000,55.000,186,233,374,160,170,170,170,170,170,170,1,0,0,3,30,1,28.000,1,1,1,1,167,1,0,0,88,0,0,168,1,0,2,0,1,1,1,1,1,1,0,0,0,31320,0,0,0,0,0,0,0,0,3
1.957750,269.86,25.823,15.460,369,393,72.000,71,71,18.000,39.000,55.000,185,233,374,160,170,170,170,170,170,170,1,0,0,3,30,1,28.000,1,1,1,1,167,1,0,0,88,0,0,168,1,0,2,0,1,1,1,1,1,1,0,0,0,31324,0,0,0,0,0,0,0,0,3
1.958000,269.96,25.776,15.460,369,393,72.000,71,71,18.000,39.000,55.000,185,233,374,160,170,170,170,170,170,170,1,0,0,3,30,1,28.000,1,1,1,1,167,1,0,0,88,0,0,168,1,0,2,0,1,1,1,1,1,1,0,0,0,31328,0,0,0,0,0,0,0,0,3
1.958250,270.07,25.728,15.410,368,393,72.000,71,71,18.000,39.000,55.000,185,233,374,160,170,170,170,170,170,170,1,0,0,3,30,1,28.000,1,1,0,0,168,1,0,0,89,0,0,169,1,0,2,0,1,1,1,1,1,1,0,0,0,31332,0,0,0,0,0,0,0,0,3
1.958500,270.18,25.681,15.410,368,393,72.000,71,71,18.000,39.000,55.000,185,233,374,160,170,170,170,170,170,170,1,0,0,3,30,1,28.000,1,1,0,0,168,1,0,0,89,0,0,169,1,0,2,0,1,1,1,1,1,1,0,0,0,31336,0,0,0,0,0,0,0,0,3
1.958750,270.29,25.633,15.360,367,393,72.000,71,71,18.000,39.000,55.000,184,233,374,160,170,170,170,170,170,170,1,0,0,3,30,1,28.000,1,1,0,0,168,1,0,0,89,0,0,169,1,0,2,0,1,1,1,1,1,1,0,0,0,31340,0,0,0,0,0,0,0,0,3
1.959000,270.40,25.586,15.360,367,393,72.000,71,71,18.000,39.000,55.000,184,233,374,160,170,170,170,170,170,170,1,0,0,3,30,1,28.000,1,1,0,0,168,1,0,0,89,0,0,169,1,0,2,0,1,1,1,1,1,1,0,0,0,31344,0,0,0,0,0,0,0,0,3
1.959250,270.50,25.538,15.300,367,393,72.000,71,71,18.000,39.000,55.000,184,233,374,160,170,170,170,170,170,170,1,0,0,3,30,1,28.000,1,1,0,0,168,1,0,0,89,0,0,169,1,0,2,0,1,1,1,1,1,1,0,0,0,31348,0,0,0,0,0,0,0,0,3
1.959500,270.61,25.491,15.300,366,393,72.000,71,71,18.000,39.000,55.000,184,233,374,160,170,170,170,170,170,170,1,0,0,3,30,1,28.000,1,1,0,0,168,1,0,0,89,0,0,169,1,0,2,0,1,1,1,1,1,1,0,0,0,31352,0,0,0,0,0,0,0,0,3
1.959750,270.72,25.444,15.250,366,393,72.000,71,71,18.000,39.000,55.000,183,233,374,160,170,170,170,170,170,170,1,0,0,3,30,1,28.000,1,1,0,0,168,1,0,0,89,0,0,169,1,0,2,0,1,1,1,1,1,1,0,0,0,31356,0,0,0,0,0,0,0,0,3
1.960000,270.83,25.396,15.250,365,393,72.000,71,71,18.000,39.000,55.000,183,233,374,160,170,170,170,170,170,170,1,0,0,3,30,1,28.000,1,1,0,0,168,1,0,0,89,0,0,169,1,0,2,0,1,1,1,1,1,1,0,0,0,31360,0,0,0,0,0,0,0,0,3
1.960250,270.94,25.349,15.190,365,393,72.000,71,71,18.000,39.000,55.000,182,233,374,160,170,170,170,170,170,170,1,0,0,3,30,1,28.000,1,1,0,0,168,1,0,0,89,0,0,169,1,0,2,0,1,1,1,1,1,1,0,0,0,31364,0,0,0,0,0,0,0,0,3
1.960500,271.04,25.301,15.190,364,393,72.000,71,71,18.000,39.000,55.000,182,233,374,160,170,170,170,170,170,170,1,0,0,3,30,1,28.000,1,1,0,0,168,1,0,0,89,0,0,169,1,0,2,0,1,1,1,1,1,1,0,0,0,31368,0,0,0,0,0,0,0,0,3
1.960750,271.15,25.254,15.140,364,393,72.000,71,71,18.000,39.000,55.000,182,233,374,160,170,170,170,170,170,170,1,0,0,3,30,1,28.000,1,1,0,0,168,1,0,0,89,0,0,169,1,0,2,0,1,1,1,1,1,1,0,0,0,31372,0,0,0,0,0,0,0,0,3
1.961000,271.26,25.207,15.140,364,392,72.000,71,71,18.000,39.000,55.000,182,233,372,160,170,170,170,170,170,170,1,0,0,3,30,1,28.000,1,1,0,0,168,1,0,0,89,0,0,169,1,0,2,0,1,1,1,1,1,1,0,0,0,31376,0,0,0,0,0,0,0,0,3
1.961250,271.37,25.159,15.080,363,392,72.000,71,71,18.000,39.000,55.000,181,233,372,160,170,170,170,170,170,170,1,0,0,3,30,1,28.000,1,1,0,0,168,1,0,0,89,0,0,169,1,0,2,0,1,1,1,1,1,1,0,0,0,31380,0,0,0,0,0,0,0,0,3
1.961500,271.48,25.112,15.080,363,392,72.000,71,71,18.000,39.000,55.000,181,233,372,160,170,170,170,170,170,170,1,0,0,3,30,1,28.000,1,1,0,0,168,1,0,0,89,0,0,169,1,0,2,0,1,1,1,1,1,1,0,0,0,31384,0,0,0,0,0,0,0,0,3
1.961750,271.58,25.065,15.030,362,392,72.000,71,71,18.000,39.000,55.000,180,233,372,160,170,170,170,170,170,170,1,0,0,3,30,1,28.000,1,1,0,0,168,1,0,0,89,0,0,169,1,0,2,0,1,1,1,1,1,1,0,0,0,31388,0,0,0,0,0,0,0,0,3
1.962000,271.69,25.017,15.030,362,392,72.000,71,71,18.000,39.000,55.000,180,233,372,160,170,170,170,170,170,170,1,0,0,3,30,1,28.000,1,1,0,0,168,1,0,0,89,0,0,169,1,0,2,0,1,1,1,1,1,1,0,0,0,31392,0,0,0,0,0,0,0,0,3
1.962250,271.80,24.970,14.970,361,392,72.000,71,71,18.000,39.000,55.000,180,233,372,160,170,170,170,170,170,170,1,0,0,3,30,1,28.000,1,1,0,0,168,1,0,0,89,0,0,169,1,0,2,0,1,1,1,1,1,1,0,0,0,31396,0,0,0,0,0,0,0,0,3
1.962500,271.91,24.923,14.970,361,392,72.000,71,71,18.000,39.000,55.000,180,233,372,160,170,170,170,170,170,170,1,0,0,3,30,1,28.000,1,1,0,0,168,1,0,0,89,0,0,169,1,0,2,0,1,1,1,1,1,1,0,0,0,31400,0,0,0,0,0,0,0,0,3
1.962750,272.02,24.875,14.920,361,392,72.000,71,71,18.000,39.000,55.000,179,233,372,160,170,170,170,170,170,170,1,0,0,3,30,1,28.000,1,1,0,0,168,1,0,0,89,0,0,169,1,0,2,0,1,1,1,1,1,1,0,0,0,31404,0,0,0,0,0,0,0,0,3
1.963000,272.12,24.828,14.870,360,392,72.000,71,71,18.000,39.000,55.000,178,233,372,160,170,170,170,170,170,170,1,0,0,3,30,1,28.000,1,1,0,0,168,1,0,0,89,0,0,169,1,0,2,0,1,1,1,1,1,1,0,0,0,31408,0,0,0,0,0,0,0,0,3
1.963250,272.23,24.781,14.870,360,392,72.000,71,71,18.000,39.000,55.000,178,233,372,160,170,170,170,170,170,170,1,0,0,3,30,1,28.000,1,1,0,0,168,1,0,0,89,0,0,169,1,0,2,0,1,1,1,1,1,1,0,0,0,31412,0,0,0,0,0,0,0,0,3
1.963500,272.34,24.734,14.870,359,392,72.000,71,71,18.000,39.000,55.000,178,233,372,160,170,170,170,170,170,170,1,0,0,3,30,1,28.000,1,1,0,0,168,1,0,0,89,0,0,169,1,0,2,0,1,1,1,1,1,1,0,0,0,31416,0,0,0,0,0,0,0,0,3
1.963750,272.45,24.687,14.810,359,392,72.000,71,71,18.000,39.000,55.000,178,233,372,160,170,170,170,170,170,170,1,0,0,3,30,1,28.000,1,1,0,0,168,1,0,0,89,0,0,169,1,0,2,0,1,1,1,1,1,1,0,0,0,31420,0,0,0,0,0,0,0,0,3
1.964000,272.56,24.640,14.760,358,392,72.000,71,71,18.000,39.000,55.000,177,233,372,160,170,170,170,170,170,170,1,0,0,3,30,1,28.000,1,1,0,0,168,1,0,0,89,0,0,169,1,0,2,0,1,1,1,1,1,1,0,0,0,31424,0,0,0,0,0,0,0,0,3
1.964250,272.66,24.592,14.760,358,392,72.000,71,71,18.000,39.000,55.000,177,233,372,160,170,170,170,170,170,170,1,0,0,3,30,1,28.000,1,1,0,0,168,1,0,0,89,0,0,169,1,0,2,0,1,1,1,1,1,1,0,0,0,31428,0,0,0,0,0,0,0,0,3
1.964500,272.77,24.545,14.700,358,392,72.000,71,71,18.000,39.000,55.000,176,233,372,160,170,170,170,170,170,170,1,0,0,3,30,1,28.000,1,1,0,0,168,1,0,0,89,0,0,169,1,0,2,0,1,1,1,1,1,1,0,0,0,31432,0,0,0,0,0,0,0,0,3
1.964750,272.88,24.498,14.700,357,392,72.000,71,71,18.000,39.000,55.000,176,233,372,160,170,170,170,170,170,170,1,0,0,3,30,1,28.000,1,1,0,0,168,1,0,0,89,0,0,169,1,0,2,0,1,1,1,1,1,1,0,0,0,31436,0,0,0,0,0,0,0,0,3
1.965000,272.99,24.451,14.650,357,392,72.000,71,71,18.000,39.000,55.000,176,233,372,160,170,170,170,170,170,170,1,0,0,3,30,1,28.000,1,1,0,0,168,1,0,0,89,0,0,169,1,0,2,0,1,1,1,1,1,1,0,0,0,31440,0,0,0,0,0,0,0,0,3
1.965250,273.10,24.404,14.650,356,392,72.000,71,71,18.000,39.000,55.000,176,233,372,160,170,170,170,170,170,170,1,0,0,3,30,1,28.000,1,1,0,0,168,1,0,0,89,0,0,169,1,0,2,0,1,1,1,1,1,1,0,0,0,31444,0,0,0,0,0,0,0,0,3
1.965500,273.20,24.357,14.590,356,392,72.000,71,71,18.000,39.000,55.000,175,233,372,160,170,170,170,170,170,170,1,0,0,3,30,1,28.000,1,1,0,0,168,1,0,0,89,0,0,169,1,0,2,0,1,1,1,1,1,1,0,0,0,31448,0,0,0,0,0,0,0,0,3
1.965750,273.31,24.310,14.590,355,392,72.000,71,71,18.000,39.000,55.000,175,233,372,160,170,170,170,170,170,170,1,0,0,3,30,1,28.000,1,1,0,0,168,1,0,0,89,0,0,169,1,0,2,0,1,1,1,1,1,1,0,0,0,31452,0,0,0,0,0,0,0,0,3
1.966000,273.42,24.263,14.540,355,392,72.000,71,71,18.000,39.000,55.000,174,233,372,160,170,170,170,170,170,170,1,0,0,3,30,1,28.000,1,1,0,0,168,1,0,0,89,0,0,169,1,0,2,0,1,1,1,1,1,1,0,0,0,31456,0,0,0,0,0,0,0,0,3
1.966250,273.53,24.216,14.540,354,392,72.000,71,71,18.000,39.000,55.000,174,233,372,160,170,170,170,170,170,170,1,0,0,3,30,1,28.000,1,1,0,0,168,1,0,0,89,0,0,169,1,0,2,0,1,1,1,1,1,1,0,0,0,31460,0,0,0,0,0,0,0,0,3
1.966500,273.64,24.170,14.490,354,392,72.000,71,71,18.000,39.000,55.000,174,233,372,160,170,170,170,170,170,170,1,0,0,3,30,1,28.000,1,1,0,0,168,1,0,0,89,0,0,169,1,0,2,0,1,1,1,1,1,1,0,0,0,31464,0,0,0,0,0,0,0,0,3
1.966750,273.74,24.123,14.490,354,392,72.000,71,71,18.000,39.000,55.000,174,233,372,160,170,170,170,170,170,170,1,0,0,3,30,1,28.000,1,1,0,0,168,1,0,0,89,0,0,169,1,0,2,0,1,1,1,1,1,1,0,0,0,31468,0,0,0,0,0,0,0,0,3
1.967000,273.85,24.076,14.430,353,392,72.000,71,71,18.000,39.000,55.000,173,233,372,160,170,170,170,170,170,170,1,0,0,3,30,1,28.000,1,1,2,2,169,1,0,0,90,0,0,170,1,0,2,0,1,1,1,1,1,1,0,0,0,31472,0,0,0,0,0,0,0,0,3
1.967250,273.96,24.029,14.430,353,392,72.000,71,71,18.000,39.000,55.000,173,233,372,160,170,170,170,170,170,170,1,0,0,3,30,1,28.000,1,1,2,2,169,1,0,0,90,0,0,170,1,0,2,0,1,1,1,1,1,1,0,0,0,31476,0,0,0,0,0,0,0,0,3
1.967500,274.07,23.982,14.380,352,392,72.000,71,71,18.000,39.000,55.000,172,233,372,160,170,170,170,170,170,170,1,0,0,3,30,1,28.000,1,1,2,2,169,1,0,0,90,0,0,170,1,0,2,0,1,1,1,1,1,1,0,0,0,31480,0,0,0,0,0,0,0,0,3
1.967750,274.18,23.936,14.380,352,392,72.000,71,71,18.000,39.000,55.000,172,233,372,160,170,170,170,170,170,170,1,0,0,3,30,1,28.000,1,1,2,2,169,1,0,0,90,0,0,170,1,0,2,0,1,1,1,1,1,1,0,0,0,31484,0,0,0,0,0,0,0,0,3
1.968000,274.28,23.889,14.320,351,392,72.000,71,71,18.000,39.000,55.000,172,233,372,160,170,170,170,170,170,170,1,0,0,3,30,1,28.000,1,1,2,2,169,1,0,0,90,0,0,170,1,0,2,0,1,1,1,1,1,1,0,0,0,31488,0,0,0,0,0,0,0,0,3
1.968250,274.39,23.842,14.320,351,392,72.000,71,71,18.000,39.000,55.000,172,233,372,160,170,170,170,170,170,170,1,0,0,3,30,1,28.000,1,1,2,2,169,1,0,0,90,0,0,170,1,0,2,0,1,1,1,1,1,1,0,0,0,31492,0,0,0,0,0,0,0,0,3
1.968500,274.50,23.796,14.270,350,391,72.000,71,71,18.000,39.000,55.000,171,232,371,160,169,169,169,169,169,169,1,0,0,3,30,1,28.000,1,1,2,2,169,1,0,0,90,0,0,170,1,0,2,0,1,1,1,1,1,1,0,0,0,31496,0,0,0,0,0,0,0,0,3
1.968750,274.61,23.749,14.270,350,391,72.000,71,71,18.000,39.000,55.000,171,232,371,160,169,169,169,169,169,169,1,0,0,3,30,1,28.000,1,1,2,2,169,1,0,0,90,0,0,170,1,0,2,0,1,1,1,1,1,1,0,0,0,31500,0,0,0,0,0,0,0,0,3
1.969000,274.72,23.703,14.210,350,391,72.000,71,71,18.000,39.000,55.000,170,232,371,160,169,169,169,169,169,169,1,0,0,3,30,1,28.000,1,1,2,2,169,1,0,0,90,0,0,170,1,0,2,0,1,1,1,1,1,1,0,0,0,31504,0,0,0,0,0,0,0,0,3
1.969250,274.82,23.656,14.210,349,391,72.000,71,71,18.000,39.000,55.000,170,232,371,160,169,169,169,169,169,169,1,0,0,3,30,1,28.000,1,1,2,2,169,1,0,0,90,0,0,170,1,0,2,0,1,1,1,1,1,1,0,0,0,31508,0,0,0,0,0,0,0,0,3
1.969500,274.93,23.610,14.160,349,391,72.000,71,71,18.000,39.000,55.000,170,232,371,160,169,169,169,169,169,169,1,0,0,3,30,1,28.000,1,1,2,2,169,1,0,0,90,0,0,170,1,0,2,0,1,1,1,1,1,1,0,0,0,31512,0,0,0,0,0,0,0,0,3
1.969750,275.04,23.563,14.100,348,391,72.000,71,71,18.000,39.000,55.000,169,232,371,160,169,169,169,169,169,169,1,0,0,3,30,1,28.000,1,1,2,2,169,1,0,0,90,0,0,170,1,0,2,0,1,1,1,1,1,1,0,0,0,31516,0,0,0,0,0,0,0,0,3
1.970000,275.15,23.517,14.100,348,391,72.000,71,71,18.000,39.000,55.000,169,232,371,160,169,169,169,169,169,169,1,0,0,3,30,1,28.000,1,1,2,2,169,1,0,0,90,0,0,170,1,0,2,0,1,1,1,1,1,1,0,0,0,31520,0,0,0,0,0,0,0,0,3
1.970250,275.26,23.471,14.100,347,391,72.000,71,71,18.000,39.000,55.000,169,232,371,160,169,169,169,169,169,169,1,0,0,3,30,1,28.000,1,1,2,2,169,1,0,0,90,0,0,170,1,0,2,0,1,1,1,1,1,1,0,0,0,31524,0,0,0,0,0,0,0,0,3
1.970500,275.36,23.424,14.050,347,391,72.000,71,71,18.000,39.000,55.000,168,232,371,160,169,169,169,169,169,169,1,0,0,3,30,1,28.000,1,1,2,2,169,1,0,0,90,0,0,170,1,0,2,0,1,1,1,1,1,1,0,0,0,31528,0,0,0,0,0,0,0,0,3
1.970750,275.47,23.378,14.000,346,391,72.000,71,71,18.000,39.000,55.000,168,232,371,160,169,169,169,169,169,169,1,0,0,3,30,1,28.000,1,1,2,2,169,1,0,0,90,0,0,170,1,0,2,0,1,1,1,1,1,1,0,0,0,31532,0,0,0,0,0,0,0,0,3
1.971000,275.58,23.332,14.000,346,391,72.000,71,71,18.000,39.000,55.000,168,232,371,160,169,169,169,169,169,169,1,0,0,3,30,1,28.000,1,1,2,2,169,1,0,0,90,0,0,170,1,0,2,0,1,1,1,1,1,1,0,0,0,31536,0,0,0,0,0,0,0,0,3
1.971250,275.69,23.286,14.000,346,391,72.000,71,71,18.000,39.000,55.000,168,232,371,160,169,169,169,169,169,169,1,0,0,3,30,1,28.000,1,1,2,2,169,1,0,0,90,0,0,170,1,0,2,0,1,1,1,1,1,1,0,0,0,31540,0,0,0,0,0,0,0,0,3
1.971500,275.80,23.240,13.940,345,391,72.000,71,71,18.000,39.000,55.000,167,232,371,160,169,169,169,169,169,169,1,0,0,3,30,1,28.000,1,1,2,2,169,1,0,0,90,0,0,170,1,0,2,0,1,1,1,1,1,1,0,0,0,31544,0,0,0,0,0,0,0,0,3
1.971750,275.90,23.194,13.890,345,391,72.000,71,71,18.000,39.000,55.000,167,232,371,160,169,169,169,169,169,169,1,0,0,3,30,1,28.000,1,1,2,2,169,1,0,0,90,0,0,170,1,0,2,0,1,1,1,1,1,1,0,0,0,31548,0,0,0,0,0,0,0,0,3
1.972000,276.01,23.147,13.890,344,391,72.000,71,71,18.000,39.000,55.000,167,232,371,160,169,169,169,169,169,169,1,0,0,3,30,1,28.000,1,1,2,2,169,1,0,0,90,0,0,170,1,0,2,0,1,1,1,1,1,1,0,0,0,31552,0,0,0,0,0,0,0,0,3
1.972250,276.12,23.101,13.890,344,391,72.000,71,71,18.000,39.000,55.000,167,232,371,160,169,169,169,169,169,169,1,0,0,3,30,1,28.000,1,1,2,2,169,1,0,0,90,0,0,170,1,0,2,0,1,1,1,1,1,1,0,0,0,31556,0,0,0,0,0,0,0,0,3
1.972500,276.23,23.056,13.830,343,391,72.000,71,71,18.000,39.000,55.000,166,232,371,160,169,169,169,169,169,169,1,0,0,3,30,1,28.000,1,1,2,2,169,1,0,0,90,0,0,170,1,0,2,0,1,1,1,1,1,1,0,0,0,31560,0,0,0,0,0,0,0,0,3
1.972750,276.34,23.010,13.780,343,391,72.000,71,71,18.000,39.000,55.000,165,232,371,160,169,169,169,169,169,169,1,0,0,3,30,1,28.000,1,1,2,2,169,1,0,0,90,0,0,170,1,0,2,0,1,1,1,1,1,1,0,0,0,31564,0,0,0,0,0,0,0,0,3
1.973000,276.44,22.964,13.780,342,391,72.000,71,71,18.000,39.000,55.000,165,232,371,160,169,169,169,169,169,169,1,0,0,3,30,1,28.000,1,1,2,2,169,1,0,0,90,0,0,170,1,0,2,0,1,1,1,1,1,1,0,0,0,31568,0,0,0,0,0,0,0,0,3
1.973250,276.55,22.918,13.720,342,391,72.000,71,71,18.000,39.000,55.000,165,232,371,160,169,169,169,169,169,169,1,0,0,3,30,1,28.000,1,1,2,2,169,1,0,0,90,0,0,170,1,0,2,0,1,1,1,1,1,1,0,0,0,31572,0,0,0,0,0,0,0,0,3
1.973500,276.66,22.872,13.720,341,391,72.000,71,71,18.000,39.000,55.000,165,232,371,160,169,169,169,169,169,169,1,0,0,3,30,1,28.000,1,1,2,2,169,1,0,0,90,0,0,170,1,0,2,0,1,1,1,1,1,1,0,0,0,31576,0,0,0,0,0,0,0,0,3
1.973750,276.77,22.827,13.670,341,391,72.000,71,71,18.000,39.000,55.000,164,232,371,160,169,169,169,169,169,169,1,0,0,3,30,1,28.000,1,1,2,2,169,1,0,0,90,0,0,170,1,0,2,0,1,1,1,1,1,1,0,0,0,31580,0,0,0,0,0,0,0,0,3
1.974000,276.88,22.781,13.670,341,391,72.000,71,71,18.000,39.000,55.000,164,232,371,160,169,169,169,169,169,169,1,0,0,3,30,1,28.000,1,1,2,2,169,1,0,0,90,0,0,170,1,0,2,0,1,1,1,1,1,1,0,0,0,31584,0,0,0,0,0,0,0,0,3
1.974250,276.98,22.735,13.620,340,390,72.000,71,71,18.000,39.000,55.000,163,231,370,160,169,169,169,169,169,169,1,0,0,3,30,1,28.000,1,1,2,2,169,1,0,0,90,0,0,170,1,0,2,0,1,1,1,1,1,1,0,0,0,31588,0,0,0,0,0,0,0,0,3
1.974500,277.09,22.690,13.620,340,390,72.000,71,71,18.000,39.000,55.000,163,231,370,160,169,169,169,169,169,169,1,0,0,3,30,1,28.000,1,1,2,2,169,1,0,0,90,0,0,170,1,0,2,0,1,1,1,1,1,1,0,0,0,31592,0,0,0,0,0,0,0,0,3
1.974750,277.20,22.644,13.560,339,390,72.000,71,71,18.000,39.000,55.000,163,231,370,160,169,169,169,169,169,169,1,0,0,3,30,1,28.000,1,1,2,2,169,1,0,0,90,0,0,170,1,0,2,0,1,1,1,1,1,1,0,0,0,31596,0,0,0,0,0,0,0,0,3
1.975000,277.31,22.599,13.560,339,390,72.000,71,71,18.000,39.000,55.000,163,231,370,160,169,169,169,169,169,169,1,0,0,3,30,1,28.000,1,1,2,2,169,1,0,0,90,0,0,170,1,0,2,0,1,1,1,1,1,1,0,0,0,31600,0,0,0,0,0,0,0,0,3
1.975250,277.42,22.553,13.510,338,390,72.000,71,71,18.000,39.000,55.000,162,231,370,160,169,169,169,169,169,169,1,0,0,3,30,1,28.000,1,1,2,2,169,1,0,0,90,0,0,170,1,0,2,0,1,1,1,1,1,1,0,0,0,31604,0,0,0,0,0,0,0,0,3
1.975500,277.52,22.508,13.510,338,390,72.000,71,71,18.000,39.000,55.000,162,231,370,160,169,169,169,169,169,169,1,0,0,3,30,1,28.000,1,1,3,3,170,1,0,0,91,0,0,171,1,0,2,0,1,1,1,1,1,1,0,0,0,31608,0,0,0,0,0,0,0,0,3
1.975750,277.63,22.463,13.450,337,390,72.000,71,71,18.000,39.000,55.000,161,231,370,160,169,169,169,169,169,169,1,0,0,3,30,1,28.000,1,1,3,3,170,1,0,0,91,0,0,171,1,0,2,0,1,1,1,1,1,1,0,0,0,31612,0,0,0,0,0,0,0,0,3
1.976000,277.74,22.417,13.450,337,390,72.000,71,71,18.000,39.000,55.000,161,231,370,160,169,169,169,169,169,169,1,0,0,3,30,1,28.000,1,1,3,3,170,1,0,0,91,0,0,171,1,0,2,0,1,1,1,1,1,1,0,0,0,31616,0,0,0,0,0,0,0,0,3
1.976250,277.85,22.372,13.400,336,390,72.000,71,71,18.000,39.000,55.000,161,231,370,160,169,169,169,169,169,169,1,0,0,3,30,1,28.000,1,1,3,3,170,1,0,0,91,0,0,171,1,0,2,0,1,1,1,1,1,1,0,0,0,31620,0,0,0,0,0,0,0,0,3
1.976500,277.96,22.327,13.400,336,390,72.000,71,71,18.000,39.000,55.000,161,231,370,160,169,169,169,169,169,169,1,0,0,3,30,1,28.000,1,1,3,3,170,1,0,0,91,0,0,171,1,0,2,0,1,1,1,1,1,1,0,0,0,31624,0,0,0,0,0,0,0,0,3
1.976750,278.06,22.282,13.340,335,390,72.000,71,71,18.000,39.000,55.000,160,231,370,160,169,169,169,169,169,169,1,0,0,3,30,1,28.000,1,1,3,3,170,1,0,0,91,0,0,171,1,0,2,0,1,1,1,1,1,1,0,0,0,31628,0,0,0,0,0,0,0,0,3
1.977000,278.17,22.237,13.340,335,390,72.000,71,71,18.000,39.000,55.000,160,231,370,160,169,169,169,169,169,169,1,0,0,3,30,1,28.000,1,1,3,3,170,1,0,0,91,0,0,171,1,0,2,0,1,1,1,1,1,1,0,0,0,31632,0,0,0,0,0,0,0,0,3
1.977250,278.28,22.192,13.290,335,390,72.000,71,71,18.000,39.000,55.000,159,231,370,160,169,169,169,169,169,169,1,0,0,3,30,1,28.000,1,1,3,3,170,1,0,0,91,0,0,171,1,0,2,0,1,1,1,1,1,1,0,0,0,31636,0,0,0,0,0,0,0,0,3
1.977500,278.39,22.147,13.290,334,390,72.000,71,71,18.000,39.000,55.000,159,231,370,160,169,169,169,169,169,169,1,0,0,3,30,1,28.000,1,1,3,3,170,1,0,0,91,0,0,171,1,0,2,0,1,1,1,1,1,1,0,0,0,31640,0,0,0,0,0,0,0,0,3
1.977750,278.50,22.102,13.230,334,390,72.000,71,71,18.000,39.000,55.000,159,231,370,160,169,169,169,169,169,169,1,0,0,3,30,1,28.000,1,1,3,3,170,1,0,0,91,0,0,171,1,0,2,0,1,1,1,1,1,1,0,0,0,31644,0,0,0,0,0,0,0,0,3
1.978000,278.60,22.058,13.230,333,390,72.000,71,71,18.000,39.000,55.000,159,231,370,160,169,169,169,169,169,169,1,0,0,3,30,1,28.000,1,1,3,3,170,1,0,0,91,0,0,171,1,0,2,0,1,1,1,1,1,1,0,0,0,31648,0,0,0,0,0,0,0,0,3
1.978250,278.71,22.013,13.180,333,390,72.000,71,71,18.000,39.000,55.000,158,231,370,160,169,169,169,169,169,169,1,0,0,3,30,1,28.000,1,1,3,3,170,1,0,0,91,0,0,171,1,0,2,0,1,1,1,1,1,1,0,0,0,31652,0,0,0,0,0,0,0,0,3
1.978500,278.82,21.968,13.180,332,390,72.000,71,71,18.000,39.000,55.000,158,231,370,160,169,169,169,169,169,169,1,0,0,3,30,1,28.000,1,1,3,3,170,1,0,0,91,0,0,171,1,0,2,0,1,1,1,1,1,1,0,0,0,31656,0,0,0,0,0,0,0,0,3
1.978750,278.93,21.924,13.130,332,390,72.000,71,71,18.000,39.000,55.000,157,231,370,160,169,169,169,169,169,169,1,0,0,3,30,1,28.000,1,1,3,3,170,1,0,0,91,0,0,171,1,0,2,0,1,1,1,1,1,1,0,0,0,31660,0,0,0,0,0,0,0,0,3
1.979000,279.04,21.879,13.130,331,389,72.000,71,71,18.000,39.000,55.000,157,231,369,160,168,168,168,168,168,168,1,0,0,3,30,1,28.000,1,1,3,3,170,1,0,0,91,0,0,171,1,0,2,0,1,1,1,1,1,1,0,0,0,31664,0,0,0,0,0,0,0,0,3
1.979250,279.14,21.835,13.130,331,389,72.000,71,71,18.000,39.000,55.000,157,231,369,160,168,168,168,168,168,168,1,0,0,3,30,1,28.000,1,1,3,3,170,1,0,0,91,0,0,171,1,0,2,0,1,1,1,1,1,1,0,0,0,31668,0,0,0,0,0,0,0,0,3
1.979500,279.25,21.790,13.070,330,389,72.000,71,71,18.000,39.000,55.000,157,231,369,160,168,168,168,168,168,168,1,0,0,3,30,1,28.000,1,1,3,3,170,1,0,0,91,0,0,171,1,0,2,0,1,1,1,1,1,1,0,0,0,31672,0,0,0,0,0,0,0,0,3
1.979750,279.36,21.746,13.020,330,389,72.000,71,71,18.000,39.000,55.000,156,231,369,160,168,168,168,168,168,168,1,0,0,3,30,1,28.000,1,1,3,3,170,1,0,0,91,0,0,171,1,0,2,0,1,1,1,1,1,1,0,0,0,31676,0,0,0,0,0,0,0,0,3
1.980000,279.47,21.702,13.020,329,389,72.000,71,71,18.000,39.000,55.000,156,231,369,160,168,168,168,168,168,168,1,0,0,3,30,1,28.000,1,1,3,3,170,1,0,0,91,0,0,171,1,0,2,0,1,1,1,1,1,1,0,0,0,31680,0,0,0,0,0,0,0,0,3
1.980250,279.58,21.657,13.020,329,389,72.000,71,71,18.000,39.000,55.000,156,231,369,160,168,168,168,168,168,168,1,0,0,3,30,1,28.000,1,1,3,3,170,1,0,0,91,0,0,171,1,0,2,0,1,1,1,1,1,1,0,0,0,31684,0,0,0,0,0,0,0,0,3
1.980500,279.68,21.613,12.960,329,389,72.000,71,71,18.000,39.000,55.000,155,231,369,160,168,168,168,168,168,168,1,0,0,3,30,1,28.000,1,1,3,3,170,1,0,0,91,0,0,171,1,0,2,0,1,1,1,1,1,1,0,0,0,31688,0,0,0,0,0,0,0,0,3
1.980750,279.79,21.569,12.960,328,389,72.000,71,71,18.000,39.000,55.000,155,231,369,160,168,168,168,168,168,168,1,0,0,3,30,1,28.000,1,1,3,3,170,1,0,0,91,0,0,171,1,0,2,0,1,1,1,1,1,1,0,0,0,31692,0,0,0,0,0,0,0,0,3
1.981000,279.90,21.525,12.910,328,389,72.000,71,71,18.000,39.000,55.000,155,231,369,160,168,168,168,168,168,168,1,0,0,3,30,1,28.000,1,1,3,3,170,1,0,0,91,0,0,171,1,0,2,0,1,1,1,1,1,1,0,0,0,31696,0,0,0,0,0,0,0,0,3
1.981250,280.01,21.481,12.910,327,389,72.000,71,71,18.000,39.000,55.000,155,231,369,160,168,168,168,168,168,168,1,0,0,3,30,1,28.000,1,1,3,3,170,1,0,0,91,0,0,171,1,0,2,0,1,1,1,1,1,1,0,0,0,31700,0,0,0,0,0,0,0,0,3
1.981500,280.12,21.437,12.850,327,389,72.000,71,71,18.000,39.000,55.000,154,231,369,160,168,168,168,168,168,168,1,0,0,3,30,1,28.000,1,1,3,3,170,1,0,0,91,0,0,171,1,0,2,0,1,1,1,1,1,1,0,0,0,31704,0,0,0,0,0,0,0,0,3
1.981750,280.22,21.394,12.850,326,389,72.000,71,71,18.000,39.000,55.000,154,231,369,160,168,168,168,168,168,168,1,0,0,3,30,1,28.000,1,1,3,3,170,1,0,0,91,0,0,171,1,0,2,0,1,1,1,1,1,1,0,0,0,31708,0,0,0,0,0,0,0,0,3
1.982000,280.33,21.350,12.800,326,389,72.000,71,71,18.000,39.000,55.000,153,231,369,160,168,168,168,168,168,168,1,0,0,3,30,1,28.000,1,1,3,3,170,1,0,0,91,0,0,171,1,0,2,0,1,1,1,1,1,1,0,0,0,31712,0,0,0,0,0,0,0,0,3
1.982250,280.44,21.306,12.800,325,389,72.000,71,71,18.000,39.000,55.000,153,231,369,160,168,168,168,168,168,168,1,0,0,3,30,1,28.000,1,1,3,3,170,1,0,0,91,0,0,171,1,0,2,0,1,1,1,1,1,1,0,0,0,31716,0,0,0,0,0,0,0,0,3
1.982500,280.55,21.263,12.740,325,389,72.000,71,71,18.000,39.000,55.000,153,231,369,160,168,168,168,168,168,168,1,0,0,3,30,1,28.000,1,1,3,3,170,1,0,0,91,0,0,171,1,0,2,0,1,1,1,1,1,1,0,0,0,31720,0,0,0,0,0,0,0,0,3
1.982750,280.66,21.219,12.740,324,389,72.000,71,71,18.000,39.000,55.000,153,231,369,160,168,168,168,168,168,168,1,0,0,3,30,1,28.000,1,1,3,3,170,1,0,0,91,0,0,171,1,0,2,0,1,1,1,1,1,1,0,0,0,31724,0,0,0,0,0,0,0,0,3
1.983000,280.76,21.176,12.690,324,389,72.000,71,71,18.000,39.000,55.000,152,231,369,160,168,168,168,168,168,168,1,0,0,3,30,1,28.000,1,1,3,3,170,1,0,0,91,0,0,171,1,0,2,0,1,1,1,1,1,1,0,0,0,31728,0,0,0,0,0,0,0,0,3
1.983250,280.87,21.132,12.690,323,388,72.000,71,71,18.000,39.000,55.000,152,230,368,160,168,168,168,168,168,168,1,0,0,3,30,1,28.000,1,1,3,3,170,1,0,0,91,0,0,171,1,0,2,0,1,1,1,1,1,1,0,0,0,31732,0,0,0,0,0,0,0,0,3
1.983500,280.98,21.089,12.640,323,388,72.000,71,71,18.000,39.000,55.000,152,230,368,160,168,168,168,168,168,168,1,0,0,3,30,1,28.000,1,1,3,3,170,1,0,0,91,0,0,171,1,0,2,0,1,1,1,1,1,1,0,0,0,31736,0,0,0,0,0,0,0,0,3
1.983750,281.09,21.046,12.640,323,388,72.000,71,71,18.000,39.000,55.000,152,230,368,160,168,168,168,168,168,168,1,0,0,3,30,1,28.000,1,1,3,3,170,1,0,0,91,0,0,171,1,0,2,0,1,1,1,1,1,1,0,0,0,31740,0,0,0,0,0,0,0,0,3
1.984000,281.20,21.003,12.580,322,388,72.000,71,71,18.000,39.000,55.000,151,230,368,160,168,168,168,168,168,168,1,0,0,3,30,1,28.000,1,1,3,3,170,1,0,0,91,0,0,171,1,0,2,0,1,1,1,1,1,1,0,0,0,31744,0,0,0,0,0,0,0,0,3
1.984250,281.30,20.960,12.580,322,388,72.000,71,71,18.000,39.000,55.000,151,230,368,160,168,168,168,168,168,168,1,0,0,3,30,1,28.000,1,1,1,1,171,1,0,0,92,0,0,172,1,0,2,0,1,1,1,1,1,1,0,0,0,31748,0,0,0,0,0,0,0,0,3
1.984500,281.41,20.917,12.530,321,388,72.000,71,71,18.000,39.000,55.000,150,230,368,160,168,168,168,168,168,168,1,0,0,3,30,1,28.000,1,1,1,1,171,1,0,0,92,0,0,172,1,0,2,0,1,1,1,1,1,1,0,0,0,31752,0,0,0,0,0,0,0,0,3
1.984750,281.52,20.874,12.530,321,388,72.000,71,71,18.000,39.000,55.000,150,230,368,160,168,168,168,168,168,168,1,0,0,3,30,1,28.000,1,1,1,1,171,1,0,0,92,0,0,172,1,0,2,0,1,1,1,1,1,1,0,0,0,31756,0,0,0,0,0,0,0,0,3
1.985000,281.63,20.831,12.530,320,388,72.000,71,71,18.000,39.000,55.000,150,230,368,160,168,168,168,168,168,168,1,0,0,3,30,1,28.000,1,1,1,1,171,1,0,0,92,0,0,172,1,0,2,0,1,1,1,1,1,1,0,0,0,31760,0,0,0,0,0,0,0,0,3
1.985250,281.74,20.788,12.470,320,388,72.000,71,71,18.000,39.000,55.000,149,230,368,160,168,168,168,168,168,168,1,0,0,3,30,1,28.000,1,1,1,1,171,1,0,0,92,0,0,172,1,0,2,0,1,1,1,1,1,1,0,0,0,31764,0,0,0,0,0,0,0,0,3
1.985500,281.84,20.746,12.420,319,388,72.000,71,71,18.000,39.000,55.000,149,230,368,160,168,168,168,168,168,168,1,0,0,3,30,1,28.000,1,1,1,1,171,1,0,0,92,0,0,172,1,0,2,0,1,1,1,1,1,1,0,0,0,31768,0,0,0,0,0,0,0,0,3
1.985750,281.95,20.703,12.420,319,388,72.000,71,71,18.000,39.000,55.000,149,230,368,160,168,168,168,168,168,168,1,0,0,3,30,1,28.000,1,1,1,1,171,1,0,0,92,0,0,172,1,0,2,0,1,1,1,1,1,1,0,0,0,31772,0,0,0,0,0,0,0,0,3
1.986000,282.06,20.660,12.360,318,388,72.000,71,71,18.000,39.000,55.000,148,230,368,160,168,168,168,168,168,168,1,0,0,3,30,1,28.000,1,1,1,1,171,1,0,0,92,0,0,172,1,0,2,0,1,1,1,1,1,1,0,0,0,31776,0,0,0,0,0,0,0,0,3
1.986250,282.17,20.618,12.360,318,388,72.000,71,71,18.000,39.000,55.000,148,230,368,160,168,168,168,168,168,168,1,0,0,3,30,1,28.000,1,1,1,1,171,1,0,0,92,0,0,172,1,0,2,0,1,1,1,1,1,1,0,0,0,31780,0,0,0,0,0,0,0,0,3
1.986500,282.28,20.576,12.360,317,388,72.000,71,71,18.000,39.000,55.000,148,230,368,160,168,168,168,168,168,168,1,0,0,3,30,1,28.000,1,1,1,1,171,1,0,0,92,0,0,172,1,0,2,0,1,1,1,1,1,1,0,0,0,31784,0,0,0,0,0,0,0,0,3
1.986750,282.38,20.533,12.310,317,388,72.000,71,71,18.000,39.000,55.000,148,230,368,160,168,168,168,168,168,168,1,0,0,3,30,1,28.000,1,1,1,1,171,1,0,0,92,0,0,172,1,0,2,0,1,1,1,1,1,1,0,0,0,31788,0,0,0,0,0,0,0,0,3
1.987000,282.49,20.491,12.310,317,387,72.000,71,71,18.000,39.000,55.000,148,229,367,160,167,167,167,167,167,167,1,0,0,3,30,1,28.000,1,1,1,1,171,1,0,0,92,0,0,172,1,0,2,0,1,1,1,1,1,1,0,0,0,31792,0,0,0,0,0,0,0,0,3
1.987250,282.60,20.449,12.260,316,387,72.000,71,71,18.000,39.000,55.000,147,229,367,160,167,167,167,167,167,167,1,0,0,3,30,1,28.000,1,1,1,1,171,1,0,0,92,0,0,172,1,0,2,0,1,1,1,1,1,1,0,0,0,31796,0,0,0,0,0,0,0,0,3
1.987500,282.71,20.407,12.260,316,387,72.000,71,71,18.000,39.000,55.000,147,229,367,160,167,167,167,167,167,167,1,0,0,3,30,1,28.000,1,1,1,1,171,1,0,0,92,0,0,172,1,0,2,0,1,1,1,1,1,1,0,0,0,31800,0,0,0,0,0,0,0,0,3
1.987750,282.82,20.365,12.200,315,387,72.000,71,71,18.000,39.000,55.000,146,229,367,160,167,167,167,167,167,167,1,0,0,3,30,1,28.000,1,1,1,1,171,1,0,0,92,0,0,172,1,0,2,0,1,1,1,1,1,1,0,0,0,31804,0,0,0,0,0,0,0,0,3
1.988000,282.92,20.323,12.200,315,387,72.000,71,71,18.000,39.000,55.000,146,229,367,160,167,167,167,167,167,167,1,0,0,3,30,1,28.000,1,1,1,1,171,1,0,0,92,0,0,172,1,0,2,0,1,1,1,1,1,1,0,0,0,31808,0,0,0,0,0,0,0,0,3
1.988250,283.03,20.282,12.150,314,387,72.000,71,71,18.000,39.000,55.000,146,229,367,160,167,167,167,167,167,167,1,0,0,3,30,1,28.000,1,1,1,1,171,1,0,0,92,0,0,172,1,0,2,0,1,1,1,1,1,1,0,0,0,31812,0,0,0,0,0,0,0,0,3
1.988500,283.14,20.240,12.150,314,387,72.000,71,71,18.000,39.000,55.000,146,229,367,160,167,167,167,167,167,167,1,0,0,3,30,1,28.000,1,1,1,1,171,1,0,0,92,0,0,172,1,0,2,0,1,1,1,1,1,1,0,0,0,31816,0,0,0,0,0,0,0,0,3
1.988750,283.25,20.198,12.150,313,387,72.000,71,71,18.000,39.000,55.000,146,229,367,160,167,167,167,167,167,167,1,0,0,3,30,1,28.000,1,1,1,1,171,1,0,0,92,0,0,172,1,0,2,0,1,1,1,1,1,1,0,0,0,31820,0,0,0,0,0,0,0,0,3
1.989000,283.36,20.157,12.090,313,387,72.000,71,71,18.000,39.000,55.000,145,229,367,160,167,167,167,167,167,167,1,0,0,3,30,1,28.000,1,1,1,1,171,1,0,0,92,0,0,172,1,0,2,0,1,1,1,1,1,1,0,0,0,31824,0,0,0,0,0,0,0,0,3
1.989250,283.46,20.115,12.090,312,387,72.000,71,71,18.000,39.000,55.000,145,229,367,160,167,167,167,167,167,167,1,0,0,3,30,1,28.000,1,1,1,1,171,1,0,0,92,0,0,172,1,0,2,0,1,1,1,1,1,1,0,0,0,31828,0,0,0,0,0,0,0,0,3
1.989500,283.57,20.074,12.040,312,387,72.000,71,71,18.000,39.000,55.000,144,229,367,160,167,167,167,167,167,167,1,0,0,3,30,1,28.000,1,1,1,1,171,1,0,0,92,0,0,172,1,0,2,0,1,1,1,1,1,1,0,0,0,31832,0,0,0,0,0,0,0,0,3
1.989750,283.68,20.033,12.040,311,387,72.000,71,71,18.000,39.000,55.000,144,229,367,160,167,167,167,167,167,167,1,0,0,3,30,1,28.000,1,1,1,1,171,1,0,0,92,0,0,172,1,0,2,0,1,1,1,1,1,1,0,0,0,31836,0,0,0,0,0,0,0,0,3
1.990000,283.79,19.992,11.980,311,387,72.000,71,71,18.000,39.000,55.000,144,229,367,160,167,167,167,167,167,167,1,0,0,3,30,1,28.000,1,1,1,1,171,1,0,0,92,0,0,172,1,0,2,0,1,1,1,1,1,1,0,0,0,31840,0,0,0,0,0,0,0,0,3
1.990250,283.90,19.951,11.980,310,387,72.000,71,71,18.000,39.000,55.000,144,229,367,160,167,167,167,167,167,167,1,0,0,3,30,1,28.000,1,1,1,1,171,1,0,0,92,0,0,172,1,0,2,0,1,1,1,1,1,1,0,0,0,31844,0,0,0,0,0,0,0,0,3
1.990500,284.00,19.910,11.930,310,386,72.000,71,71,18.000,39.000,55.000,143,229,366,160,167,167,167,167,167,167,1,0,0,3,30,1,28.000,1,1,1,1,171,1,0,0,92,0,0,172,1,0,2,0,1,1,1,1,1,1,0,0,0,31848,0,0,0,0,0,0,0,0,3
1.990750,284.11,19.869,11.930,310,386,72.000,71,71,18.000,39.000,55.000,143,229,366,160,167,167,167,167,167,167,1,0,0,3,30,1,28.000,1,1,1,1,171,1,0,0,92,0,0,172,1,0,2,0,1,1,1,1,1,1,0,0,0,31852,0,0,0,0,0,0,0,0,3
1.991000,284.22,19.828,11.870,309,386,72.000,71,71,18.000,39.000,55.000,142,229,366,160,167,167,167,167,167,167,1,0,0,3,30,1,28.000,1,1,1,1,171,1,0,0,92,0,0,172,1,0,2,0,1,1,1,1,1,1,0,0,0,31856,0,0,0,0,0,0,0,0,3
1.991250,284.33,19.787,11.870,309,386,72.000,71,71,18.000,39.000,55.000,142,229,366,160,167,167,167,167,167,167,1,0,0,3,30,1,28.000,1,1,1,1,171,1,0,0,92,0,0,172,1,0,2,0,1,1,1,1,1,1,0,0,0,31860,0,0,0,0,0,0,0,0,3
1.991500,284.44,19.747,11.820,308,386,72.000,71,71,18.000,39.000,55.000,142,229,366,160,167,167,167,167,167,167,1,0,0,3,30,1,28.000,1,1,1,1,171,1,0,0,92,0,0,172,1,0,2,0,1,1,1,1,1,1,0,0,0,31864,0,0,0,0,0,0,0,0,3
1.991750,284.54,19.706,11.820,308,386,72.000,71,71,18.000,39.000,55.000,142,229,366,160,167,167,167,167,167,167,1,0,0,3,30,1,28.000,1,1,1,1,171,1,0,0,92,0,0,172,1,0,2,0,1,1,1,1,1,1,0,0,0,31868,0,0,0,0,0,0,0,0,3
1.992000,284.65,19.666,11.820,307,386,72.000,71,71,18.000,39.000,55.000,142,229,366,160,167,167,167,167,167,167,1,0,0,3,30,1,28.000,1,1,1,1,171,1,0,0,92,0,0,172,1,0,2,0,1,1,1,1,1,1,0,0,0,31872,0,0,0,0,0,0,0,0,3
1.992250,284.76,19.626,11.770,307,386,72.000,71,71,18.000,39.000,55.000,141,229,366,160,167,167,167,167,167,167,1,0,0,3,30,1,28.000,1,1,1,1,171,1,0,0,92,0,0,172,1,0,2,0,1,1,1,1,1,1,0,0,0,31876,0,0,0,0,0,0,0,0,3
1.992500,284.87,19.585,11.770,306,386,72.000,71,71,18.000,39.000,55.000,141,229,366,160,167,167,167,167,167,167,1,0,0,3,30,1,28.000,1,1,1,1,171,1,0,0,92,0,0,172,1,0,2,0,1,1,1,1,1,1,0,0,0,31880,0,0,0,0,0,0,0,0,3
1.992750,284.98,19.545,11.710,306,386,72.000,71,71,18.000,39.000,55.000,140,229,366,160,167,167,167,167,167,167,1,0,0,3,30,1,28.000,1,1,1,1,171,1,0,0,92,0,0,172,1,0,2,0,1,1,1,1,1,1,0,0,0,31884,0,0,0,0,0,0,0,0,3
1.993000,285.08,19.505,11.710,305,386,72.000,71,71,18.000,39.000,55.000,140,229,366,160,167,167,167,167,167,167,1,0,0,3,30,1,28.000,1,1,0,0,172,1,0,0,93,0,0,173,1,0,2,0,1,1,1,1,1,1,0,0,0,31888,0,0,0,0,0,0,0,0,3
1.993250,285.19,19.465,11.660,305,386,72.000,71,71,18.000,39.000,55.000,140,229,366,160,167,167,167,167,167,167,1,0,0,3,30,1,28.000,1,1,0,0,172,1,0,0,93,0,0,173,1,0,2,0,1,1,1,1,1,1,0,0,0,31892,0,0,0,0,0,0,0,0,3
1.993500,285.30,19.425,11.660,304,386,72.000,71,71,18.000,39.000,55.000,140,229,366,160,167,167,167,167,167,167,1,0,0,3,30,1,28.000,1,1,0,0,172,1,0,0,93,0,0,173,1,0,2,0,1,1,1,1,1,1,0,0,0,31896,0,0,0,0,0,0,0,0,3
1.993750,285.41,19.386,11.660,304,385,72.000,71,71,18.000,39.000,55.000,140,228,365,160,166,166,166,166,166,166,1,0,0,3,30,1,28.000,1,1,0,0,172,1,0,0,93,0,0,173,1,0,2,0,1,1,1,1,1,1,0,0,0,31900,0,0,0,0,0,0,0,0,3
1.994000,285.52,19.346,11.600,304,385,72.000,71,71,18.000,39.000,55.000,139,228,365,160,166,166,166,166,166,166,1,0,0,3,30,1,28.000,1,1,0,0,172,1,0,0,93,0,0,173,1,0,2,0,1,1,1,1,1,1,0,0,0,31904,0,0,0,0,0,0,0,0,3
1.994250,285.62,19.307,11.600,303,385,72.000,71,71,18.000,39.000,55.000,139,228,365,160,166,166,166,166,166,166,1,0,0,3,30,1,28.000,1,1,0,0,172,1,0,0,93,0,0,173,1,0,2,0,1,1,1,1,1,1,0,0,0,31908,0,0,0,0,0,0,0,0,3
1.994500,285.73,19.267,11.550,303,385,72.000,71,71,18.000,39.000,55.000,138,228,365,160,166,166,166,166,166,166,1,0,0,3,30,1,28.000,1,1,0,0,172,1,0,0,93,0,0,173,1,0,2,0,1,1,1,1,1,1,0,0,0,31912,0,0,0,0,0,0,0,0,3
1.994750,285.84,19.228,11.550,302,385,72.000,71,71,18.000,39.000,55.000,138,228,365,160,166,166,166,166,166,166,1,0,0,3,30,1,28.000,1,1,0,0,172,1,0,0,93,0,0,173,1,0,2,0,1,1,1,1,1,1,0,0,0,31916,0,0,0,0,0,0,0,0,3
1.995000,285.95,19.189,11.490,302,385,72.000,71,71,18.000,39.000,55.000,138,228,365,160,166,166,166,166,166,166,1,0,0,3,30,1,28.000,1,1,0,0,172,1,0,0,93,0,0,173,1,0,2,0,1,1,1,1,1,1,0,0,0,31920,0,0,0,0,0,0,0,0,3
1.995250,286.06,19.150,11.490,301,385,72.000,71,71,18.000,39.000,55.000,138,228,365,160,166,166,166,166,166,166,1,0,0,3,30,1,28.000,1,1,0,0,172,1,0,0,93,0,0,173,1,0,2,0,1,1,1,1,1,1,0,0,0,31924,0,0,0,0,0,0,0,0,3
1.995500,286.16,19.111,11.440,301,385,72.000,71,71,18.000,39.000,55.000,137,228,365,160,166,166,166,166,166,166,1,0,0,3,30,1,28.000,1,1,0,0,172,1,0,0,93,0,0,173,1,0,2,0,1,1,1,1,1,1,0,0,0,31928,0,0,0,0,0,0,0,0,3
1.995750,286.27,19.072,11.440,300,385,72.000,71,71,18.000,39.000,55.000,137,228,365,160,166,166,166,166,166,166,1,0,0,3,30,1,28.000,1,1,0,0,172,1,0,0,93,0,0,173,1,0,2,0,1,1,1,1,1,1,0,0,0,31932,0,0,0,0,0,0,0,0,3
1.996000,286.38,19.033,11.440,300,385,72.000,71,71,18.000,39.000,55.000,137,228,365,160,166,166,166,166,166,166,1,0,0,3,30,1,28.000,1,1,0,0,172,1,0,0,93,0,0,173,1,0,2,0,1,1,1,1,1,1,0,0,0,31936,0,0,0,0,0,0,0,0,3
1.996250,286.49,18.994,11.380,299,385,72.000,71,71,18.000,39.000,55.000,136,228,365,160,166,166,166,166,166,166,1,0,0,3,30,1,28.000,1,1,0,0,172,1,0,0,93,0,0,173,1,0,2,0,1,1,1,1,1,1,0,0,0,31940,0,0,0,0,0,0,0,0,3
1.996500,286.60,18.955,11.380,299,385,72.000,71,71,18.000,39.000,55.000,136,228,365,160,166,166,166,166,166,166,1,0,0,3,30,1,28.000,1,1,0,0,172,1,0,0,93,0,0,173,1,0,2,0,1,1,1,1,1,1,0,0,0,31944,0,0,0,0,0,0,0,0,3
1.996750,286.70,18.917,11.330,298,384,72.000,71,71,18.000,39.000,55.000,136,227,364,160,166,166,166,166,166,166,1,0,0,3,30,1,28.000,1,1,0,0,172,1,0,0,93,0,0,173,1,0,2,0,1,1,1,1,1,1,0,0,0,31948,0,0,0,0,0,0,0,0,3
1.997000,286.81,18.879,11.330,298,384,72.000,71,71,18.000,39.000,55.000,136,227,364,160,166,166,166,166,166,166,1,0,0,3,30,1,28.000,1,1,0,0,172,1,0,0,93,0,0,173,1,0,2,0,1,1,1,1,1,1,0,0,0,31952,0,0,0,0,0,0,0,0,3
1.997250,286.92,18.840,11.280,298,384,72.000,71,71,18.000,39.000,55.000,135,227,364,160,166,166,166,166,166,166,1,0,0,3,30,1,28.000,1,1,0,0,172,1,0,0,93,0,0,173,1,0,2,0,1,1,1,1,1,1,0,0,0,31956,0,0,0,0,0,0,0,0,3
1.997500,287.03,18.802,11.280,297,384,72.000,71,71,18.000,39.000,55.000,135,227,364,160,166,166,166,166,166,166,1,0,0,3,30,1,28.000,1,1,0,0,172,1,0,0,93,0,0,173,1,0,2,0,1,1,1,1,1,1,0,0,0,31960,0,0,0,0,0,0,0,0,3
1.997750,287.14,18.764,11.280,297,384,72.000,71,71,18.000,39.000,55.000,135,227,364,160,166,166,166,166,166,166,1,0,0,3,30,1,28.000,1,1,0,0,172,1,0,0,93,0,0,173,1,0,2,0,1,1,1,1,1,1,0,0,0,31964,0,0,0,0,0,0,0,0,3
1.998000,287.24,18.726,11.220,296,384,72.000,71,71,18.000,39.000,55.000,134,227,364,160,166,166,166,166,166,166,1,0,0,3,30,1,28.000,1,1,0,0,172,1,0,0,93,0,0,173,1,0,2,0,1,1,1,1,1,1,0,0,0,31968,0,0,0,0,0,0,0,0,3
1.998250,287.35,18.688,11.220,296,384,72.000,71,71,18.000,39.000,55.000,134,227,364,160,166,166,166,166,166,166,1,0,0,3,30,1,28.000,1,1,0,0,172,1,0,0,93,0,0,173,1,0,2,0,1,1,1,1,1,1,0,0,0,31972,0,0,0,0,0,0,0,0,3
1.998500,287.46,18.651,11.170,295,384,72.000,71,71,18.000,39.000,55.000,134,227,364,160,166,166,166,166,166,166,1,0,0,3,30,1,28.000,1,1,0,0,172,1,0,0,93,0,0,173,1,0,2,0,1,1,1,1,1,1,0,0,0,31976,0,0,0,0,0,0,0,0,3
1.998750,287.57,18.613,11.170,295,384,72.000,71,71,18.000,39.000,55.000,134,227,364,160,166,166,166,166,166,166,1,0,0,3,30,1,28.000,1,1,0,0,172,1,0,0,93,0,0,173,1,0,2,0,1,1,1,1,1,1,0,0,0,31980,0,0,0,0,0,0,0,0,3
1.999000,287.68,18.575,11.110,294,384,72.000,71,71,18.000,39.000,55.000,133,227,364,160,166,166,166,166,166,166,1,0,0,3,30,1,28.000,1,1,0,0,172,1,0,0,93,0,0,173,1,0,2,0,1,1,1,1,1,1,0,0,0,31984,0,0,0,0,0,0,0,0,3
1.999250,287.78,18.538,11.110,294,384,72.000,71,71,18.000,39.000,55.000,133,227,364,160,166,166,166,166,166,166,1,0,0,3,30,1,28.000,1,1,0,0,172,1,0,0,93,0,0,173,1,0,2,0,1,1,1,1,1,1,0,0,0,31988,0,0,0,0,0,0,0,0,3
1.999500,287.89,18.501,11.110,293,384,72.000,71,71,18.000,39.000,55.000,133,227,364,160,166,166,166,166,166,166,1,0,0,3,30,1,28.000,1,1,0,0,172,1,0,0,93,0,0,173,1,0,2,0,1,1,1,1,1,1,0,0,0,31992,0,0,0,0,0,0,0,0,3
1.999750,288.00,18.464,11.060,293,383,72.000,71,71,18.000,39.000,55.000,133,227,363,160,165,165,165,165,165,165,1,0,0,3,30,1,28.000,1,1,0,0,172,1,0,0,93,0,0,173,1,0,2,0,1,1,1,1,1,1,0,0,0,31996,0,0,0,0,0,0,0,0,3
2.000000,288.11,18.426,11.060,293,383,72.000,71,71,18.000,39.000,55.000,133,227,363,160,165,165,165,165,165,165,1,0,0,3,30,1,28.000,1,1,0,0,172,1,0,0,93,0,0,173,1,0,2,0,1,1,1,1,1,1,0,0,0,32000,0,0,0,0,0,0,0,0,3
